T,R,D,K
0.039999999999992,1.21825177041879,-0.2297842196477477,-0.9248359345831284
0.0499999999999829,1.21595859867687,-0.2288497374888343,-0.9328490408200995
0.0599999999999739,1.21367478344979,-0.22791292066624375,-0.940347439521974
0.0699999999999932,1.21140034798705,-0.22697378713650113,-0.9485696695373994
0.0799999999999841,1.20913531538018,-0.22603235168975333,-0.9568025857875692
0.089999999999975,1.20687970857637,-0.22508862943084001,-0.9653178384382249
0.0999999999999943,1.20463355036712,-0.22414263453349367,-0.9741407049395737
0.109999999999985,1.20239686341427,-0.22319438045815265,-0.9821564543554381
0.119999999999976,1.2001696702274,-0.22224388565549869,-0.9905211542619855
0.129999999999995,1.19795199311359,-0.22129116745741584,-0.9995382566075681
0.139999999999986,1.19574385424034,-0.22033624042766542,-1.0081528528699906
0.149999999999977,1.19354527561268,-0.21937912152508549,-1.0176937345462727
0.159999999999997,1.19135627907144,-0.21841982378600172,-1.0268778875101447
0.169999999999987,1.1891768863454,-0.21745836295483287,-1.03531136902093
0.179999999999978,1.18700711895642,-0.2164947593483328,-1.044696493975666
0.189999999999998,1.1848469982471,-0.2155290292254845,-1.0542605958684348
0.199999999999989,1.18269654540684,-0.2145611884788179,-1.063520457248863
0.20999999999998,1.18055578145582,-0.21359125486518638,-1.0741823543347346
0.219999999999999,1.17842472724364,-0.21261924020293071,-1.08364791734916
0.22999999999999,1.17630340352532,-0.21164516309840992,-1.0926544670489342
0.239999999999981,1.17419183078719,-0.21066904515192517,-1.1032945885886596
0.25,1.17209002937603,-0.20969090079156855,-1.1133550085610096
0.259999999999991,1.16999801946755,-0.20871074763133363,-1.1236355364035642
0.269999999999982,1.16791582106319,-0.2077286028998408,-1.134861975529749
0.279999999999973,1.16584345400023,-0.20674448025324588,-1.145030325276746
0.289999999999992,1.16378093798545,-0.20575839927334622,-1.1551557281943663
0.299999999999983,1.16172829247602,-0.20477038051941085,-1.166553575001764
0.309999999999974,1.15968553678231,-0.20378043932982778,-1.1774346294222182
0.319999999999993,1.15765269003744,-0.2027885939091608,-1.1888326711482406
0.329999999999984,1.15562977119639,-0.2017948608781739,-1.2006312768729752
0.339999999999975,1.15361679905776,-0.20079925595283082,-1.2116687237059323
0.349999999999994,1.15161379225025,-0.19980179923190974,-1.2230679031572624
0.359999999999985,1.14962076918266,-0.19880250997809473,-1.235231525632979
0.369999999999976,1.14763774810342,-0.19780140473167895,-1.2470752077940241
0.379999999999995,1.14566474708049,-0.19679850202290833,-1.2597016134468362
0.389999999999986,1.14370178400069,-0.19579381779391558,-1.2722073550173092
0.399999999999977,1.14174887660357,-0.19478736949207764,-1.2842001843663378
0.409999999999997,1.13980604242333,-0.19377917772883485,-1.2969697708983072
0.419999999999987,1.13787329880066,-0.19276926055634322,-1.3100318257553047
0.429999999999978,1.13595066290487,-0.19175763548473318,-1.3229465011725177
0.439999999999998,1.13403815172265,-0.19074432129382868,-1.3369493219881068
0.449999999999989,1.13213578205742,-0.18972933309625203,-1.3502612606523035
0.45999999999998,1.13024357057632,-0.18871268997233498,-1.3633155312616096
0.469999999999999,1.12836153370578,-0.1876944130015009,-1.3776120484421754
0.47999999999999,1.12648968770621,-0.1866745189058346,-1.391664028139955
0.489999999999981,1.12462804865672,-0.1856530261274303,-1.4059430571714169
0.5,1.12277663245254,-0.18462995297498694,-1.421156025513657
0.509999999999991,1.12093545481171,-0.18360531494282148,-1.4355452303918954
0.519999999999982,1.11910453130313,-0.18257913197734696,-1.4499833472428942
0.529999999999973,1.11728387725458,-0.18155142476091551,-1.4656477336671945
0.539999999999992,1.11547350783278,-0.18052220988807877,-1.481001905061467
0.549999999999983,1.11367343802022,-0.17949150600950112,-1.4965432056031658
0.559999999999974,1.11188368261482,-0.17845933186192062,-1.5133040227750931
0.569999999999993,1.11010425623204,-0.17742570241249256,-1.5291174669478937
0.579999999999984,1.10833517335077,-0.1763906375260027,-1.5448272825146085
0.589999999999975,1.10657644819732,-0.17535415846999247,-1.5620515725804427
0.599999999999994,1.10482809484018,-0.17431628155000584,-1.578889129005851
0.609999999999985,1.10309012716372,-0.17327702540683537,-1.5959212783427492
0.619999999999976,1.10136255886797,-0.1722364088674951,-1.6141617074201946
0.629999999999995,1.09964540346846,-0.17119444722526098,-1.6316777893543208
0.639999999999986,1.0979386743422,-0.17015115973633516,-1.6489913524332842
0.649999999999977,1.09624238462459,-0.16910656749357655,-1.6677477176357853
0.659999999999997,1.09455654728537,-0.16806068718998962,-1.6862983936045888
0.669999999999987,1.09288117511305,-0.16701353718983625,-1.7050563633808478
0.679999999999978,1.09121628071268,-0.1659651361260913,-1.7247766328866663
0.689999999999998,1.08956187650585,-0.16491550019291923,-1.7442290822002695
0.699999999999989,1.0879179747629,-0.1638646478014853,-1.7634680692978602
0.70999999999998,1.08628458753796,-0.16281259929400438,-1.7838021954227752
0.719999999999999,1.08466172670574,-0.16175937214841601,-1.8042898660693487
0.72999999999999,1.08304940396385,-0.16070498430390545,-1.8249468448811108
0.739999999999981,1.08144763082783,-0.159649454191844,-1.8463904647211609
0.75,1.07985641863115,-0.15859279860908626,-1.8679137399454586
0.759999999999991,1.07827577854716,-0.15753503534473765,-1.8892487207497863
0.769999999999982,1.07670572155158,-0.1564761840808393,-1.9114244655165855
0.779999999999973,1.07514625843264,-0.15541626274684178,-1.9340173596274344
0.789999999999992,1.07359739980469,-0.15435528894566417,-1.9567700433411266
0.799999999999983,1.07205915610166,-0.15329328089241923,-1.9802040007201218
0.809999999999974,1.07053153757722,-0.15223025568974297,-2.0039717911909514
0.819999999999993,1.06901455431997,-0.15116623063125,-2.027573796596689
0.829999999999984,1.06750821623394,-0.15010122488383626,-2.051856458405329
0.839999999999975,1.06601253303117,-0.14903525658649758,-2.0767583205190174
0.849999999999994,1.06452751425288,-0.14796834302699588,-2.1018241969934297
0.859999999999985,1.06305316926187,-0.14690050218417738,-2.1275043926943464
0.869999999999976,1.06158950724278,-0.14583175129683398,-2.1537221151392174
0.879999999999995,1.06013653721247,-0.14476210722932187,-2.1798034388239826
0.889999999999986,1.0586942680133,-0.14369158868492438,-2.206456020447053
0.899999999999977,1.05726270829355,-0.14262021385724744,-2.2338926505687993
0.909999999999997,1.05584186653361,-0.14154799972724286,-2.2615078872472543
0.919999999999987,1.05443175103782,-0.1404749640157595,-2.289704007851738
0.929999999999978,1.05303236993473,-0.13940112395241883,-2.3186146234884504
0.939999999999998,1.0516437311844,-0.13832649597049404,-2.3473798831935655
0.949999999999989,1.05026584258054,-0.13725109844083447,-2.3766600208856
0.95999999999998,1.04889871172076,-0.13617494954633047,-2.406893213647184
0.969999999999999,1.04754234603851,-0.13509806590733903,-2.437323515985988
0.97999999999999,1.04619675279372,-0.1340204649420862,-2.46822834069108
0.989999999999981,1.0448619390731,-0.13294216406708656,-2.4999571047126983
1.0,1.04353791179053,-0.13186317965691402,-2.531956366251195
1.00999999999999,1.04222467770104,-0.13078352881606786,-2.5641648974612803
1.01999999999998,1.04092224337607,-0.12970322954699576,-2.5972577060036413
1.02999999999997,1.03963061521535,-0.12862229871616893,-2.630835326143173
1.03999999999999,1.03834979945065,-0.12754075321641153,-2.6649205245327896
1.04999999999998,1.03707980214362,-0.12645860997151,-2.6996573620578075
1.05999999999997,1.0358206291882,-0.12537588557126428,-2.734756283457172
1.06999999999999,1.03457228631233,-0.12429259713582405,-2.770413729426019
1.07999999999998,1.03333477906888,-0.12320876174299149,-2.8067930116500825
1.08999999999997,1.03210811284536,-0.12212439596775797,-2.8436451581334268
1.09999999999999,1.0308922928616,-0.12103951660224674,-2.8811710599410882
1.10999999999999,1.02968732417022,-0.11995414014691434,-2.9192149966723995
1.11999999999998,1.02849321166003,-0.1188682832707492,-2.9578054002087044
1.13,1.02730996005043,-0.1177819627438311,-2.997091387005457
1.13999999999999,1.02613757389577,-0.11669519503409258,-3.0369526345844435
1.14999999999998,1.0249760575854,-0.11560799664926218,-3.0774659773171074
1.16,1.02382541534388,-0.11452038395298922,-3.11864835781154
1.16999999999999,1.02268565123322,-0.11343237315841934,-3.1603422763105433
1.17999999999998,1.02155676915269,-0.11234398078384111,-3.202699136751547
1.19,1.02043877283489,-0.11125522324198871,-3.245790007031422
1.19999999999999,1.0193316658513,-0.11016611665999691,-3.2894562631136948
1.20999999999998,1.01823545161114,-0.10907667730051067,-3.3339644827497206
1.22,1.01715013336189,-0.10798692090883504,-3.37896221853645
1.22999999999999,1.01607571419567,-0.10689686368799782,-3.424560577266884
1.23999999999998,1.0150121970366,-0.10580652199699836,-3.4710459696540292
1.25,1.01395958465138,-0.10471591159766,-3.518113841827783
1.25999999999999,1.01291787964721,-0.1036250484541664,-3.565936840307277
1.26999999999998,1.01188708447227,-0.10253394832683282,-3.614469902447267
1.27999999999997,1.01086720141822,-0.10144262691017167,-3.663605712311281
1.28999999999999,1.00985823261868,-0.10035110012934223,-3.713493183830178
1.29999999999998,1.00886018004771,-0.09925938375291803,-3.764150481090226
1.30999999999997,1.00787304552371,-0.09816749335016714,-3.8154850129101425
1.31999999999999,1.00689683070881,-0.09707544453925558,-3.8676028521841497
1.32999999999998,1.0059315371095,-0.09598325274482641,-3.9203882729041055
1.33999999999997,1.00497716607874,-0.09489093350458408,-3.9738861811722783
1.34999999999999,1.00403371881253,-0.09379850235625709,-4.0281933877081855
1.35999999999999,1.0031011963536,-0.0927059746139954,-4.083038206571066
1.36999999999998,1.00217959959113,-0.09161336589450324,-4.139626781114106
1.38,1.00126892926122,-0.0905206892188056,-4.1961357752557555
1.38999999999999,1.00036918598083,-0.08942795989461313,-4.252018785897051
1.39999999999998,0.999480370177456,-0.08833519675344552,-4.310058351717421
1.41,0.998602482108371,-0.08724241495774443,-4.369068824454145
1.41999999999999,0.997735521891962,-0.08614962893109812,-4.427639346213048
1.42999999999998,0.996879489491808,-0.0850568554360646,-4.491104964911931
1.44,0.996034384716684,-0.08396410080453535,-4.552068316278357
1.44999999999999,0.995200207358475,-0.08287138011836004,-4.609818826389792
1.45999999999998,0.994376956921842,-0.08177871857420749,-4.673195221606629
1.47,0.993564632747275,-0.08068612904660599,-4.73694535183505
1.47999999999999,0.992763234055989,-0.07959362472304463,-4.799564881454106
1.48999999999998,0.991972759917243,-0.07850122265492995,-4.868961420351135
1.5,0.991193209248351,-0.07740892504505548,-4.9330931344122595
1.50999999999999,0.990424581004762,-0.07631674975654054,-4.9942086620322215
1.51999999999998,0.989666873761548,-0.07522472406900164,-5.063353704176141
1.52999999999997,0.988920085993604,-0.07413285691095414,-5.130792301276592
1.53999999999999,0.988184216047367,-0.0730411623731525,-5.197498736365898
1.54999999999998,0.987459262120628,-0.07194965737102507,-5.2721657105825726
1.55999999999997,0.986745222262518,-0.07085834098767933,-5.339056548362747
1.56999999999999,0.986042094599336,-0.0697672341883504,-5.403772955568755
1.57999999999998,0.985349876795553,-0.06867636499694926,-5.4782954399758355
1.58999999999997,0.984668566487509,-0.06758573839551289,-5.5487622417454245
1.59999999999999,0.983998161167536,-0.06649536996865454,-5.619975030216288
1.60999999999999,0.983338658182662,-0.06540527464271215,-5.697392592350742
1.61999999999998,0.982690054753015,-0.06431545340591927,-5.7676555937539105
1.63,0.982052348128466,-0.06322592745581594,-5.836814803206195
1.63999999999999,0.981425535142678,-0.06213672215588014,-5.914190239844108
1.64999999999998,0.980809612594665,-0.06104784316537752,-5.98780522351468
1.66,0.980204577141313,-0.05995930591217817,-6.062754000462429
1.66999999999999,0.979610425297391,-0.058871123388393176,-6.142130887842858
1.67999999999998,0.979027153473947,-0.057783298542653704,-6.215039798648092
1.69,0.978454758062344,-0.05669585274793258,-6.287812236444655
1.69999999999999,0.977893235086056,-0.05560880874008375,-6.367072107903794
1.70999999999998,0.977342580524015,-0.054522173003077046,-6.442882804491289
1.72,0.976802790216125,-0.05343596083615214,-6.5207700733500245
1.72999999999999,0.976273859863266,-0.052350182504725305,-6.60161897530133
1.73999999999998,0.975755785100402,-0.051264841384658186,-6.675232235439028
1.75,0.975248561498797,-0.05017996156402953,-6.750027772698883
1.75999999999999,0.974752184266532,-0.049095564410609846,-6.830537348141917
1.76999999999998,0.97426664857999,-0.04801165556366135,-6.907651765041708
1.77999999999997,0.973791949479219,-0.04692824952870952,-6.984301681095632
1.78999999999999,0.973328081867932,-0.045845361789988624,-7.0667223512095525
1.79999999999998,0.972875040513513,-0.044762991122142735,-7.1440950015809666
1.80999999999997,0.972432820269141,-0.043681151406912054,-7.215946341050354
1.81999999999999,0.972001415623549,-0.04259987263182571,-7.294851181266342
1.82999999999998,0.971580820917049,-0.04151916382220122,-7.372796511069693
1.83999999999997,0.971171030412596,-0.04043903490190681,-7.449098580045288
1.84999999999999,0.970772038240181,-0.03935949999221885,-7.525193987163854
1.85999999999999,0.970383838396834,-0.038280571791752635,-7.607022402354965
1.86999999999998,0.970006424790019,-0.037202244137635176,-7.678800063176686
1.88,0.96963979142631,-0.036124542322059826,-7.749043815769672
1.88999999999999,0.969283931772505,-0.035047495248399785,-7.827664066345786
1.89999999999998,0.96893883933537,-0.03397110255529875,-7.900722115062006
1.91,0.968604507492307,-0.03289537858980156,-7.973208750474409
1.91999999999999,0.968280929491361,-0.03182033766525779,-8.048020383417972
1.92999999999998,0.96796809845121,-0.03074598244016402,-8.12105450352947
1.94,0.967666007526425,-0.0296723194652182,-8.187539441920558
1.94999999999999,0.967374649665638,-0.02859937682891389,-8.256670967135939
1.95999999999998,0.967094017542611,-0.027527169604881406,-8.326939715655598
1.97,0.966824103800168,-0.026455703601292273,-8.394081688333854
1.97999999999999,0.966564900955251,-0.025384992197953947,-8.459494524829573
1.98999999999998,0.966316401398913,-0.02431505048998972,-8.529110641634029
2.0,0.966078597396325,-0.023245869937321695,-8.590839659635275
2.00999999999999,0.965851481387558,-0.022177472006207344,-8.649287627749255
2.01999999999998,0.96563504525689,-0.021109887523676485,-8.713206140552051
2.02999999999997,0.965429280924178,-0.020043115595247407,-8.772238895325277
2.03999999999999,0.965234180192126,-0.018977169479446797,-8.82989691800778
2.04999999999998,0.965049734740876,-0.01791206231039899,-8.886860911698086
2.05999999999997,0.964875936128007,-0.016847801042398546,-8.943163409479483
2.06999999999999,0.964712775888474,-0.015784386337526955,-8.99385627882504
2.07999999999998,0.964560245497998,-0.014721843112229054,-9.043668628906062
2.08999999999997,0.964418336061307,-0.013660191461139134,-9.09415390108479
2.09999999999999,0.964287038684138,-0.01259943419863463,-9.14106279819297
2.10999999999999,0.964166344352931,-0.011539584257073503,-9.185738740288809
2.11999999999998,0.964056243934826,-0.010480656510260719,-9.23121106333287
2.13,0.96395672817766,-0.009422638572114303,-9.271455913879796
2.13999999999999,0.963867788063201,-0.008365548170381303,-9.307799827995225
2.14999999999998,0.963789414008584,-0.007309423823217051,-9.345581098734721
2.16,0.963721596362664,-0.006254266292482491,-9.380169552576538
2.16999999999999,0.96366432543215,-0.0052000833138323346,-9.412168195461595
2.17999999999998,0.963617591406827,-0.004146887203291631,-9.441912098130466
2.19,0.963581384359548,-0.00309468965362103,-9.46926441993469
2.19999999999999,0.963555694246243,-0.0020435033333321417,-9.494306884708367
2.20999999999998,0.963540510905912,-0.0009933367840220253,-9.516919104672123
2.22,0.963535824177739,5.583853466920956e-05,-9.536620720808607
2.22999999999999,0.963541624225599,0.0011039787871693538,-9.554306096099419
2.23999999999998,0.963557900179579,0.0021510391966313622,-9.569189410980753
2.25,0.963584641466172,0.0031970400111306736,-9.581733552815509
2.25999999999999,0.963621837398727,0.004241966503255405,-9.591689385839818
2.26999999999998,0.963669477177447,0.005285807358355414,-9.5990789753637
2.27999999999997,0.963727549889389,0.006328551261968371,-9.604394437044354
2.28999999999999,0.963796044508466,0.007370183086413684,-9.604363067270743
2.29999999999998,0.963874949895443,0.008410720839001814,-9.602585126435756
2.30999999999997,0.963964255255509,0.009450164386436607,-9.603658190143358
2.31999999999999,0.964063949365053,0.0104884575997601,-9.598434212016677
2.32999999999998,0.964174020538974,0.01152558731463138,-9.588453763088742
2.33999999999997,0.964294457251192,0.012561561214928981,-9.578239513254623
2.34999999999999,0.964425247866865,0.013596366192892655,-9.565119728315313
2.35999999999999,0.964566380642389,0.014629991372596315,-9.549443373168701
2.36999999999998,0.964717843725403,0.01566242587820362,-9.533248333385652
2.38,0.964879625154785,0.01669365216609061,-9.502166874518617
2.38999999999999,0.965051712860649,0.017723716367881726,-9.484301845283365
2.39999999999998,0.965234095464425,0.018752577891851623,-9.468395625614367
2.41,0.965426760238377,0.019780174865334975,-9.432639738589298
2.41999999999999,0.965629694829587,0.020806536190035956,-9.403617043770495
2.42999999999998,0.965842886798105,0.021831648438808138,-9.371239107618559
2.44,0.966066323599445,0.02285550101214969,-9.336614287299403
2.44999999999999,0.966299992584584,0.02387808345626352,-9.30061950378449
2.45999999999998,0.966543880999961,0.0248993832543426,-9.258836363125717
2.47,0.966797975987482,0.025919403283738984,-9.209889176062012
2.47999999999999,0.967062264832108,0.02693816090761451,-9.176474836233563
2.48999999999998,0.967336734847711,0.027955609370273565,-9.136784609185156
2.5,0.96762137257288,0.028971718220704067,-9.082353482024669
2.50999999999999,0.967916164789225,0.02998650306481887,-9.034795746509015
2.51999999999998,0.968221098177736,0.03099995097688065,-8.984101141954795
2.52999999999997,0.968536159318782,0.03201205189476142,-8.931631535792855
2.53999999999999,0.96886133469211,0.03302279575623328,-8.879964502614285
2.54999999999998,0.969196610676845,0.034032168018897455,-8.811807359130823
2.55999999999997,0.969541973551492,0.03504019533463095,-8.756392159872034
2.56999999999999,0.96989741003157,0.03604686136416402,-8.712040451582869
2.57999999999998,0.970262906089754,0.03705211416104859,-8.646207015059323
2.58999999999997,0.970638447619241,0.03805595843758466,-8.582240979491138
2.59999999999999,0.971024020553534,0.03905839236540328,-8.520009087108662
2.60999999999999,0.9714196107293,0.04005940511850603,-8.455912346654033
2.61999999999998,0.971825203886378,0.04105898701384688,-8.391245658727055
2.63,0.972240785667773,0.042057127225358926,-8.32567115584749
2.63999999999999,0.972666341619656,0.043053818546931466,-8.233900070687397
2.64999999999998,0.973101857328481,0.044049109428132935,-8.184992394551896
2.66,0.97354731894641,0.04504294203293291,-8.135479164267059
2.66999999999999,0.974002711150429,0.04603525751348536,-8.044609437027399
2.67999999999998,0.974468019151288,0.04702609460669749,-7.977276289906903
2.69,0.974943228065887,0.048015438697111376,-7.90561708169716
2.69999999999999,0.97542832291727,0.04900328039941042,-7.833476255097106
2.70999999999998,0.975923288634632,0.049989610328843304,-7.7607644981882515
2.72,0.976428110053319,0.05097441909990101,-7.687299522084141
2.72999999999999,0.976942771914818,0.05195769732733446,-7.618920785243628
2.73999999999998,0.977467258866771,0.052939428127542675,-7.5176527455613025
2.75,0.978001555462968,0.05391966218415793,-7.441340709070907
2.75999999999999,0.978545647063213,0.054898392314225074,-7.404528862033543
2.76999999999998,0.979099518024255,0.05587552590356667,-7.322172134818897
2.77999999999997,0.97966315227936,0.056851066132962425,-7.234944616193063
2.78999999999999,0.980236534083716,0.05782503083191319,-7.161899303862358
2.79999999999998,0.980819647602946,0.058797407615198326,-7.086227325815404
2.80999999999997,0.981412476913114,0.05976818752673567,-7.010626178620709
2.81999999999999,0.98201500600072,0.06073736161001005,-6.934972173194342
2.82999999999998,0.982627218762699,0.06170492090866638,-6.86030637500129
2.83999999999997,0.983249099006425,0.062670854807656,-6.786944767454237
2.84999999999999,0.983880630449714,0.06363515676311253,-6.663060601059456
2.85999999999999,0.984521796919921,0.06459791249105544,-6.625505864985634
2.86999999999998,0.985172583259094,0.06555903681932282,-6.589268783266625
2.88,0.985832971982538,0.06651844033401337,-6.473737515509797
2.88999999999999,0.986502946532331,0.0674761922456237,-6.405832244603202
2.89999999999998,0.987182490265735,0.06843227564268066,-6.331197275554316
2.91,0.987871586455195,0.06938668204288605,-6.2571931436446535
2.91999999999999,0.988570218288329,0.07033940296388616,-6.183558965512389
2.92999999999998,0.989278368867937,0.07129042992425894,-6.110041220172598
2.94,0.989996021212004,0.07223975444155077,-6.043421098018299
2.94999999999999,0.990723158253684,0.07318736017871882,-5.93957943587471
2.95999999999998,0.991459762841319,0.07413330127590823,-5.864451446050689
2.97,0.99220581868101,0.07507757414287516,-5.83785033522643
2.97999999999999,0.992961308477503,0.07602008152911659,-5.75943329298604
2.98999999999998,0.993726214446011,0.07696082583011263,-5.674183681045535
3.0,0.994500519177833,0.07789982905199444,-5.607160800600956
3.00999999999999,0.995284205184037,0.0788370793696804,-5.5376236092429165
3.01999999999998,0.996077254895472,0.07977256876103382,-5.4688118364029785
3.02999999999997,0.996879650662762,0.08070628920371636,-5.400557684305888
3.03999999999999,0.997691374756308,0.08163823267480867,-5.333675071363554
3.04999999999998,0.998512409366278,0.08256838981308134,-5.2693992015829725
3.05999999999997,0.999342736602624,0.08349675339169582,-5.157238494653964
3.06999999999999,1.00018233865572,0.0844234017421323,-5.126319709523019
3.07999999999998,1.00103119866484,0.0853482592320339,-5.097955753358505
3.08999999999997,1.00188929765495,0.08627124411258644,-4.995552574276651
3.09999999999999,1.00275661748862,0.08719241906524808,-4.938016290834133
3.10999999999999,1.00363313995245,0.0881117688765106,-4.874624553387406
3.11999999999998,1.00451884675701,0.08902928594540782,-4.812194786029256
3.13,1.00541371953689,0.0899449626739953,-4.750465628397038
3.13999999999999,1.00631773985069,0.0908587914626724,-4.689194259285598
3.14999999999998,1.00723088918101,0.09177076471141854,-4.634254086553676
3.16,1.00815314893445,0.09268086792325048,-4.547506204403921
3.16999999999999,1.0090845004416,0.09358914820509398,-4.484708124025533
3.17999999999998,1.01002492578462,0.09449560461774106,-4.46608903121106
3.19,1.01097440619776,0.0954001501736653,-4.403069704375031
3.19999999999999,1.0119329224296,0.09630278473334494,-4.332515954337787
3.20999999999998,1.0129004555806,0.09720352927607609,-4.279025145780444
3.22,1.01387698667934,0.09810237308432632,-4.223427990538768
3.22999999999999,1.01486249668255,0.09899930897150355,-4.168667571734501
3.23999999999998,1.01585696647508,0.09989432975183918,-4.114589886190516
3.25,1.01686037686994,0.1007874282382452,-4.0616636672190225
3.25999999999999,1.01787270860824,0.10167859634866624,-4.01165822906551
3.26999999999998,1.01889394235924,0.10256782622591518,-3.925653321668193
3.27999999999997,1.01992405882764,0.10345517824200123,-3.8978776944362825
3.28999999999999,1.02096303947803,0.10434059769684109,-3.874313655166147
3.29999999999998,1.02201086416952,0.10522402068090705,-3.7973129325251067
3.30999999999997,1.02306751337066,0.10610549296965663,-3.7522433618007116
3.31999999999999,1.02413296748697,0.10698500266884496,-3.7032511369293055
3.32999999999998,1.02520720686127,0.10786254353133777,-3.6551147167288245
3.33999999999997,1.02629021177414,0.10873810935106976,-3.607645167636776
3.34999999999999,1.02738196244426,0.10961169395457919,-3.5608327434171025
3.35999999999999,1.02848243902876,0.11048329121000253,-3.5146729897047795
3.36999999999998,1.02959162162368,0.11135289502541465,-3.469131355257523
3.38,1.0307094902643,0.11222049934375145,-3.424962768240511
3.38999999999999,1.03183602492553,0.11308609719833015,-3.376924981291283
3.39999999999998,1.03297120552231,0.11394969061465829,-3.3347873592580464
3.41,1.03411501202396,0.11481127050400979,-3.295664681832791
3.41999999999999,1.03526742417798,0.11567082254450209,-3.2509377105734587
3.42999999999998,1.03642842171041,0.1165283455522581,-3.2089440082983285
3.44,1.03759798430857,0.1173838345753279,-3.167869961694332
3.44999999999999,1.03877609160241,0.11823728373933085,-3.127289916023723
3.45999999999998,1.03996272316494,0.11908868737166012,-3.0873059798456906
3.47,1.04115785851265,0.11993803983916622,-3.0479054904439753
3.47999999999999,1.04236147710589,0.12078533554975199,-3.0090812357672116
3.48999999999998,1.04357355834931,0.12163056895316826,-2.97084845884319
3.5,1.04479408159225,0.12247373453867505,-2.932703048606529
3.50999999999999,1.04602302612915,0.12331482750899311,-2.897777664225102
3.51999999999998,1.04726037119997,0.12415383725525309,-2.862095470645041
3.52999999999997,1.04850609590999,0.12499075646816664,-2.822333471612854
3.53999999999999,1.04976017936834,0.12582558831523522,-2.7868394314944336
3.54999999999998,1.05102260069993,0.12665832782791653,-2.7535082972142164
3.55999999999997,1.05229333892166,0.1274889659094188,-2.7187668731474406
3.56999999999999,1.0535723729972,0.1283174977091591,-2.6848601717970104
3.57999999999998,1.05485968183737,0.12914391796025235,-2.651445818338852
3.58999999999997,1.05615524430051,0.12996822143692133,-2.618533628505206
3.59999999999999,1.05745903919291,0.13079040294766142,-2.586114640375329
3.60999999999999,1.05877104526909,0.13161045733967036,-2.554187299175882
3.61999999999998,1.06009124123229,0.13242837950183292,-2.5226049617616337
3.63,1.06141960573479,0.13324416458316465,-2.4920051672516736
3.63999999999999,1.06275611737829,0.13405780628449698,-2.4635836560324003
3.64999999999998,1.06410075468711,0.13486929473882453,-2.431260196548427
3.66,1.06545349609671,0.13567863045850967,-2.4001610394509605
3.66999999999999,1.06681432011349,0.13648581234267562,-2.372953998246404
3.67999999999998,1.06818320513431,0.13729083094532654,-2.3439263012107525
3.69,1.06956012950679,0.138093681859743,-2.3156732843634575
3.69999999999999,1.07094507152967,0.13889436021750265,-2.2878321608034975
3.70999999999998,1.0723380094532,0.1396928611874959,-2.2604120569383603
3.72,1.07373892147949,0.1404891799724972,-2.2334057299126093
3.72999999999999,1.07514778576285,0.1412833118112522,-2.2068058019815924
3.73999999999998,1.07656458041017,0.14207525198092025,-2.180615076425859
3.75,1.07798928348129,0.14286499579083123,-2.1546678397422876
3.75999999999999,1.0794218729893,0.1436525388207451,-2.1300609708191236
3.76999999999998,1.08086232690099,0.14443787444601286,-2.1045470988479322
3.77999999999997,1.08231062310928,0.14522099931591298,-2.0792186764125087
3.78999999999999,1.08376673950761,0.14600191065657908,-2.055570990919557
3.79999999999998,1.08523065392435,0.14678060240899313,-2.0315555721083625
3.80999999999997,1.08670234414276,0.14755707024592207,-2.0080047557805436
3.81999999999999,1.0881817879014,0.14833130971659098,-1.9848042217711295
3.82999999999998,1.0896689628945,0.14910331640374624,-1.9619514545249657
3.83999999999997,1.09116384677228,0.14987308592650517,-1.9394413242340938
3.84999999999999,1.09266641714135,0.15064061393941416,-1.9172687559120203
3.85999999999999,1.09417665156502,0.15140589613157895,-1.8954272149965843
3.86999999999998,1.09569452756369,0.15216892823091688,-1.8738993270375432
3.88,1.09722002261521,0.15292970602041972,-1.8527804115571231
3.88999999999999,1.09875311415516,0.15368822509249278,-1.831890604345175
3.89999999999998,1.10029377957433,0.15444448131407368,-1.8112349831794452
3.91,1.10184199622555,0.15519847080000168,-1.7910070241829006
3.91999999999999,1.10339774142064,0.15595018937450042,-1.771066655187668
3.92999999999998,1.10496099242964,0.1566996329151693,-1.7513999075993587
3.94,1.10653172648211,0.1574467973996722,-1.732028112552351
3.94999999999999,1.10810992076749,0.1581916788352474,-1.712942483648207
3.95999999999998,1.10969555243548,0.15893427326491757,-1.6941402933890046
3.97,1.11128859859637,0.15967457676283603,-1.6756143005986537
3.97999999999999,1.11288903632136,0.16041258544157908,-1.6573621921027828
3.98999999999998,1.11449684264299,0.16114829545159082,-1.6393362109184568
4.0,1.11611199455545,0.16188170305567184,-1.6218009546187668
4.00999999999999,1.1177344690149,0.1626128038813235,-1.604571882558901
4.01999999999998,1.11936424292996,0.16334159353341335,-1.5869227553469152
4.02999999999997,1.12100129317331,0.16406806960409342,-1.5698476573650502
4.03999999999999,1.12264559659872,0.1647922288237532,-1.5534138801583877
4.04999999999998,1.12429713001249,0.1655140667593295,-1.53690506188945
4.05999999999997,1.12595587018455,0.1662335798819174,-1.52068496952234
4.06999999999999,1.12762179384883,0.16695076460933045,-1.5046986166807517
4.07999999999998,1.12929487770361,0.16766561739275376,-1.488943010240536
4.08999999999997,1.13097509841185,0.16837813472007634,-1.47341572948943
4.09999999999999,1.13266243260158,0.16908831311207204,-1.4581151104867673
4.10999999999999,1.13435685686618,0.16979614912433866,-1.4429862412647219
4.11999999999998,1.1360583477648,0.1705016394694244,-1.428090001935263
4.13,1.13776688182269,0.17120478047183235,-1.415328784509358
4.13999999999999,1.13948243551733,0.17190556312450256,-1.3992596850414678
4.14999999999998,1.1412049852298,0.1726039891760789,-1.3835372059472981
4.16,1.14293450744674,0.17330006014457852,-1.3711745215989986
4.16999999999999,1.14467097855684,0.1739937678090886,-1.3570673077264488
4.17999999999998,1.1464143749163,0.1746851094820867,-1.343448897183283
4.19,1.14816467284919,0.17537408196175072,-1.3300110532930276
4.19999999999999,1.14992184864769,0.17606068208198916,-1.3167625058885115
4.20999999999998,1.15168587857255,0.17674490671300003,-1.303702097594489
4.22,1.15345673885334,0.17742675275525904,-1.2908251739024348
4.22999999999999,1.15523440568883,0.17810621714431746,-1.278129208625725
4.23999999999998,1.1570188552473,0.17878329684967906,-1.2656111594521486
4.25,1.15881006366691,0.1794579888757586,-1.253289727519422
4.25999999999999,1.16060800705602,0.1801302902714149,-1.2405363379758656
4.26999999999998,1.1624126614935,0.1808001992803232,-1.232013368182635
4.27999999999997,1.16422400302745,0.1814677018202556,-1.2179310806013377
4.28999999999999,1.16604200752471,0.1821328024931605,-1.2033589056169958
4.29999999999998,1.16786665108727,0.18279550834857106,-1.1946958834768224
4.30999999999997,1.16969790967288,0.18345580759475863,-1.182892851196282
4.31999999999999,1.17153575921098,0.18411369837941782,-1.1717299952294953
4.32999999999998,1.17338017560302,0.184769177924408,-1.160701803539857
4.33999999999997,1.17523113472286,0.1854222434819197,-1.1498260036615724
4.34999999999999,1.17708861241699,0.18607289233325552,-1.1390984699713846
4.35999999999999,1.17895258450491,0.1867211217945882,-1.128517294575807
4.36999999999998,1.18082302677943,0.18736692921541195,-1.1180812749660836
4.38,1.18269991500703,0.18801031197451432,-1.1077876214546343
4.38999999999999,1.1845832249281,0.18865126748173572,-1.0976472589002237
4.39999999999998,1.18647293225733,0.18928979318349287,-1.0872974858793016
4.41,1.18836901268402,0.18992588730234092,-1.0792515689279432
4.41999999999999,1.19027144187237,0.1905595409722442,-1.0686405599762137
4.42999999999998,1.19218019537214,0.19119075482365763,-1.0572223261758436
4.44,1.19409524884562,0.19181953294641158,-1.048996247103714
4.44999999999999,1.19601657789118,0.19244586876842237,-1.0396629379605002
4.45999999999998,1.19794415807112,0.1930697595254179,-1.0303998146365294
4.47,1.19987796492393,0.19369120295007852,-1.0212966717597425
4.47999999999999,1.20181797396457,0.19431019670375638,-1.0123119544791843
4.48999999999998,1.20376416068477,0.19492673848183392,-1.0034467677103975
4.5,1.20571650055339,0.1955408260099989,-0.9946996877678653
4.50999999999999,1.20767496901667,0.19615245704264578,-0.986067304256724
4.51999999999998,1.20963954149857,0.1967616293683435,-0.9775492406590259
4.52999999999997,1.21161019340109,0.1973683408049228,-0.9691513578437606
4.53999999999999,1.21358690010455,0.19797258920075111,-0.9606770016270882
4.54999999999998,1.21556963696792,0.19857437286707746,-0.9534364202320254
4.55999999999997,1.21755837932912,0.1991736861546578,-0.9451649431341242
4.56999999999999,1.2195531024536,0.19977052777473786,-0.9360372459426788
4.57999999999998,1.22155378165143,0.2003649001224998,-0.9286192715016307
4.58999999999997,1.22356039221343,0.2009567996883399,-0.9210907631494382
4.59999999999999,1.22557290939306,0.20154622346374812,-0.91337089501507
4.60999999999999,1.22759130842404,0.2021331696348161,-0.9058083978434228
4.61999999999998,1.22961556452066,0.2027176362721613,-0.898341395450054
4.63,1.23164565287805,0.20329962147417335,-0.8909697170008288
4.63999999999999,1.23368154867248,0.20387912337200462,-0.8836921584508097
4.64999999999998,1.2357232270617,0.20445614012842284,-0.8765091696543638
4.66,1.23777066318522,0.20503066993083724,-0.86941670846672
4.66999999999999,1.23982383216456,0.2056027110010794,-0.86242540481332
4.67999999999998,1.24188270910366,0.2061722615923282,-0.8552697530548713
4.69,1.24394726908909,0.2067393206174939,-0.8496568360824632
4.69999999999999,1.24601748719038,0.2073038814075001,-0.8432273157633228
4.70999999999998,1.24809333838422,0.20786594120474344,-0.834609209556956
4.72,1.2501747976958,0.20842550634183055,-0.8281853723203223
4.72999999999999,1.25226184018788,0.20898257497259376,-0.8225002866601906
4.73999999999998,1.25435444085864,0.20953714221257913,-0.815949085634754
4.75,1.25645257469023,0.21008920687700292,-0.8096378097612676
4.75999999999999,1.25855621664909,0.21063876740966547,-0.8033986809508792
4.76999999999998,1.26066534168624,0.21118582228274452,-0.7972377295141185
4.77999999999997,1.26277992473756,0.21173036999550904,-0.7911533054698824
4.78999999999999,1.26489994072406,0.21227240907634726,-0.7851441051030191
4.79999999999998,1.26702536455219,0.21281193808349402,-0.7792094972673869
4.80999999999997,1.26915617111412,0.2133489556030081,-0.7733570055866228
4.81999999999999,1.27129233528802,0.21388346024850588,-0.7673873340497394
4.82999999999998,1.27343383193834,0.21441545117639738,-0.7624665312572186
4.83999999999997,1.27558063591613,0.21494492338450985,-0.7577943330466691
4.84999999999999,1.27773272199783,0.2154718716620041,-0.7502463779230842
4.85999999999999,1.2798900649578,0.21599630314124707,-0.7442277978284468
4.86999999999998,1.28205263967226,0.216518219055493,-0.7400022596020619
4.88,1.28422042093462,0.21703761309415834,-0.7344179572901943
4.88999999999999,1.28639338352573,0.21755448460417104,-0.7291242737559128
4.89999999999998,1.28857150221426,0.2180688323771681,-0.7238865692499056
4.91,1.29075475175688,0.21858065522741277,-0.7187117646161546
4.91999999999999,1.29294310689856,0.2190899519985856,-0.7135994480410307
4.92999999999998,1.29513654237284,0.219596721561921,-0.7085491858159387
4.94,1.29733503290211,0.22010096281417,-0.7035595295703143
4.94999999999999,1.29953855319785,0.22060267467990577,-0.6986312761886485
4.95999999999998,1.30174707796094,0.22110185611074473,-0.6937319008294566
4.97,1.30396058188189,0.22159850617683627,-0.6890112325018094
4.97999999999999,1.30617903964114,0.22209262334708657,-0.6846780341554962
4.98999999999998,1.30840242589823,0.2225842048538429,-0.6794820098684327
5.0,1.31063071529001,0.22307325198415903,-0.6745381834554249
5.00999999999999,1.31286388249039,0.22355976524066254,-0.6703674437742768
5.01999999999998,1.31510190214032,0.22404374194300303,-0.6657658643782561
5.02999999999997,1.31734474887183,0.22452518141491962,-0.6612919470226987
5.03999999999999,1.31959239730837,0.2250040828079225,-0.6568678805267508
5.04999999999998,1.321844822065,0.2254804452996658,-0.6524950986817467
5.05999999999997,1.32410199774873,0.2259542680975779,-0.6481749128643828
5.06999999999999,1.32636389895875,0.22642555043024631,-0.643904643337545
5.07999999999998,1.32863050028666,0.22689429155582735,-0.6396839939525688
5.08999999999997,1.33090177631681,0.22736049076042172,-0.6355153526509145
5.09999999999999,1.33317770162651,0.22782414735282494,-0.631363883588509
5.10999999999999,1.3354582507863,0.22828526079583708,-0.6272163967008754
5.11999999999998,1.33774339836024,0.2287438302900069,-0.6248001947807225
5.13,1.34003311889115,0.22919984795398882,-0.6195973904930517
5.13999999999999,1.34232738683051,0.22965331890441404,-0.6143847249908442
5.14999999999998,1.34462617679398,0.23010424869510104,-0.6118415610180468
5.16,1.34692946331435,0.2305526308237512,-0.6077886258862997
5.16999999999999,1.34923722091846,0.2309984653494912,-0.6040098739260535
5.17999999999998,1.3515494241275,0.23144175171974277,-0.6002664840731199
5.19,1.35386604745724,0.23188248940141748,-0.5965660477658381
5.19999999999999,1.35618706541822,0.23232067788658273,-0.592908267319283
5.20999999999998,1.35851245251605,0.23275631669141816,-0.5892984902797057
5.22,1.36084218325159,0.2331894053548352,-0.585602823139603
5.22999999999999,1.36317623212123,0.2336199438258265,-0.5826585619524035
5.23999999999998,1.36551457361708,0.2340479287330814,-0.5794542097050596
5.25,1.36785718218087,0.2344733583876657,-0.574992224935782
5.25999999999999,1.37020403228074,0.23489623733358353,-0.5715502975985282
5.26999999999998,1.37255509842399,0.2353165655703334,-0.5686439203291325
5.27999999999997,1.37491035508201,0.23573434049558956,-0.5652319477394535
5.28999999999999,1.37726977672259,0.23614956202357984,-0.5619474969092273
5.29999999999998,1.37963333781007,0.23656222982432012,-0.5586965778841233
5.30999999999997,1.38200101280564,0.2369723435909225,-0.5554836706066908
5.31999999999999,1.38437277616749,0.23737990303426088,-0.5523071160044672
5.32999999999998,1.38674860235104,0.23778490788841644,-0.5491626401629252
5.33999999999997,1.38912846580916,0.23818735790957501,-0.5461501028781967
5.34999999999999,1.39151234099239,0.2385872525855796,-0.5425697616255749
5.35999999999999,1.39390020234914,0.2389845941961677,-0.5398070365366499
5.36999999999998,1.39629202436061,0.23937938120516997,-0.537257507340006
5.38,1.39868778145138,0.23977161118042453,-0.5339103120491723
5.38999999999999,1.40108744806569,0.2401612857679129,-0.5310172049087483
5.39999999999998,1.40349099864813,0.24054840478091774,-0.5281156710900698
5.41,1.40589840764246,0.2409329681356561,-0.5252455628208414
5.41999999999999,1.40830964949183,0.24131497578258426,-0.5224076509296063
5.42999999999998,1.41072469863901,0.24169442769533628,-0.5196015753848484
5.44,1.41314352952662,0.2420713238695804,-0.5168261476798355
5.44999999999999,1.41556611659734,0.2424456643213317,-0.5141061208561644
5.45999999999998,1.41799243429412,0.24281744900690277,-0.511301115784893
5.47,1.42042245706045,0.2431866785417458,-0.5083969602664842
5.47999999999999,1.42285615935067,0.24355335410307472,-0.5060458489746772
5.48999999999998,1.42529351562473,0.24391747424000929,-0.503565063198423
5.5,1.42773450031599,0.2442790382960025,-0.5007470099589348
5.50999999999999,1.43017908787421,0.24463804753958412,-0.4982164451605242
5.51999999999998,1.43262725275099,0.2449945020422395,-0.49567492760922327
5.52999999999997,1.43507896939998,0.2453484020186636,-0.49316319239057765
5.53999999999999,1.43753421227708,0.24569974770584463,-0.4906783956768523
5.54999999999998,1.43999295584069,0.24604853936734025,-0.4882211964582943
5.55999999999997,1.44245517455197,0.24639477728824466,-0.4858158587052903
5.56999999999999,1.44492084287502,0.2467384617744965,-0.4828678845946768
5.57999999999998,1.44738993527713,0.2470795949949256,-0.4833937531365564
5.58999999999997,1.44986242622903,0.247418162089158,-0.4803445056601437
5.59999999999999,1.45233828998466,0.24775416727934413,-0.4747711371505403
5.60999999999999,1.45481750108456,0.24808762827833175,-0.4739813099093458
5.61999999999998,1.45730003404785,0.2484185383628268,-0.4722034758431488
5.63,1.45978586334115,0.24874689478525486,-0.4698564472660794
5.63999999999999,1.46227496343384,0.2490726982903313,-0.46766490151238055
5.64999999999998,1.46476730879825,0.24939594918100272,-0.46549296392812733
5.66,1.46726287390981,0.24971664777374744,-0.4633454470680588
5.66999999999999,1.46976163324719,0.25003479440325516,-0.46122276845394256
5.67999999999998,1.47226356129251,0.25035038942083365,-0.45911784516788995
5.69,1.47476863253146,0.2506634332211692,-0.45704398335429647
5.69999999999999,1.47727682145347,0.2509739260948385,-0.4552337314411354
5.70999999999998,1.47978810254833,0.2512818671807582,-0.45300880552989287
5.72,1.48230245029609,0.2515872579654984,-0.45081676621202904
5.72999999999999,1.48481983921073,0.25189009992341305,-0.44904141007481885
5.73999999999998,1.48734024379681,0.25219039244025837,-0.44705104172955684
5.75,1.48986363856328,0.2524881360777498,-0.4451182715209258
5.75999999999999,1.49238999802366,0.25278333130107633,-0.4432062157696082
5.76999999999998,1.4949192966962,0.25307597859141606,-0.4413162049496952
5.77999999999997,1.49745150910404,0.2533660784450128,-0.4394485528188636
5.78999999999999,1.49998660977535,0.2536536313705133,-0.43758869163231184
5.79999999999998,1.50252457324346,0.25393863789633564,-0.43604438239479987
5.80999999999997,1.5050653740471,0.25422109754849787,-0.432848036341544
5.81999999999999,1.50760898673048,0.25450101881957143,-0.4306295367121791
5.82999999999998,1.51015538596569,0.25477840446817,-0.43105358101980823
5.83999999999997,1.51270454633383,0.25505324288916387,-0.4291866316285837
5.84999999999999,1.51525644233772,0.25532553486791365,-0.4265674898515704
5.85999999999999,1.51781104856002,0.2555952860964217,-0.4250132339447489
5.86999999999998,1.52036833959106,0.25586249674549405,-0.42330298517165044
5.88,1.52292829002898,0.25612716760550214,-0.4216180857580981
5.88999999999999,1.52549087447994,0.256389299493176,-0.41995204133215924
5.89999999999998,1.5280560675584,0.2566488932448245,-0.4183051408134792
5.91,1.53062384388724,0.25690594971358915,-0.41669665252396376
5.91999999999999,1.533194178098,0.25716046977726226,-0.41461486478725323
5.92999999999998,1.53576704483111,0.25741245601649626,-0.4156232412182692
5.94,1.53834241873609,0.25766189500648723,-0.412749092954968
5.94999999999999,1.54092027426998,0.2579087949890128,-0.40902107604440296
5.95999999999998,1.54350058620818,0.25815316926558846,-0.40939773068107577
5.97,1.54608332920915,0.25839500866156795,-0.4076203311373983
5.97999999999999,1.54866847793758,0.2586343148964147,-0.40616067712533604
5.98999999999998,1.55125600706579,0.25887108874367293,-0.4047099322291267
6.0,1.55384589127373,0.2591053309723498,-0.4032905262320701
6.00999999999999,1.55643810524911,0.259337042361509,-0.4015724061817328
6.01999999999998,1.55903262368746,0.2595662248032371,-0.40183008166864637
6.02999999999997,1.56162942129225,0.2597928697840831,-0.3997754529287861
6.03999999999999,1.56422847264246,0.26001698198076334,-0.3969236294048981
6.04999999999998,1.56682975251502,0.26023857079432816,-0.39668415776388294
6.05999999999997,1.56943323563193,0.26045763117057236,-0.39531586569516197
6.06999999999999,1.57203889671269,0.2606741637491583,-0.39401913894626334
6.07999999999998,1.57464671048335,0.2608881692585996,-0.3927540642328629
6.08999999999997,1.57725665167648,0.26109964835367244,-0.39147984733144564
6.09999999999999,1.57986869503122,0.2613086016876635,-0.3908379519754975
6.10999999999999,1.58248281529321,0.26151502773349067,-0.38646482978819624
6.11999999999998,1.58509898721467,0.26171894529015693,-0.3862113382181727
6.13,1.58771718581606,0.2619203494865145,-0.388131357036629
6.13999999999999,1.5903373857792,0.2621192229090001,-0.3851253229904742
6.14999999999998,1.59295956187107,0.26231557600266964,-0.3837814382515804
6.16,1.59558368890567,0.2625094113241855,-0.3826670890032826
6.16999999999999,1.5982097417075,0.2627007296264916,-0.38149345892145153
6.17999999999998,1.60083769511174,0.26288953198783294,-0.38032532940684094
6.19,1.60346752396445,0.2630758195039884,-0.37945923947550764
6.19999999999999,1.60609920312273,0.263259592249665,-0.37687838467245566
6.20999999999998,1.60873270745494,0.2634408598731708,-0.3759987280853293
6.22,1.6113680119657,0.2636196220894227,-0.37646557577269124
6.22999999999999,1.61400509152343,0.2637958708301728,-0.37468092831270144
6.23999999999998,1.61664392101992,0.2639696109317413,-0.37335677511227544
6.25,1.61928447538908,0.26414084536725374,-0.37232322743507723
6.25999999999999,1.62192672957909,0.2643095753456541,-0.37124138235167337
6.26999999999998,1.62457065855272,0.26447580233733836,-0.3702143543579604
6.27999999999997,1.62721623728756,0.26463952784132794,-0.36827425130152286
6.28999999999999,1.62986344077636,0.26480075679865733,-0.3716943452102504
6.29999999999998,1.63251224402725,0.2649594638070907,-0.37121813254244684
6.30999999999997,1.6351626216544,0.26511564729333287,-0.365006370687324
6.31999999999999,1.63781454865503,0.2652693395818399,-0.3653112870661343
6.32999999999998,1.6404680001234,0.26542053586117353,-0.36580686796844464
6.33999999999997,1.64312295102943,0.2655692282350001,-0.36473523821262405
6.34999999999999,1.64577937634626,0.26571541806491017,-0.36407401315117455
6.35999999999999,1.64843725104971,0.26585910515008104,-0.3631129096220709
6.36999999999998,1.65109655011785,0.26600029181191864,-0.36027979658873055
6.38,1.65375724858414,0.26613899050591344,-0.3611249253778254
6.38999999999999,1.65641932160427,0.26627519211991174,-0.3619089548795887
6.39999999999998,1.65908274408036,0.2664088877254186,-0.35961034633617656
6.41,1.66174749103322,0.26654008661100015,-0.3591449869083147
6.41999999999999,1.66441353748869,0.2666687883320899,-0.3583476505939642
6.42999999999998,1.66708085847759,0.2667949933754262,-0.35940818879822944
6.44,1.66974942903547,0.2669186954288398,-0.3495546268386268
6.44999999999999,1.67241922420241,0.2670399501219112,-0.3501881195384418
6.45999999999998,1.67509021983579,0.2671587500104008,-0.3588177643817575
6.47,1.67776239086552,0.26727503973458244,-0.3538629167912314
6.47999999999999,1.6804357123391,0.26738884288133685,-0.3521322399146796
6.48999999999998,1.68311015946074,0.2675001684689926,-0.3513768672954314
6.5,1.68578570745179,0.2676090181039148,-0.3515079664077516
6.50999999999999,1.68846233155076,0.2677153868697546,-0.3533485948835004
6.51999999999998,1.69114000688679,0.26781926116391336,-0.3499436145776633
6.52999999999997,1.69381870851637,0.2679206587376674,-0.3475772749537637
6.53999999999999,1.696498411837,0.2680195916842487,-0.3489734267459828
6.54999999999998,1.69917909210392,0.26811604949926926,-0.34806849684303454
6.55999999999997,1.70186072458508,0.26821003474366373,-0.34563144950985936
6.56999999999999,1.7045432845611,0.2683015557371604,-0.35490155475571766
6.57999999999998,1.7072267473252,0.26839055468858564,-0.3507472365981222
6.58999999999997,1.70991108733642,0.2684770542879985,-0.3415370343434669
6.59999999999999,1.71259628022501,0.26856110816550116,-0.34723648581937294
6.60999999999999,1.71528230124502,0.26864268247608536,-0.3462512492153911
6.61999999999998,1.71796912561414,0.2687217783480855,-0.3463972526465712
6.63,1.72065672855233,0.2687983938801708,-0.3433529703674328
6.63999999999999,1.72334508528172,0.2688725468059169,-0.3400218909122817
6.64999999999998,1.72603417132004,0.26894425481099143,-0.34445733150418595
6.66,1.72872396213911,0.26901348892008903,-0.34537371209900153
6.66999999999999,1.73141443283413,0.26908024051566043,-0.34225961597505783
6.67999999999998,1.73410555872403,0.269144526276575,-0.34230655382009223
6.69,1.73679731513752,0.2692063451080806,-0.3427130268609812
6.69999999999999,1.73948967741304,0.2692656955279186,-0.33557790176886965
6.70999999999998,1.74218262093324,0.2693226186897435,-0.33850514418054484
6.72,1.74487612162644,0.2693770953838215,-0.3435207834869779
6.72999999999999,1.74757015460195,0.2694290934224205,-0.3384053432362056
6.73999999999998,1.75026469531666,0.2694786407488418,-0.3387275414137008
6.75,1.75295971924431,0.2695257362904102,-0.3373370057251563
6.75999999999999,1.75565520187546,0.26957038537800593,-0.3413261502591602
6.76999999999998,1.7583511187175,0.26961256164800645,-0.3425857279764224
6.77999999999997,1.76104744485682,0.2696522568475912,-0.33620410148920654
6.78999999999999,1.76374415569743,0.2696895090995725,-0.33612307947594605
6.79999999999998,1.76644122689319,0.2697243196790859,-0.33797776931340245
6.80999999999997,1.76913863391651,0.2697566763282552,-0.3371514235295096
6.81999999999999,1.77183635224797,0.26978658225849106,-0.3369607216778808
6.82999999999998,1.77453435737628,0.2698140356946729,-0.34228961112853457
6.83999999999997,1.77723262470033,0.26983900407532846,-0.33847145311301063
6.84999999999999,1.77993112925203,0.26986151009815906,-0.3340432431400692
6.85999999999999,1.78262984676493,0.26988158074917057,-0.3379366928780527
6.86999999999998,1.7853287526813,0.26989919324892,-0.33714609654741234
6.88,1.78802782244459,0.2699143501531609,-0.3379678585967237
6.88999999999999,1.79072703149944,0.26992704808608825,-0.3333473698067623
6.89999999999998,1.79342635529167,0.2699373152459217,-0.3333847116170284
6.91,1.79612576968761,0.2699451509622512,-0.3382802435202859
6.91999999999999,1.79882525012044,0.26995052504050027,-0.3365119791264838
6.92999999999998,1.80152477201413,0.2699534466891603,-0.33552343858802686
6.94,1.80422431089897,0.26995392258216494,-0.3358390834937381
6.94999999999999,1.80692384231315,0.26995195168443287,-0.33499755896784095
6.95999999999998,1.80962334180274,0.2699475406269229,-0.33177912556841654
6.97,1.81232278504216,0.26994070888857746,-0.3346321690389762
6.97999999999999,1.81502214785582,0.2699314393216653,-0.3367085883008225
6.98999999999998,1.81772140567116,0.26991971911633866,-0.33411308687651026
7.0,1.82042053411614,0.26990556387983167,-0.33447365513279237
7.00999999999999,1.82311950883076,0.2698889732443403,-0.33344803490191344
7.01999999999998,1.82581830546704,0.26986995226058375,-0.3372322488845761
7.02999999999997,1.82851689968904,0.2698484756545735,-0.34339385562488833
7.03999999999999,1.83121526671111,0.2698245076209934,-0.33476840376947825
7.04999999999998,1.83391338170477,0.2697981018438415,-0.3313171799212092
7.05999999999997,1.83661122067836,0.26976928214583384,-0.3369386308097572
7.06999999999999,1.83930875920578,0.2697380162491658,-0.33612723132969335
7.07999999999998,1.84200597286169,0.26970430785650723,-0.3361961295956513
7.08999999999997,1.84470283722151,0.2696681575262557,-0.33691454155069933
7.09999999999999,1.84739932786142,0.2696295617194219,-0.3374465670501546
7.10999999999999,1.85009542030047,0.26958851837865505,-0.33674430676006023
7.11999999999998,1.85279109008704,0.2695450329805782,-0.3368574282235714
7.13,1.85548631282103,0.2694991062985023,-0.3374734624982344
7.13999999999999,1.85818106406823,0.26945073590118146,-0.3376208594359664
7.14999999999998,1.86087531939417,0.2693999220393336,-0.33807767909004477
7.16,1.86356905436402,0.2693466638361712,-0.3372630253761788
7.16999999999999,1.86626224454263,0.26929096790590523,-0.33737081168643085
7.17999999999998,1.86895486559557,0.2692328350855903,-0.33897022060715604
7.19,1.87164689309786,0.26917225726301364,-0.3389989240739207
7.19999999999999,1.87433830259559,0.2691092356177446,-0.33891619140003243
7.20999999999998,1.87702906967123,0.2690437725701711,-0.3393101401970002
7.22,1.8797191699084,0.26897586794442285,-0.33895329289390996
7.22999999999999,1.88240857889192,0.26890552442874566,-0.3427222359551944
7.23999999999998,1.88509727220778,0.2688327211369135,-0.342497911527571
7.25,1.88778522513482,0.26875746167317843,-0.3392653471375185
7.25999999999999,1.89047241331517,0.2686797679045968,-0.3412673531760792
7.26999999999998,1.89315881235026,0.26859963102273865,-0.34206614934714613
7.27999999999997,1.89584439778275,0.26851704781090485,-0.34243090251977404
7.28999999999999,1.89852914515273,0.2684320184748438,-0.3418160213585356
7.29999999999998,1.90121302999762,0.2683445468503391,-0.34802223687867606
7.30999999999997,1.90389602785224,0.2682545983050048,-0.3463784373608223
7.31999999999999,1.90657811375679,0.26816218541532344,-0.34170704237367294
7.32999999999998,1.90925926342949,0.26806733916332853,-0.3458646867525424
7.33999999999997,1.91193945236578,0.2679700388364866,-0.3461933004371364
7.34999999999999,1.91461865602456,0.26787028377158184,-0.34674400468523703
7.35999999999999,1.91729684985697,0.2677680735547546,-0.34675399077426805
7.36999999999998,1.91997400930642,0.26766340931965915,-0.35149411399630703
7.38,1.92265010979409,0.26755626590783493,-0.3500430989067678
7.38999999999999,1.92532512640316,0.2674466550648291,-0.3473001905304703
7.39999999999998,1.92799903472195,0.2673345964939122,-0.35091711045858576
7.41,1.93067181012152,0.267220072750655,-0.3511662476333538
7.41999999999999,1.9333434279617,0.2671030844284217,-0.3518232097604093
7.42999999999998,1.93601386359108,0.26698363087609056,-0.3524669191866316
7.44,1.93868309234702,0.26686170992750724,-0.3571870925681482
7.44999999999999,1.94135108949895,0.26673729718332817,-0.3554182260192057
7.45999999999998,1.94401783003336,0.26661040674917186,-0.35311786164825115
7.47,1.9466832894198,0.2664810562261718,-0.35688186801242433
7.47999999999999,1.94934744290392,0.26634922777459086,-0.3572809114954392
7.48999999999998,1.95201026571629,0.2662149216230111,-0.35796540697729934
7.5,1.95467173307233,0.2660781372151588,-0.35938752281872444
7.50999999999999,1.95733182017232,0.26593886818715995,-0.36431890799329375
7.51999999999998,1.95999050208634,0.2657970893944983,-0.3623966229238422
7.52999999999997,1.96264775364591,0.26565281618892345,-0.36054666608041075
7.53999999999999,1.96530355013371,0.26550606401191484,-0.36443127218353344
7.54999999999998,1.96795786660861,0.2653568148995959,-0.36472815217132176
7.55999999999997,1.97061067810651,0.26520506949867706,-0.3673572324768895
7.56999999999999,1.97326195964036,0.26505081602208325,-0.36941626808196587
7.57999999999998,1.97591168604787,0.2648940466537575,-0.3684327911381348
7.58999999999997,1.97855983221684,0.26473477155634456,-0.36944936237202125
7.59999999999999,1.9812063731199,0.26457298966600096,-0.3715774905069604
7.60999999999999,1.98385128362984,0.26440869307674164,-0.37208095484107484
7.61999999999998,1.98649453859195,0.26424188181573366,-0.37640312256344893
7.63,1.98913611282403,0.2640725351900075,-0.3768786021268336
7.63999999999999,1.99177598085553,0.2639006551235076,-0.3754705471426588
7.64999999999998,1.99441411751568,0.2637262547194245,-0.3785535639737554
7.66,1.99705049751033,0.2635493216785893,-0.3797318411482661
7.66999999999999,1.9996850954961,0.26336985322657125,-0.38127837862584235
7.67999999999998,2.00231788609746,0.26318784367033166,-0.3867599764922081
7.69,2.00494884382553,0.2630032663969273,-0.3857221473716518
7.69999999999999,2.00757794290533,0.2628161326462486,-0.3842343852437839
7.70999999999998,2.01020515799143,0.2626264566949995,-0.3886111547039745
7.72,2.01283046350711,0.2624342195072386,-0.38926000942747946
7.72999999999999,2.01545383383637,0.2622394207329978,-0.39317562184626853
7.73999999999998,2.01807524332398,0.2620420421565776,-0.3970311700546785
7.75,2.02069466603843,0.26184206721707737,-0.3950760016819489
7.75999999999999,2.0233120760648,0.26163951294473353,-0.39598344361684573
7.76999999999998,2.02592744769688,0.26143438067185076,-0.3996989577311419
7.77999999999997,2.02854075503821,0.26122665519893173,-0.40030867846729823
7.78999999999999,2.03115197214509,0.26101633635605326,-0.4069198846241266
7.79999999999998,2.03376107302661,0.26080339202632086,-0.4080585512913016
7.80999999999997,2.03636803124135,0.26058782180876283,-0.4055044467140299
7.81999999999999,2.03897282076513,0.2603696466339178,-0.4098129694375465
7.82999999999998,2.0415754154362,0.26014884942285876,-0.4120081028099221
7.83999999999997,2.04417578898934,0.2599254230429171,-0.41380513074890035
7.84999999999999,2.04677391510429,0.25969936162008417,-0.420705173843392
7.85999999999999,2.0493697673447,0.2594706324501576,-0.42074865893811386
7.86999999999998,2.05196331888467,0.2592392417302358,-0.41955925774119324
7.88,2.05455454333836,0.2590052030254272,-0.4250459193746687
7.88999999999999,2.05714341404594,0.25876849291090653,-0.42710213199572394
7.89999999999998,2.05972990427181,0.25852910539181007,-0.4294827801462215
7.91,2.06231398720296,0.25828703344267234,-0.4332688454949133
7.91999999999999,2.0648956359475,0.2580422625630926,-0.43560551447891166
7.92999999999998,2.06747482343834,0.25779478652541155,-0.43738960999756155
7.94,2.07005152264728,0.2575446023525959,-0.44090998701896983
7.94999999999999,2.07262570641815,0.2572916976929259,-0.443723600708505
7.95999999999998,2.07519734750367,0.25703606380049393,-0.4464651244248239
7.97,2.07776641856631,0.2567776922993407,-0.4504420624405813
7.97999999999999,2.0803328921765,0.256516568258088,-0.45362124487039107
7.98999999999998,2.08289674072487,0.25625268149483593,-0.4557124563159736
8.0,2.08545793658118,0.25598602802441306,-0.4592163797936402
8.00999999999999,2.08801645202437,0.2557165963790964,-0.46272383870976735
8.01999999999998,2.09057225920957,0.2554443748402524,-0.4659570638552296
8.02999999999997,2.0931253301865,0.2551693532266438,-0.4697282713201306
8.03999999999999,2.09567563689739,0.25489151858958764,-0.47358925630620247
8.04999999999998,2.09822315113973,0.2546108578219982,-0.476612170127821
8.05999999999997,2.10076784460466,0.25432736258100463,-0.48012233576010666
8.06999999999999,2.10330968890602,0.254041022101433,-0.48414758970117266
8.07999999999998,2.10584865551799,0.25375182287190234,-0.48784594630257605
8.08999999999997,2.1083847157942,0.25345975311457475,-0.49187933958539193
8.09999999999999,2.11091784096547,0.25316479926333163,-0.49662861858555085
8.10999999999999,2.11344800211211,0.2528669443534248,-0.5000812845544228
8.11999999999998,2.11597517014967,0.2525661786395165,-0.5036842806946922
8.13,2.11849931594539,0.25226249181549515,-0.5084623860961704
8.13999999999999,2.12102041019497,0.2519558674255018,-0.5126606303012587
8.14999999999998,2.12353842345665,0.2516462920177524,-0.5168983031124996
8.16,2.12605332614869,0.25133375167275174,-0.5231192107250406
8.16999999999999,2.12856508853302,0.25101822263942086,-0.5269129591617696
8.17999999999998,2.1310736806052,0.25069969438940765,-0.5302563749586738
8.19,2.133579072392,0.25037815907185124,-0.5362039846002788
8.19999999999999,2.1360812336938,0.25005359535532257,-0.540940248594851
8.20999999999998,2.1385801341532,0.24972598791483208,-0.5456354605511237
8.22,2.14107574325216,0.24939532162024936,-0.5523829828916245
8.22999999999999,2.1435680303091,0.24906157113748034,-0.5572321548574266
8.23999999999998,2.14605696434657,0.2487247215047672,-0.5611093168820668
8.25,2.14854251437198,0.24838476315951116,-0.5674647468891139
8.25999999999999,2.15102464917463,0.24804167398467064,-0.5730322558590614
8.26999999999998,2.15350333735444,0.24769543561592444,-0.5785143946493739
8.27999999999997,2.15597854732809,0.2473460302954885,-0.585233982384945
8.28999999999999,2.15845024732575,0.24699343417366276,-0.5914127801222361
8.29999999999998,2.16091840530965,0.246637626707924,-0.5963993415411694
8.30999999999997,2.16338298910608,0.2462785938594207,-0.602746339881087
8.31999999999999,2.16584396636578,0.24591631495581856,-0.6093747297859026
8.32999999999998,2.16830130451166,0.24555076784775753,-0.6155963739829429
8.33999999999997,2.17075497075959,0.245181932443909,-0.6228680565846714
8.34999999999999,2.17320493211483,0.24480978344348556,-0.6306071915241873
8.35999999999999,2.17565115529787,0.24443429390908306,-0.6361818079069198
8.36999999999998,2.17809360680468,0.24405544836475873,-0.6426952824557624
8.38,2.1805322530093,0.24367322699341276,-0.6506733527778586
8.38999999999999,2.1829670600025,0.24328760262874266,-0.6578253366693685
8.39999999999998,2.18539799364122,0.24289855230893073,-0.6650336983213763
8.41,2.18782501954459,0.2425060523942387,-0.6755064171519006
8.41999999999999,2.19024810306895,0.24211006398683715,-0.6819718765365572
8.42999999999998,2.19266720913703,0.24171056888609618,-0.6877221785869317
8.44,2.19508230270232,0.2413075529439109,-0.6977893181495488
8.44999999999999,2.19749334834522,0.24090098093157247,-0.7058441589293051
8.45999999999998,2.1999003103812,0.24049082706769273,-0.7139754051967002
8.47,2.20230315285628,0.24007706547075625,-0.7246022804058382
8.47999999999999,2.20470183954268,0.23965965844321796,-0.733693800814846
8.48999999999998,2.20709633378057,0.23923857672343285,-0.740650192634199
8.5,2.20948659876233,0.2388138021297559,-0.7505035545812369
8.50999999999999,2.21187259740667,0.2383853028367559,-0.7604410503807443
8.51999999999998,2.21425429229591,0.23795304636391088,-0.7698831905051894
8.52999999999997,2.2166316457088,0.23751700294533107,-0.7802689648202606
8.53999999999999,2.2190046196157,0.23707713835543118,-0.7920324874438202
8.54999999999998,2.22137317561155,0.2366334127153369,-0.8008872058431028
8.55999999999997,2.22373727491526,0.23618580091742114,-0.8103673530440346
8.56999999999999,2.22609687857944,0.23573427542681696,-0.8223622143362095
8.57999999999998,2.22845194724873,0.23527879689132133,-0.8331889644689675
8.58999999999997,2.23080244122809,0.23481933170217778,-0.8437151720733067
8.59999999999999,2.2331483204775,0.23435584725860864,-0.8590431566982507
8.60999999999999,2.23548954460534,0.2338882894926786,-0.8693177325362128
8.61999999999998,2.2378260725957,0.23341662931806545,-0.8781466035367022
8.63,2.24015786343457,0.23294084519224212,-0.8929402295053874
8.63999999999999,2.24248487559317,0.23246088808549875,-0.9050860604594697
8.64999999999998,2.24480706716203,0.2319767208030843,-0.9175482795344717
8.66,2.24712439584512,0.23148830545718,-0.932189760657175
8.66999999999999,2.2494368189538,0.2309955944079752,-0.9463209449769661
8.67999999999998,2.25174429327247,0.23049854358016728,-0.95785000188912
8.69,2.25404677525187,0.22999712188667884,-0.9717743321044047
8.69999999999999,2.25634422100006,0.22949128787841389,-0.9868023900879466
8.70999999999998,2.25863658614812,0.22898099513726605,-1.0010040052043976
8.72,2.26092382589706,0.22846620141224738,-1.0161541615026095
8.72999999999999,2.2632058950114,0.22794685986714525,-1.035192018054252
8.73999999999998,2.26548274773683,0.22742290761659975,-1.0481609727767685
8.75,2.26775433768222,0.22689431080692435,-1.0612168267562656
8.75999999999999,2.27002061834963,0.22636103611241762,-1.0801436494977126
8.76999999999998,2.27228154261697,0.2258230240340146,-1.096299223845579
8.77999999999997,2.27453706288134,0.22528022738517173,-1.1126211656187242
8.78999999999999,2.27678713105182,0.22473259879699503,-1.1330443033768731
8.79999999999998,2.27903169854221,0.22418007368866233,-1.1500213800963128
8.80999999999997,2.28127071604829,0.22362260429772407,-1.165173564178672
8.81999999999999,2.28350413401046,0.22306015205941407,-1.1852903014457876
8.82999999999998,2.28573190228209,0.22249265721407951,-1.2041344737955921
8.83999999999997,2.28795397016548,0.2219200655651658,-1.223253288128292
8.84999999999999,2.29017028642276,0.22134232299283094,-1.2430312195326072
8.85999999999999,2.292380799268,0.22075937336783297,-1.2632869285964794
8.86999999999998,2.29458545634311,0.22017115948017216,-1.283400203720155
8.88,2.29678420472414,0.21957762576509204,-1.3041041743823587
8.88999999999999,2.29897699093426,0.21897871510750955,-1.3254188774979296
8.89999999999998,2.30116376090539,0.21837436857857034,-1.347166763142134
8.91,2.30334445998021,0.21776452559259346,-1.3718010184924787
8.91999999999999,2.30551903286231,0.2171491145435208,-1.3935968847184184
8.92999999999998,2.30768742351851,0.21652807747682598,-1.4152004216617822
8.94,2.30984957546657,0.21590135850185027,-1.4404075040516344
8.94999999999999,2.31200543151707,0.21526888744207348,-1.4640437424771937
8.95999999999998,2.31415493383057,0.2146306013316816,-1.4888524423380742
8.97,2.31629802393746,0.21398643366776032,-1.514446038010607
8.97999999999999,2.31843464266989,0.21333631568747718,-1.5401323637361697
8.98999999999998,2.3205647301915,0.21268017961624625,-1.565807551435644
9.0,2.32268822598039,0.21201795920077204,-1.5919667617862219
9.00999999999999,2.32480506886751,0.2113495871743291,-1.6198813181315734
9.01999999999998,2.32691519697388,0.21067499005142562,-1.6477276843248099
9.02999999999997,2.3290185476785,0.20999409584540793,-1.675672385097977
9.03999999999999,2.33111505766214,0.20930683352185325,-1.704946728541173
9.04999999999998,2.33320466287214,0.20861312800317297,-1.7341063158937742
9.05999999999997,2.33528729850038,0.2079129060286585,-1.7637368250792016
9.06999999999999,2.33736289902404,0.20720609386164862,-1.7942402165841096
9.07999999999998,2.3394313981539,0.20649261522943294,-1.826362983029703
9.08999999999997,2.3414927288369,0.20577238863367006,-1.8579077256377874
9.09999999999999,2.34354682317573,0.20504533659928179,-1.8893713019065042
9.10999999999999,2.34559361256264,0.2043113835064725,-1.922911033841864
9.11999999999998,2.34763302756791,0.20357044686198184,-1.956191236104786
9.13,2.34966499795356,0.2028224465023487,-1.990185441489769
9.13999999999999,2.35168945267965,0.2020673009945832,-2.025164866611026
9.14999999999998,2.35370631987628,0.20130492641048753,-2.0606373191600333
9.16,2.35571552683032,0.20053523845225962,-2.0964088724646492
9.16999999999999,2.35771699998966,0.1997581535744179,-2.1319045557190934
9.17999999999998,2.35971066497242,0.19897359080234267,-2.1695903621699624
9.19,2.36169644658415,0.1981814618297421,-2.2080839345120835
9.19999999999999,2.36367426868996,0.19738167664991776,-2.246115849986619
9.20999999999998,2.36564405431041,0.196574149175995,-2.2839648100788317
9.22,2.36760572558451,0.19575879584399586,-2.3237851967377856
9.22999999999999,2.36955920383943,0.19493552664685926,-2.3649521432797678
9.23999999999998,2.37150440942084,0.1941042478628363,-2.405245935893618
9.25,2.37344126180343,0.1932648710842459,-2.4461291032718675
9.25999999999999,2.37536967955297,0.19241730769324525,-2.4877226343353986
9.26999999999998,2.37728958036636,0.19156146767908372,-2.5310422957659933
9.27999999999997,2.37920088100109,0.19069725585958802,-2.5744094283416263
9.28999999999999,2.3811034972669,0.1898245786514245,-2.617702297497476
9.29999999999998,2.38299734405414,0.18894334510649222,-2.660456855573433
9.30999999999997,2.38488233535259,0.1880534678957657,-2.7061969575585443
9.31999999999999,2.38675838427383,0.18715484945083238,-2.752698513308558
9.32999999999998,2.38862540287693,0.18624739073925073,-2.7984034334550727
9.33999999999997,2.39048330231476,0.1853309985940947,-2.841638556947141
9.34999999999999,2.39233199279132,0.18440559117166577,-2.8892811414757436
9.35999999999999,2.39417138375766,0.18347107058269327,-2.93931668332452
9.36999999999998,2.39600138347953,0.18252733105666627,-2.9859393685679145
9.38,2.39782189935052,0.18157428231275383,-3.0320593296361835
9.38999999999999,2.3996328378074,0.18061183873742487,-3.079472352984546
9.39999999999998,2.40143410450309,0.17963991036131038,-3.131149187379275
9.41,2.4032256040516,0.1786583919445084,-3.1807082610219473
9.41999999999999,2.40500724006076,0.17766718797627146,-3.229256046618888
9.42999999999998,2.40677891523542,0.17666621014373884,-3.2752432327656127
9.44,2.4085405314165,0.17565538100699682,-3.327464553100404
9.44999999999999,2.41029198968027,0.17463459971056583,-3.380672764155909
9.45999999999998,2.41203318989872,0.17360376245825576,-3.430375373161692
9.47,2.41376403112791,0.17256278228299227,-3.475266407087232
9.47999999999999,2.41548441150263,0.17151159270090885,-3.5266687080405528
9.48999999999998,2.41719422863759,0.17045010195242777,-3.582792088431285
9.5,2.41889337885205,0.1693782006658151,-3.6315918221540655
9.50999999999999,2.42058175768898,0.16829580953117892,-3.679828109208056
9.51999999999998,2.42225925983385,0.16720285527285217,-3.726266822672032
9.52999999999997,2.42392577934825,0.16609927103684585,-3.7810961746932974
9.53999999999999,2.42558120949347,0.16498495745023897,-3.833713072689248
9.54999999999998,2.42722544244152,0.16385982409917732,-3.8822923081928766
9.55999999999997,2.42885836968598,0.16272380049077534,-3.9234733786802063
9.56999999999999,2.43047988199643,0.1615768457680004,-3.9757429701529556
9.57999999999998,2.43208986987386,0.1604188745704227,-4.031602167137461
9.58999999999997,2.4336882224524,0.15924978713073673,-4.0769514514655665
9.59999999999999,2.43527482838529,0.1580695276042395,-4.1184813394721385
9.60999999999999,2.43684957563218,0.15687805861576143,-4.163579352000862
9.61999999999998,2.43841235199959,0.1556753265678242,-4.217729717744615
9.63,2.43996304433291,0.15446124117449722,-4.263317820496149
9.63999999999999,2.44150153880299,0.15323574654932948,-4.305443250787555
9.64999999999998,2.44302772111844,0.1519988055468343,-4.341043175877924
9.66,2.44454147669791,0.15075040624267233,-4.38973997045565
9.66999999999999,2.44604269082665,0.14949048204432325,-4.438102915749527
9.67999999999998,2.44753124771955,0.1482189662225945,-4.477672286365785
9.69,2.44900703144624,0.14693583258585202,-4.504731209280193
9.69999999999999,2.45046992570792,0.145641107687818,-4.54666545180688
9.70999999999998,2.45191981482331,0.14433475368424248,-4.596184978989293
9.72,2.45335658181357,0.14301669972927034,-4.627209970281323
9.72999999999999,2.45478010984933,0.14168695299942766,-4.657914227078248
9.73999999999998,2.45619028194857,0.140345528145569,-4.685483179358873
9.75,2.45758698154338,0.138992449475972,-4.726416228745071
9.75999999999999,2.4589700919885,0.13762768268698786,-4.760764685503768
9.76999999999998,2.46033949623165,0.1362512203451886,-4.7875895841512675
9.77999999999997,2.46169507753229,0.1348630933684277,-4.803376979715944
9.78999999999999,2.46303671945228,0.1334633810759008,-4.835191718936923
9.79999999999998,2.46436430654933,0.1320520894291577,-4.8704023898359905
9.80999999999997,2.46567772263886,0.13062920740673686,-4.889495906976677
9.81999999999999,2.46697685229343,0.12919479920751042,-4.902186472125806
9.82999999999998,2.46826158051627,0.1277489630862494,-4.921186725203516
9.83999999999997,2.46953179366371,0.12629176516357016,-4.950534001012369
9.84999999999999,2.47078737803075,0.12482322273050425,-4.966067294072846
9.85999999999999,2.47202822058964,0.12334341729750195,-4.978104172730018
9.86999999999998,2.47325420919605,0.1218524543089313,-4.9836713776099595
9.88,2.47446523291041,0.1203504692419181,-5.002553670562279
9.88999999999999,2.47566118207984,0.11883753262474188,-5.019267857927425
9.89999999999998,2.47684194735093,0.11731372464288681,-5.026256109585919
9.91,2.47800742080524,0.11577917954926908,-5.023018090954277
9.91999999999999,2.47915749575646,0.11423408651251762,-5.032592843261417
9.92999999999998,2.48029206777817,0.11267856920898305,-5.047508862903473
9.94,2.48141103275287,0.11111272476025022,-5.046042441442221
9.94999999999999,2.48251428847144,0.10953673746042873,-5.045069852804549
9.95999999999998,2.48360173433139,0.10795079833923286,-5.042740532230162
9.97,2.48467327191108,0.10635510556657643,-5.048472530891407
9.97999999999999,2.48572880446928,0.10474981650710295,-5.048492547680379
9.98999999999998,2.48676823690657,0.10313512206541568,-5.04416383287001
10.0,2.48779147631446,0.10151124519572527,-5.0358500911845026
10.01,2.48879843202467,0.0998784363237785,-5.034076145563149
10.02,2.48978901599059,0.0982369120166656,-5.033033578591001
10.03,2.49076314195676,0.09658688890062939,-5.02485689701932
10.04,2.49172072632918,0.09492863170884233,-5.0161676335332945
10.05,2.49266168806531,0.09326241710225411,-5.009008671153218
10.06,2.49358594905393,0.09158851751568017,-5.003834687452688
10.07,2.49449343370249,0.08990719995541907,-4.994755264545192
10.08,2.49538406932474,0.08821876250806326,-4.986244541156551
10.09,2.49625778623714,0.08652350895816212,-4.977686392334271
10.1,2.49711451783016,0.08482175152628724,-4.968810216575819
10.11,2.49795420067087,0.08311381337473926,-4.959832457762036
10.12,2.49877677461143,0.0814000279220665,-4.950462488898569
10.13,2.49958218288233,0.07968073961142075,-4.945009307681414
10.14,2.50037037217119,0.0779562764271676,-4.935594880557038
10.15,2.50114129239558,0.07622700552591215,-4.924854003459908
10.16,2.50189489754617,0.07449331582784306,-4.9179424943422365
10.17,2.50263114521906,0.07275557952125533,-4.9138750331527286
10.18,2.50334999685969,0.07101415694599952,-4.909101455112008
10.19,2.50405141736119,0.06926942846093484,-4.899294183949355
10.2,2.50473537584969,0.06752182786667524,-4.893736392393168
10.21,2.50540184572375,0.06577177128957261,-4.891207467706623
10.22,2.50605080441617,0.06401965989122349,-4.894549653243707
10.23,2.50668223333828,0.06226586218636514,-4.889239369705097
10.24,2.50729611757898,0.06051083710199394,-4.883821123846443
10.25,2.50789244756387,0.0587550640049006,-4.885918524664927
10.26,2.50847121776865,0.05699897093290884,-4.896453059760762
10.27,2.50903242717505,0.055242923603782135,-4.899179600862963
10.28,2.50957607795647,0.05348738179607275,-4.896399902731236
10.29,2.51010217823398,0.051732878043575514,-4.90620244695537
10.3,2.51061074042456,0.04997984948674021,-4.918278458244864
10.31,2.51110178155454,0.04822872072239119,-4.934618584844893
10.32,2.51157532258254,0.04647990014534272,-4.941671713764263
10.33,2.51203138901113,0.044733917378503296,-4.953447284650851
10.34,2.51247001205984,0.042991282603854764,-4.972711534128339
10.35,2.51289122728752,0.041252444743988814,-5.001812063260259
10.36,2.5132950748812,0.03951776616091622,-5.020679039734208
10.37,2.51368159821273,0.037787760817975524,-5.037596570806186
10.38,2.51405084752221,0.036062999765322054,-5.068903040346242
10.39,2.51440287711744,0.034343917430009384,-5.104715906137097
10.4,2.51473774614704,0.03263091071440035,-5.140148791308362
10.41,2.51505551711977,0.030924426071587963,-5.169943611931418
10.42,2.51535625825512,0.029225027866341957,-5.210013267459458
10.43,2.51564004285349,0.02753319043934388,-5.255650739060034
10.44,2.51590694867284,0.025849341973012883,-5.3084798646574125
10.45,2.51615705760881,0.02417384944823168,-5.355311197842516
10.46,2.51639045526092,0.022507234782742636,-5.405574869328363
10.47,2.51660723362434,0.020850030941336566,-5.466057177292121
10.48,2.51680748862315,0.01920266260608076,-5.534991564170161
10.49,2.51699132079369,0.017565451234746732,-5.60098272368911
10.5,2.51715883310299,0.015938866072340296,-5.667394984395025
10.51,2.51731013531489,0.014323461304236822,-5.746947198525483
10.52,2.51744534086407,0.01271961987349135,-5.830115883534485
10.53,2.51756456752582,0.011127723245341059,-5.918979075361096
10.54,2.51766793640561,0.009548135248923137,-6.009256673353572
10.55,2.51775557285777,0.00798134046775904,-6.107004787282332
10.56,2.5178276072898,0.00642777896160777,-6.212502942861638
10.57,2.51788417374321,0.0048878191539277385,-6.324829234703199
10.58,2.51792541001374,0.0033617447743217177,-6.44156274480908
10.59,2.51795145635082,0.0018499793506099316,-6.565037360469836
10.6,2.51796245877776,0.0003529845848319428,-6.69756944593554
10.61,2.5179585663333,-0.0011289171204261392,-6.836496167359307
10.62,2.5179399317234,-0.0025954385371525688,-6.98342320439591
10.63,2.51790670997039,-0.004046246753168041,-7.1398073586855055
10.64,2.51785906049894,-0.005480930630989238,-7.304432417154961
10.65,2.517797146148,-0.006899171615426525,-7.477625864585263
10.66,2.51772113282,-0.008300682417761163,-7.6586390641261985
10.67,2.51763118913272,-0.009685213299256054,-7.853317276204749
10.68,2.51752748626683,-0.0110524291474808,-8.059149852602076
10.69,2.51741019931855,-0.012402004347504086,-8.273906191368944
10.7,2.51727950580434,-0.013733684444664867,-8.495713368881662
10.71,2.5171355859545,-0.015047276029256373,-8.735550919533226
10.72,2.51697862148779,-0.016342509933520155,-8.992151690717922
10.73,2.51680879790966,-0.017619085006337354,-9.254767001334333
10.74,2.51662630263764,-0.018876803131588165,-9.531914955391542
10.75,2.51643132535406,-0.020115468072075725,-9.822803372543559
10.76,2.51622405741878,-0.02133489469491323,-10.135835694877086
10.77,2.51600469232743,-0.02253485676177262,-10.462426942118725
10.78,2.51577342578799,-0.023715162240275,-10.802916373268989
10.79,2.51553045511915,-0.02487565346241209,-11.157842029844321
10.8,2.51527597922137,-0.026016196550145608,-11.537580124139222
10.81,2.51501019820996,-0.027136632398901593,-11.93877665449246
10.82,2.51473331410049,-0.028236804246421315,-12.353137239427841
10.83,2.51444553003998,-0.02931659985282442,-12.788853231568963
10.84,2.5141470503711,-0.030375914354026833,-13.247582430290258
10.85,2.51383808035718,-0.03141464681166717,-13.731440401017107
10.86,2.51351882636057,-0.03243269832431765,-14.234702594809756
10.87,2.51318949557314,-0.033429993586586715,-14.763100953976469
10.88,2.5128502958977,-0.03440646464140107,-15.317254131666092
10.89,2.51250143588461,-0.03536205182201509,-15.894241932206107
10.9,2.5121431246093,-0.03629671274524293,-16.49696533816316
10.91,2.51177557148458,-0.03721041594979917,-17.12579828923993
10.92,2.51139898622689,-0.03810313893393147,-17.79432943158582
10.93,2.51101357873931,-0.03897484674372972,-18.476224820979716
10.94,2.51061955931921,-0.03982554309643523,-19.17782405090324
10.95,2.51021713783239,-0.04065525445486144,-19.92035948031762
10.96,2.5098065241431,-0.041463992214145026,-20.69999757330502
10.97,2.50938792786501,-0.04225176397934701,-21.504820922558473
10.98,2.50896155864587,-0.04301859490249231,-22.30841063297431
10.99,2.50852762553207,-0.04376455697840953,-23.15224554339416
11.0,2.50808633686788,-0.04448971141309081,-24.030228290926154
11.01,2.5076379004785,-0.04519411439291021,-24.956007659039724
11.02,2.50718252358688,-0.04587780914343161,-25.869411108576035
11.03,2.50672041301122,-0.046540886099407285,-26.78509451463371
11.04,2.50625177422685,-0.047183458731647754,-27.772940255342686
11.05,2.50577681193019,-0.04780559982216308,-28.75345666433475
11.06,2.50529572998644,-0.04840741083359523,-29.72829731304906
11.07,2.5048087310666,-0.048989016069678204,-30.72410722374984
11.08,2.50431601661816,-0.04955053631396552,-31.75327008976899
11.09,2.50381778691231,-0.05009208097647526,-32.75047233916601
11.1,2.5033142411098,-0.05061378999351811,-33.72201956209242
11.11,2.5028055767169,-0.051115821360681046,-34.75259815159397
11.12,2.5022919898541,-0.05159829878148929,-35.75069272059883
11.13,2.50177367542999,-0.052061365012778804,-36.67645786505109
11.14,2.5012508266683,-0.052505197910190926,-37.59996807136493
11.15,2.50072363503203,-0.05292996604173705,-38.56954915044571
11.16,2.50019229041964,-0.05333580717905573,-39.42496798007621
11.17,2.49965698136572,-0.053722902395236805,-40.19875527239122
11.18,2.49911789419931,-0.05409145356543392,-41.02382316488559
11.19,2.49857521355682,-0.05444162386453548,-41.76253599091731
11.2,2.49802912237629,-0.05477359475774731,-42.39687733356539
11.21,2.4974798016453,-0.05508757077390403,-42.97550305299518
11.22,2.49692743027808,-0.055383754735930754,-43.57766467541371
11.23,2.49637218526401,-0.05566232028469213,-44.020985149307585
11.24,2.49581424189428,-0.05592347684325964,-44.33239931779004
11.25,2.49525377300906,-0.056167454680159754,-44.72504745985917
11.26,2.49469094945967,-0.05639443301183415,-45.00869679195165
11.27,2.49412594034875,-0.05660460535433787,-45.077443928991
11.28,2.49355891257322,-0.05679821269580776,-45.10104515940405
11.29,2.49299003055998,-0.05697548567798287,-45.1772372910688
11.3,2.49241945667301,-0.0571366141833544,-45.18381423412752
11.31,2.49184735142843,-0.057281789939001015,-44.93509390751846
11.32,2.49127387322282,-0.05741126165725493,-44.63979010174124
11.33,2.49069917775114,-0.05752527165408343,-44.413029057267565
11.34,2.49012341865356,-0.057624021901917885,-44.10724974352037
11.35,2.48954674747284,-0.057707719818185975,-43.62940874624188
11.36,2.48896931362465,-0.057776607113676125,-43.0904469192358
11.37,2.48839126389804,-0.05783092776813585,-42.5999094848986
11.38,2.4878127429088,-0.0578708971413174,-42.0842259199085
11.39,2.48723389307822,-0.057896725499114364,-41.41592938239433
11.4,2.48665485472305,-0.057908655777771934,-40.68710005801392
11.41,2.48607576547193,-0.05790693803548279,-40.03705649699768
11.42,2.48549676075181,-0.057891788312232816,-39.52332124475891
11.43,2.48491797387256,-0.057863379028429605,-38.70953868348901
11.44,2.48433953652556,-0.05782196094243538,-37.80918441439354
11.45,2.48376157714534,-0.05776780519591851,-37.14500638720123
11.46,2.48318422224714,-0.05770110829498298,-36.659451703447985
11.47,2.48260759626871,-0.05762201262589084,-35.82385711469653
11.48,2.48203182250792,-0.05753075875235547,-34.87525904692472
11.49,2.48145702074669,-0.05742761911174214,-34.34862946556596
11.5,2.48088330912126,-0.05731275813939396,-33.044255751729644
11.51,2.48031080346884,-0.0571865529108595,-32.389015393985844
11.52,2.47973961526185,-0.057049197609844914,-31.994500472927008
11.53,2.47916985622071,-0.056900809801156235,-30.821074096864695
11.54,2.4786016348494,-0.05674171986541262,-30.762817990905326
11.55,2.47803505734538,-0.056571947118662834,-29.928581296006733
11.56,2.47747023064306,-0.05639173955234167,-28.74438295137287
11.57,2.47690725622423,-0.05620145940007741,-28.418425382782008
11.58,2.47634623462648,-0.05600121729049112,-27.682875309661064
11.59,2.47578726434075,-0.05579123815750246,-27.053705324738683
11.6,2.47523044165008,-0.055571724352676544,-26.46619389468888
11.61,2.47467586099193,-0.055342867858498845,-25.854289220274143
11.62,2.47412361475824,-0.05510487206784968,-25.2666118092674
11.63,2.47357379334905,-0.0548579373835012,-24.703508017513812
11.64,2.47302648515518,-0.054602259941483045,-24.16559828970423
11.65,2.47248177665347,-0.054338031486330284,-23.643656435655227
11.66,2.47193975238658,-0.05406544328916407,-23.102323005375194
11.67,2.47140049497861,-0.05378469816666269,-22.575691987156286
11.68,2.470864084951,-0.053495997788022276,-22.1331563419438
11.69,2.47033060094883,-0.05319951892094703,-21.666977216727187
11.7,2.4698001198829,-0.05289544888506711,-21.23267245872661
11.71,2.46927271670432,-0.052583964680397166,-20.96650998379982
11.72,2.46874846486113,-0.05226518933049151,-20.483427669856866
11.73,2.46822743653632,-0.05193932777695458,-20.00806830086209
11.74,2.46770970125856,-0.05160658793133359,-19.737986660330012
11.75,2.46719532721699,-0.051267108730627495,-19.263104436134515
11.76,2.46668438085825,-0.05092110375401286,-18.953760613774655
11.77,2.46617692638152,-0.05056872969517364,-18.707540923242693
11.78,2.46567302702528,-0.050210121692317866,-18.309099455759675
11.79,2.46517274411665,-0.04984547197618798,-18.141491308123467
11.8,2.46467613734237,-0.04947489004373251,-17.859466825166045
11.81,2.46418326555538,-0.049098531873307635,-17.494192982746913
11.82,2.46369418534037,-0.048716590150018245,-17.30294786099838
11.83,2.46320895192545,-0.04832919355164019,-17.0327851165514
11.84,2.46272761912093,-0.04793650202457034,-16.779560537067844
11.85,2.46225023902606,-0.04753867173677244,-16.601998528021316
11.86,2.4617768623882,-0.04713582975324575,-16.403272766454528
11.87,2.46130753867202,-0.04672811369392423,-16.182888098962597
11.88,2.460842315859,-0.04631567426082913,-15.965142146013651
11.89,2.46038124043573,-0.045898663216481506,-15.807318895843494
11.9,2.45992435740918,-0.04547720821648967,-15.655107513413423
11.91,2.45947171065944,-0.045051435926761016,-15.474678347862353
11.92,2.45902334263466,-0.044621485021737836,-15.400638176938958
11.93,2.45857929455078,-0.04418745153881298,-15.2305658431878
11.94,2.45813960674251,-0.04374947550816281,-15.048029350119117
11.95,2.4577043177069,-0.04330770493993219,-14.97016243595238
11.96,2.4572734649446,-0.042862243002987174,-14.85211107052243
11.97,2.45684708476029,-0.04241320895759608,-14.781962354607511
11.98,2.45642521232999,-0.041960703481843296,-14.67500120269315
11.99,2.45600788186493,-0.04150484557656764,-14.567455234113597
12.0,2.45559512619954,-0.04104575599956547,-14.512349579648246
12.01,2.45518697718588,-0.04058353271933306,-14.439538647060202
12.02,2.45478346561754,-0.04011828446109922,-14.301623580048075
12.03,2.45438462113525,-0.039650151231329644,-14.278641585284339
12.04,2.45399047192983,-0.0391792185812682,-14.280799299368663
12.05,2.45360104583196,-0.03870556028674847,-14.191614630880391
12.06,2.45321636942097,-0.03822929492573642,-14.15800492523992
12.07,2.45283646829878,-0.037750518814283485,-14.093359027187933
12.08,2.45246136705548,-0.03726934246750154,-14.079526918811347
12.09,2.45209108916575,-0.03678585205256028,-14.078288915108955
12.1,2.45172565745283,-0.03630012813651273,-14.041349042780514
12.11,2.45136509372389,-0.03581226975198175,-14.034654806017594
12.12,2.45100941889698,-0.03532236155715518,-14.061660282564238
12.13,2.45065865308919,-0.03483047180751579,-14.046670441541153
12.14,2.45031281576209,-0.034336691558323196,-14.031252627769948
12.15,2.44997192526167,-0.03384111312076573,-14.065455033001218
12.16,2.44963599926382,-0.0333438040875859,-14.077649019646264
12.17,2.44930505467752,-0.0328448443222477,-14.064564299978993
12.18,2.4489791075794,-0.03234432780525598,-14.110693705476253
12.19,2.44865817310498,-0.03184231703725615,-14.166993804671813
12.2,2.44834226602013,-0.031338869204448436,-14.185139166013824
12.21,2.44803140024783,-0.030834063133400313,-14.220588302966137
12.22,2.44772558902673,-0.030327973014902348,-14.192456588048252
12.23,2.44742484473379,-0.02982070663845408,-14.277285192562937
12.24,2.4471291786696,-0.029312308669748877,-14.374328496630374
12.25,2.4468386021874,-0.028802816809144392,-14.382367446144473
12.26,2.44655312569598,-0.028292319281723415,-14.44749987799691
12.27,2.44627275896193,-0.02778087480875454,-14.524162840616674
12.28,2.44599751117965,-0.02726853473177989,-14.577922014948667
12.29,2.44572739103381,-0.026755364823823534,-14.634560965936338
12.3,2.44546240643883,-0.026241430025993516,-14.716103691576551
12.31,2.44520256481423,-0.02572678106676311,-14.789172534189422
12.32,2.44494787302613,-0.02521147206035283,-14.903455339422386
12.33,2.44469833746022,-0.02469553354073432,-14.972365574568542
12.34,2.44445396425399,-0.024179024855841558,-15.034719895023972
12.35,2.444214758662,-0.023662010120018007,-15.147004221033388
12.36,2.44398072562307,-0.023144522528580534,-15.25385899278261
12.37,2.44375186962726,-0.022626601922489296,-15.242929138840294
12.38,2.4435281946795,-0.022108364213013765,-15.374691687505168
12.39,2.44330970334414,-0.02158983047361914,-15.55698341395433
12.4,2.44309639906367,-0.02107098776024848,-15.593067282746274
12.41,2.44288828435745,-0.02055191872532373,-15.719487719746803
12.42,2.44268536131721,-0.020032654568898543,-15.74708878850758
12.43,2.4424876316195,-0.019513292126257152,-15.864660089122053
12.44,2.44229509570834,-0.018993864096028545,-16.032556863529344
12.45,2.44210775454164,-0.018474366760830772,-16.10042709439936
12.46,2.44192560838585,-0.017954867938996255,-16.18886566709394
12.47,2.44174865705088,-0.017435420147663788,-16.402613665091287
12.48,2.44157689993494,-0.016915977696592886,-16.523667071083636
12.49,2.44141033735208,-0.01639656861606535,-16.540900445615833
12.5,2.44124896811904,-0.015877304538998903,-16.693281774337624
12.51,2.44109279075761,-0.015358191866991316,-16.841317745682414
12.52,2.44094180372386,-0.014839236601319843,-16.893612499023344
12.53,2.44079600521468,-0.014320528993646183,-16.983304056275443
12.54,2.44065539216776,-0.013802125969564205,-17.17826661644528
12.55,2.44051996178805,-0.013283987783159942,-17.294578496409674
12.56,2.44038971142717,-0.01276614149135676,-17.387278161035727
12.57,2.44026463782394,-0.01224863958960339,-17.517625534241773
12.58,2.44014473743384,-0.011731498322172426,-17.64466499727069
12.59,2.44003000659216,-0.011214734262254833,-17.75165334761628
12.6,2.43992044137159,-0.010698384271579098,-17.86600243632406
12.61,2.43981603743741,-0.010182476631737103,-17.991156829558875
12.62,2.43971679030843,-0.009667025962663741,-18.09999025463102
12.63,2.43962269528269,-0.009152064824421066,-18.198472797774002
12.64,2.43953374724935,-0.008637637522338853,-18.327037661644553
12.65,2.4394499407437,-0.008123746451834299,-18.449012906714184
12.66,2.43937127049919,-0.007610398380430983,-18.548715476540583
12.67,2.43929773085563,-0.007097627985249341,-18.662789172708614
12.68,2.43922931595044,-0.006585449888759273,-18.748665104162104
12.69,2.43916601971193,-0.006073921507665503,-18.860737164484263
12.7,2.43910783533624,-0.005563050621330372,-18.97937012607524
12.71,2.43905475652295,-0.005052826881672227,-19.067796437145823
12.72,2.43900677651316,-0.004543291016771238,-19.164670116680043
12.73,2.43896388835309,-0.004034465278327885,-19.272333070347578
12.74,2.43892608489937,-0.0035263298430066037,-19.369681559115666
12.75,2.43889335944603,-0.003018879908337861,-19.44427636952869
12.76,2.43886570483784,-0.002512173696604207,-19.53027212928002
12.77,2.43884311344985,-0.0020062272103197705,-19.616863318848118
12.78,2.43882557777352,-0.0015010328314635224,-19.693309704827385
12.79,2.43881309019671,-0.0009966113948545186,-19.763574802388856
12.8,2.4388056427525,-0.0004930400219427256,-19.838665426900107
12.81,2.43880322664907,9.705476333721208e-06,-19.907687480638483
12.82,2.43880583419503,0.0005116610849490815,-19.969549638042096
12.83,2.43881345707979,0.0010127752430070618,-20.028745236826683
12.84,2.43882608686807,0.0015130393491583998,-20.0828522593318
12.85,2.43884371500423,0.0020124450615092533,-20.132973839431738
12.86,2.43886633286865,0.0025109808320674296,-20.179112991240178
12.87,2.43889393167705,0.0030086328725957108,-20.21959379426167
12.88,2.43892650255078,0.003505392323321921,-20.256728983080418
12.89,2.43896403651656,0.004001247621080821,-20.282985629418064
12.9,2.43900652450593,0.004496203071561548,-20.29837519323456
12.91,2.43905395760372,0.004990270977430397,-20.326635445467605
12.92,2.43910632687947,0.005483423910272271,-20.345473749257827
12.93,2.43916362298759,0.005975645412933014,-20.345537758483925
12.94,2.43922583670766,0.006466945381970272,-20.33901596575772
12.95,2.43929295877969,0.006957323672499942,-20.418847887247566
12.96,2.43936497977043,0.007446660195409294,-20.385235253540785
12.97,2.43944188864905,0.007934990589586466,-20.31060552639284
12.98,2.43952367643909,0.00842239602527976,-20.35045310140914
12.99,2.43961033325822,0.00890880137864869,-20.33882462426095
13.0,2.43970184912076,0.009394193353580901,-20.25029257511211
13.01,2.43979821393697,0.009878635093918398,-20.195581774638214
13.02,2.43989941866666,0.010362141676423242,-20.232297808679643
13.03,2.44000545341415,0.010844631762751966,-20.177788038761005
13.04,2.44011630793703,0.01132610956516474,-20.100560301039224
13.05,2.4402319722884,0.011806597221915757,-20.05727788759987
13.06,2.44035243651284,0.012286078416097931,-20.0617642258038
13.07,2.440477690354,0.012764498451334205,-19.955022699410925
13.08,2.4406077230519,0.013241889001143944,-19.840539314545104
13.09,2.44074252478672,0.013718283502517359,-19.810242413379928
13.1,2.44088208529446,0.014193646347337996,-19.729351002562698
13.11,2.44102639427418,0.01466797537382399,-19.623788389432598
13.12,2.4411754413899,0.0151412829710836,-19.53996805034104
13.13,2.44132921650538,0.015613563229562496,-19.46565741543851
13.14,2.44148770918753,0.016084800965510127,-19.354859194184115
13.15,2.44165090906767,0.016555002224249993,-19.24714720202682
13.16,2.44181880577236,0.017024167818239604,-19.164549495962245
13.17,2.44199138891711,0.017492280532242315,-19.074121063189374
13.18,2.44216864784486,0.017959327524178875,-18.91927711359195
13.19,2.4423505719838,0.01842533147925115,-18.793746439098317
13.2,2.44253715100298,0.0188902960874963,-18.691168831855922
13.21,2.44272837440456,0.01935420907514344,-18.561734286267637
13.22,2.44292423168044,0.019817070813662095,-18.432744702425715
13.23,2.44312471231446,0.02027888048825958,-18.298213081509633
13.24,2.44332980578454,0.020739638488661193,-18.1609849198815
13.25,2.44353950157877,0.021199345008763675,-18.023707923525386
13.26,2.44375378917628,0.021657998840070768,-17.881185208015523
13.27,2.44397265804733,0.022115600079941622,-17.734639591064518
13.28,2.44419609767221,0.022572149639477068,-17.586831886843452
13.29,2.44442409753662,0.02302764811306831,-17.42649652509255
13.3,2.44465664713386,0.023482099259245864,-17.318095151503325
13.31,2.44489373596696,0.023935481970671635,-17.179932782761966
13.32,2.44513535320382,0.02438778960643928,-16.964570014371617
13.33,2.44538148825982,0.024839050655918925,-16.810138472182626
13.34,2.44563213072397,0.02528926522066266,-16.671269689163775
13.35,2.44588727004945,0.025738424166588114,-16.506333414082448
13.36,2.44614689569438,0.02618652921551797,-16.349677524328275
13.37,2.44641099712311,0.026633579481253705,-16.15895092218179
13.38,2.44667956380739,0.027079588005477866,-15.98799725261127
13.39,2.44695258541578,0.027524558261319648,-15.853669315280754
13.4,2.44723005147508,0.027968477395334812,-15.680055727200672
13.41,2.44751195147327,0.028411348902179778,-15.501668149315659
13.42,2.44779827497987,0.028853178919567107,-15.333992744269915
13.43,2.44808901158584,0.029293969162221455,-15.146557375671179
13.44,2.44838415090529,0.029733726498189693,-15.058124003446935
13.45,2.44868368257716,0.030172418084750685,-14.893162314105103
13.46,2.44898759573065,0.03061004382648817,-14.630483191096912
13.47,2.44929588001855,0.031046644467336293,-14.486237957505576
13.48,2.44960852517723,0.031482212870596424,-14.33718010407497
13.49,2.44992552081372,0.031916741415235116,-14.163652301920747
13.5,2.45024685654754,0.032350232554079206,-14.013721100255482
13.51,2.4505725220112,0.032782682856413725,-13.752910390294934
13.52,2.45090250685058,0.03321413180552198,-13.588506366445081
13.53,2.45123680129527,0.033644579661906704,-13.516059959163874
13.54,2.45157539500344,0.03407398937551228,-13.310407101777276
13.55,2.45191827767465,0.03450237669226179,-13.126194275715724
13.56,2.45226543916056,0.0349297519419256,-12.962206260653868
13.57,2.45261686934916,0.03535611786488942,-12.752439170673108
13.58,2.45297255816649,0.03578148887499004,-12.79729058003393
13.59,2.4533324955783,0.03620578355058024,-12.601727637551637
13.6,2.45369667032868,0.03662901689643524,-12.231330176592353
13.61,2.45406507262061,0.037051275291810626,-12.170410864259432
13.62,2.4544376924774,0.03747252501183167,-12.032401984996794
13.63,2.45481451973304,0.03789275677577031,-11.869353044102688
13.64,2.4551955442267,0.03831197268933477,-11.771724428114455
13.65,2.45558075580192,0.03873015893151033,-11.326631229098854
13.66,2.45597014430572,0.0391474324267375,-11.240324035988955
13.67,2.45636370129342,0.03956376884007481,-11.356470279555925
13.68,2.45676141626749,0.03997906166759435,-11.047329406719477
13.69,2.45716327923527,0.0403933708052325,-10.88307258464305
13.7,2.45756928044041,0.040806708490611264,-10.735309460557826
13.71,2.45797941018015,0.0412190786570917,-10.520511595154394
13.72,2.45839365880766,0.041630502489731214,-10.688456979939327
13.73,2.45881201673442,0.042040857818759214,-10.442002370823504
13.74,2.4592344725758,0.04245018738407621,-10.015070688010612
13.75,2.45966101738702,0.042858609662843605,-10.059559193325878
13.76,2.46009164154237,0.043266058142088504,-9.913727802466399
13.77,2.46052633530744,0.043672532877562606,-9.774145997152326
13.78,2.46096508896211,0.0440780362856071,-9.659939378421218
13.79,2.46140789279963,0.044482564509155484,-9.421069912635673
13.8,2.46185473712562,0.04488616168374001,-9.328896367482292
13.81,2.46230561287442,0.045288813787173574,-9.287398789223866
13.82,2.46276051015838,0.04569048578867789,-9.091161644087212
13.83,2.46321941940725,0.0460912053424208,-8.970299014588836
13.84,2.46368233109362,0.046490973559924306,-8.843038718105754
13.85,2.46414923571525,0.04688979279083849,-8.733377146032538
13.86,2.46462012379519,0.047287661537738966,-8.523266023131688
13.87,2.46509498588491,0.04768461791047063,-8.437343946675767
13.88,2.46557381306637,0.048080649952934415,-8.385273102830759
13.89,2.46605659573543,0.04847573139307911,-8.20720480032713
13.9,2.466543324605,0.04886988837467706,-8.096756970177928
13.91,2.46703399042678,0.04926312249798522,-7.978341118849527
13.92,2.46752858399221,0.049655438071335066,-7.8427138317601965
13.93,2.46802709613335,0.05004684350758219,-7.860863665053343
13.94,2.468529517689,0.05043728695501108,-7.680996234178042
13.95,2.46903583878019,0.05082680042450087,-7.463812039372795
13.96,2.46954605073233,0.05121543414175293,-7.448130494600332
13.97,2.47006014442905,0.051603153744099,-7.326950773276388
13.98,2.47057811078287,0.05198996604442637,-7.222800075243949
13.99,2.47109994073522,0.05237587392999584,-7.118227636533239
14.0,2.47162562525636,0.05276088067838562,-7.021114347516079
14.01,2.47215515534537,0.053144986684250384,-6.93404659235789
14.02,2.47268852198266,0.05352818906169492,-6.8214903237184075
14.03,2.47322571614351,0.05391049675192994,-6.716219070212701
14.04,2.47376672895408,0.05429191639915917,-6.631459449191892
14.05,2.4743115515065,0.05467244605140328,-6.535794519720076
14.06,2.47486017491868,0.05505208877832901,-6.443181857782434
14.07,2.47541259033414,0.055430847130503544,-6.357922060701022
14.08,2.4759687889218,0.05580872192830396,-6.239551224611532
14.09,2.4765287618758,0.05618572917992134,-6.147773481015342
14.1,2.47709250062056,0.05656187308814935,-6.0950107650370855
14.11,2.47765999642263,0.05693714038102667,-6.001571395157978
14.12,2.47823124052586,0.05731153653345533,-5.907532324619783
14.13,2.47880622427248,0.05768506900374337,-5.82555504378205
14.14,2.47938493903535,0.05805774029549182,-5.743135838105352
14.15,2.4799673762181,0.05842955353790499,-5.654571474030013
14.16,2.48055352725536,0.05880051391584281,-5.617788174911894
14.17,2.48114338360801,0.059170604224582465,-5.518604356037949
14.18,2.48173693648473,0.05953983708148296,-5.406466724143924
14.19,2.48233417754611,0.059908232427855854,-5.36057556767615
14.2,2.48293509831038,0.060275779499811374,-5.281436516402161
14.21,2.48353969032187,0.060642482303744735,-5.208468345700394
14.22,2.48414794515083,0.06100834342277114,-5.135779399278153
14.23,2.48475985439326,0.06137336565706179,-5.067100052636922
14.24,2.48537540967077,0.06173755017358322,-5.005515298664815
14.25,2.48599460260254,0.0621008954982553,-4.929125926776012
14.26,2.48661742480424,0.06246340798848153,-4.856422972457987
14.27,2.48724386800123,0.06282509287799758,-4.796652038221199
14.28,2.48787392390167,0.06318594939695629,-4.730507685830683
14.29,2.48850758423662,0.06354598015568073,-4.666387529202118
14.3,2.48914484075973,0.0639051874026723,-4.606720985139476
14.31,2.48978568524703,0.06426357224141496,-4.5284132178230605
14.32,2.49043010949663,0.06462114560374192,-4.4637663154197735
14.33,2.49107810546285,0.06497791161792499,-4.424298281187785
14.34,2.49172966501384,0.06533386173160165,-4.362040463825499
14.35,2.49238477999056,0.06568899933274697,-4.297146850926273
14.36,2.49304344231052,0.0660433303702505,-4.2407084756779545
14.37,2.49370564391636,0.06639685692708305,-4.184013631976774
14.38,2.49437137677581,0.06674958150859242,-4.12529080722512
14.39,2.49504063288163,0.06710150759933939,-4.085789497035345
14.4,2.49571340425165,0.06745262943379515,-4.02484664347356
14.41,2.49638968281116,0.067802953110833,-3.9589787560373777
14.42,2.49706946067999,0.06815248806558705,-3.9172715575612056
14.43,2.49775272993505,0.06850123124892601,-3.8644241838198345
14.44,2.4984394826749,0.06884918540606874,-3.8140187409766275
14.45,2.49912971102057,0.06919635278550922,-3.763656532432758
14.46,2.49982340711542,0.06954273589118154,-3.7168543524603375
14.47,2.50052056312495,0.06988833534815979,-3.678875270029478
14.48,2.501221171203,0.07023314770224406,-3.622354412338263
14.49,2.50192522347943,0.07057718029932492,-3.569017226083961
14.5,2.50263271222699,0.07092043932883282,-3.53142920646486
14.51,2.50334362968095,0.07126292237159548,-3.485289879265016
14.52,2.5040579680957,0.07160463180222824,-3.441237998636541
14.53,2.50477571974452,0.07194556949540558,-3.3983244103650114
14.54,2.50549687691928,0.07228573709992711,-3.354387566407182
14.55,2.50622143193014,0.0726251374909374,-3.305122565744054
14.56,2.50694937712867,0.07296377671282366,-3.270201486128034
14.57,2.50768070492073,0.07330165277815714,-3.234528170159598
14.58,2.50841540763846,0.07363876434292038,-3.1886775964742546
14.59,2.50915347767508,0.07397511651149324,-3.150100373441369
14.6,2.50989490744232,0.07431071077200388,-3.1111619239713026
14.61,2.51063968937023,0.07464554894875594,-3.072801059490609
14.62,2.51138781590702,0.07497963288084497,-3.0353178662557925
14.63,2.51213927951883,0.07531296417292443,-2.9995780263015193
14.64,2.51289407268542,0.07564554376966459,-2.961943846410211
14.65,2.51365218789668,0.07597737411441097,-2.9250870733909204
14.66,2.51441361767746,0.07630845753681485,-2.890799290069861
14.67,2.51517835456142,0.07663879509641389,-2.855853989601587
14.68,2.51594639109892,0.07696838851883141,-2.821646313994804
14.69,2.51671771985679,0.07729723944308228,-2.7876997940297072
14.7,2.51749233341816,0.07762534961022935,-2.755150203571398
14.71,2.51827022438217,0.07795271998958983,-2.7276141703341694
14.72,2.51905138534873,0.07827934890042298,-2.6913437269328737
14.73,2.5198358089026,0.0786052405574944,-2.656139431912047
14.74,2.52062348771355,0.078930398908487,-2.6290504088577937
14.75,2.52141441443383,0.07925482291815482,-2.5978819373341757
14.76,2.52220858172955,0.0795785142235772,-2.567867952342926
14.77,2.52300598228042,0.07990147416910842,-2.5384166862699935
14.78,2.52380660877944,0.08022370401440752,-2.5090901123703317
14.79,2.52461045393266,0.08054520531756519,-2.478028596222465
14.8,2.52541751046574,0.08086598095317829,-2.451725987378792
14.81,2.52622777113271,0.08118603088816216,-2.425689994833245
14.82,2.52704122866546,0.08150535512365664,-2.396470133610238
14.83,2.52785787582384,0.08182395608914798,-2.369819788327421
14.84,2.52867770537994,0.08214183486764393,-2.3432701158346982
14.85,2.52950071011785,0.08245899264726446,-2.317111306638361
14.86,2.53032688283342,0.08277543060816184,-2.2914384741907465
14.87,2.53115621633401,0.08309114981597625,-2.2668515693991247
14.88,2.53198870343624,0.08340615086933993,-2.2413484762185067
14.89,2.53282433696249,0.08372043525300965,-2.2162547645284523
14.9,2.53366310975694,0.0840340044259221,-2.19265147967268
14.91,2.53450501466925,0.08434685903456751,-2.1687633360786247
14.92,2.53535004455921,0.08465900012106786,-2.1453440959621988
14.93,2.5361981922965,0.08497042866008424,-2.122157723549202
14.94,2.53704945076041,0.08528114566809612,-2.099583080443004
14.95,2.53790381283964,0.08559115180816942,-2.0802563220120027
14.96,2.53876127142416,0.08590044577167315,-2.05599826035216
14.97,2.53962181938952,0.08620903005799689,-2.032085377000604
14.98,2.54048544966685,0.08651690720500686,-2.0130750739429906
14.99,2.5413521551742,0.08682407635758338,-1.991726530599022
15.0,2.542221928837,0.08713053841441129,-1.9710884361065106
15.01,2.54309476358781,0.08743629407284385,-1.9507799277150137
15.02,2.543970652366,0.08774134398327564,-1.9307332288675836
15.03,2.54484958811746,0.08804568884116885,-1.910241145581035
15.04,2.54573156379621,0.0883493298388253,-1.8913668854679173
15.05,2.54661657236855,0.08865226714148688,-1.8728098941104054
15.06,2.54750460679406,0.08895450085034673,-1.8533838277610297
15.07,2.54839566004328,0.08925603192583657,-1.8349095711412893
15.08,2.54928972509201,0.08955686083622998,-1.8166213213622564
15.09,2.55018679492105,0.08985698806493655,-1.7985860872408717
15.1,2.55108686251587,0.09015641408408603,-1.7808404588762774
15.11,2.55198992086637,0.09045513927308235,-1.7643319625652163
15.12,2.55289596296448,0.09075316326840148,-1.7465646707270819
15.13,2.55380498179716,0.09105048687699051,-1.7289210748995913
15.14,2.55471697036998,0.09134711100676393,-1.7129143775200344
15.15,2.55563192168513,0.0916430354395185,-1.6963997188429427
15.16,2.55654982874743,0.09193826047542894,-1.6801862963698504
15.17,2.55747068456402,0.09223278636196024,-1.6644962989056757
15.18,2.55839448214405,0.09252661307258178,-1.6491819270251327
15.19,2.55932121449465,0.09281974046183214,-1.6332903404531
15.2,2.56025087462376,0.09311216902122185,-1.6179091091790432
15.21,2.56118345554628,0.0934038989981456,-1.6032366623633059
15.22,2.56211895027454,0.09369493019959485,-1.5884551070799124
15.23,2.56305735182111,0.09398526265817683,-1.573896404913494
15.24,2.56399865319845,0.09427489637465018,-1.559865164449225
15.25,2.56494284741858,0.09456383106348036,-1.5458113929682555
15.26,2.56588992748934,0.09485206661225729,-1.5316676569433931
15.27,2.56683988642061,0.0951396031362517,-1.5180972707277192
15.28,2.56779271722122,0.09542644041649803,-1.5047212187557877
15.29,2.56874841289727,0.09571257819359635,-1.4914834409821771
15.3,2.56970696645264,0.09599801624216772,-1.4781570695689603
15.31,2.57066837088874,0.09628275445247025,-1.4669981584394076
15.32,2.57163261920392,0.09656679107397463,-1.4535351393231237
15.33,2.57259970437321,0.09685012650111717,-1.4394551662912125
15.34,2.57356961939952,0.09713276185083405,-1.428059072298123
15.35,2.57454235727341,0.0974146960694755,-1.4154734730930796
15.36,2.57551791098342,0.09769592915758185,-1.4027828978852726
15.37,2.57649627351607,0.09797646089008498,-1.3993345643526849
15.38,2.57747743784189,0.09825628343590095,-1.382995499870228
15.39,2.57846139683436,0.09853540058734438,-1.3647769485957004
15.4,2.57944814351743,0.09881381816334578,-1.3591197399966677
15.41,2.58043767084991,0.09909153091408977,-1.3465682467929079
15.42,2.58142997178669,0.09936853923071531,-1.336317341641428
15.43,2.58242503927875,0.09964484143163792,-1.3334809542154684
15.44,2.58342286624046,0.09992042965301096,-1.316921886723375
15.45,2.58442344550827,0.100195308748674,-1.3004832068843009
15.46,2.58542677006449,0.10046948382819165,-1.295810955848522
15.47,2.58643283282115,0.10074294926758118,-1.283871065480488
15.48,2.58744162668412,0.1010157054832465,-1.2765230311765305
15.49,2.5884531445532,0.10128774873311061,-1.2737269174387817
15.5,2.5894673792629,0.10155907158290549,-1.2566088959958788
15.51,2.59048432360342,0.10182968024557612,-1.2424795648189468
15.52,2.59150397049593,0.10209957850783417,-1.2384756309430178
15.53,2.59252631278797,0.10236876054715571,-1.2271499254100475
15.54,2.59355134331836,0.10263722673766,-1.2227400744861008
15.55,2.5945790549172,0.10290497114366175,-1.218621954102439
15.56,2.59560944032125,0.10317198803090714,-1.2015879575281343
15.57,2.59664249227385,0.10343828433972599,-1.1907211303256495
15.58,2.59767820360785,0.10370386143100745,-1.186438704687234
15.59,2.59871656708923,0.10396871408826133,-1.1757652084210037
15.6,2.59975757547257,0.10423284257784864,-1.1744117785753443
15.61,2.60080122150102,0.1044962384900002,-1.168622328879264
15.62,2.60184749779283,0.10475889816517296,-1.1515784421913093
15.63,2.60289639703251,0.10502082933049699,-1.1441910884587272
15.64,2.60394791194467,0.10528203051766902,-1.1394081073920732
15.65,2.60500203519608,0.10554249730636198,-1.1291660346755839
15.66,2.60605875943927,0.1058022299536665,-1.1318266027818171
15.67,2.60711807731255,0.10606121644091138,-1.1237926641181488
15.68,2.60817998128199,0.10631945582375199,-1.1057205131758656
15.69,2.60924446396493,0.10657695764917374,-1.1024666128284941
15.7,2.61031151795946,0.10683371680234588,-1.097047540022801
15.71,2.61138113581441,0.10708972971749109,-1.0876906740754295
15.72,2.61245331006155,0.10734499633083076,-1.0909050804112914
15.73,2.61352803321555,0.10759950410916079,-1.08560134852177
15.74,2.61460529760888,0.1078532497441683,-1.06715957089517
15.75,2.61568509569995,0.1081062438715789,-1.0630361348433488
15.76,2.61676741996745,0.10835848267993035,-1.059706674118674
15.77,2.61785226281952,0.10860996086215306,-1.050977732188435
15.78,2.61893961664385,0.10886067811565944,-1.0538687592932556
15.79,2.62002947380769,0.1091106222751955,-1.0515208446866173
15.8,2.62112182649893,0.10935978726308213,-1.0334757564301011
15.81,2.62221666698714,0.10960818395346536,-1.027966114065387
15.82,2.62331398760788,0.10985581035908669,-1.0266956043933537
15.83,2.62441378060487,0.11010265936550005,-1.0186225852677748
15.84,2.62551603819768,0.11034873035565829,-1.0209113829914107
15.85,2.62662075258168,0.11059401180942471,-1.0216179206335072
15.86,2.62772791577968,0.11083849459965212,-1.0041305771517088
15.87,2.62883751984374,0.11108218960709608,-0.9970166367320651
15.88,2.6299495569422,0.11132509693198382,-0.997823083031016
15.89,2.63106401912899,0.11156720752093507,-0.9903771645973751
15.9,2.63218089842984,0.11180852041431748,-0.9919544021169772
15.91,2.63330018684235,0.112049024840577,-0.9958783533784876
15.92,2.63442187619936,0.11228870826767898,-0.9788927964155205
15.93,2.63554595830428,0.11252758158494618,-0.9699822785154795
15.94,2.63667242513316,0.11276564724214863,-0.9729500226994701
15.95,2.63780126852256,0.11300289403941566,-0.966103654149883
15.96,2.63893248027654,0.11323932064278841,-0.966866293867356
15.97,2.64006605216659,0.11347491712674722,-0.9742572912213202
15.98,2.64120197580827,0.11370966709158825,-0.9576778304650463
15.99,2.64234024272119,0.11394358148770027,-0.9467085087216103
16.0,2.64348084466235,0.11417666547065553,-0.9520021389157743
16.01,2.64462377322071,0.11440890539598329,-0.9457111007380943
16.02,2.64576901994795,0.11464029953968484,-0.9455557430154808
16.03,2.64691657635847,0.11487083890900548,-0.9569028401532309
16.04,2.64806643381967,0.11510050248234593,-0.9405053442431845
16.05,2.64921858352539,0.11532930147833964,-0.9270583232024141
16.0599999999999,2.65037301698543,0.11555724432024128,-0.934998272765417
16.07,2.65152972550715,0.11578431443624768,-0.9292439378349835
16.08,2.65268870035532,0.11601050966933239,-0.92793572311679
16.09,2.65384993275216,0.11623582222574091,-0.9435397327657798
16.1,2.65501341378519,0.11646022589809255,-0.9273865939775883
16.11,2.65617913427902,0.11668373205316515,-0.9111466365755228
16.12,2.65734708546243,0.11690635283255757,-0.9218996159840829
16.13,2.6585172583237,0.1171280684200767,-0.9166216641712938
16.14,2.65968964380272,0.11734887622916561,-0.9140372229499222
16.15,2.66086423279093,0.11756876964814644,-0.9361900116953745
16.16,2.66204101605277,0.1177877144027432,-0.9180332964446909
16.17,2.66321998396632,0.11800572475091735,-0.8969896591286205
16.1799999999999,2.66440112747751,0.11822281919831035,-0.9127011156000192
16.19,2.66558443721874,0.1184389720194079,-0.9080797867142976
16.2,2.66676990376833,0.11865417997016052,-0.9023756288866372
16.21,2.66795751765055,0.11886844087216261,-0.9192593666201193
16.22,2.66914726933557,0.11908172487258284,-0.9273042578129265
16.23,2.670339148852,0.11929401450568866,-0.8980920485882836
16.24,2.67153314639522,0.11950533856132095,-0.8954402975907946
16.25,2.67272925238707,0.11971569417214742,-0.9053645308785874
16.26,2.67392745698877,0.11992506115810302,-0.9023713822111624
16.27,2.67512775029974,0.12013343504275002,-0.892980665308088
16.28,2.67633012235761,0.12034081616859593,-0.9385845282050539
16.29,2.67753456313266,0.12054714004566813,-0.9161788301244109
16.3,2.6787410617119,0.12075242711690656,-0.8766521955308294
16.3099999999999,2.67994960832858,0.1209567204044859,-0.9080248073150523
16.32,2.68116019267094,0.12115997502517573,-0.9025289775869306
16.33,2.68237280435644,0.12136218785259908,-0.8992085033739731
16.34,2.68358743293176,0.12156335448957704,-0.9106885306258838
16.35,2.68480406787283,0.12176345004325148,-0.9345273685001728
16.36,2.68602269826331,0.12196243657841925,-0.9047872149942151
16.37,2.68724331300365,0.12216034481941826,-0.8901343123465899
16.38,2.68846590158891,0.12235718744822988,-0.910450364276666
16.39,2.6896904530993,0.12255293129483924,-0.9075386222031152
16.4,2.69091695653472,0.12274757111541876,-0.8998680099222012
16.41,2.69214540081475,0.12294110564876615,-0.9422814493107543
16.42,2.69337577477866,0.12313347139116435,-0.9345153960704005
16.4299999999999,2.69460806637297,0.12332467077231421,-0.8928944237225775
16.44,2.69584226443354,0.12351475119766939,-0.9141710628651426
16.45,2.69707835756111,0.12370367968057572,-0.9184989921567764
16.46,2.69831633414006,0.12389144099327343,-0.9164330638525423
16.47,2.69955618246346,0.12407802903541636,-0.9207972567949869
16.48,2.70079789073315,0.12426342593423456,-0.967838387640024
16.49,2.70204144682158,0.12444756207150207,-0.9350572226320917
16.5,2.70328683789291,0.1246304732833196,-0.9022991661315141
16.51,2.70453405229296,0.12481219692316674,-0.9380650945724566
16.52,2.70578307771019,0.12499267959698765,-0.9346204449686543
16.53,2.70703390172904,0.1251719155127636,-0.9289402838960056
16.54,2.70828651182991,0.1253499011294938,-0.96893158986383
16.55,2.70954089538919,0.12552657262422756,-0.9808272120709299
16.5599999999999,2.71079703885585,0.12570190635958028,-0.9328244726587188
16.57,2.71205492922165,0.12587595993464412,-0.9404328795124548
16.58,2.71331455372644,0.1260487181273251,-0.9590328031671567
16.59,2.71457589916175,0.1262201468317755,-0.9592044367001852
16.6,2.71583895220137,0.12639023702439856,-0.9483711242235526
16.61,2.71710369940128,0.12655898896709966,-1.024548878008734
16.62,2.71837012719975,0.12672629054542028,-1.0032705839420748
16.63,2.71963822047274,0.12689216289891725,-0.9389801459250775
16.64,2.7209079659076,0.12705668739448894,-0.9858927387424392
16.65,2.72217934951621,0.12721979605297234,-0.9885625553734988
16.66,2.72345235706017,0.127381473197082,-0.989957176670752
16.67,2.72472697416694,0.12754170832236142,-0.9902836565988574
16.6799999999999,2.72600318632979,0.12770048527497302,-1.0733359208065123
16.69,2.72728097867449,0.12785768178524468,-1.0284186921155583
16.7,2.72856033488757,0.12801335217587084,-0.9705108735927374
16.71,2.72984124081495,0.1281675709189023,-1.0325090869837703
16.72,2.73112368119237,0.12832024761123922,-1.028377837778485
16.73,2.73240764060262,0.1284713749367635,-1.0271497778225835
16.74,2.73369310347558,0.12862094396497809,-1.0572716759788892
16.75,2.73498005408822,0.128768897711673,-1.1188093883190686
16.76,2.73626847580137,0.12891514229699624,-1.0575682916764235
16.77,2.73755835148354,0.12905975615458515,-1.0281817087883063
16.78,2.7388496655625,0.12920277587531448,-1.0814598954143801
16.79,2.74014240143871,0.12934411979210747,-1.0802251998834536
16.8,2.74143654233769,0.12948377751300275,-1.0732390864977055
16.8099999999999,2.74273207131001,0.1296217442477284,-1.1463413016907547
16.82,2.74402897123134,0.12975790367116086,-1.1706827283932697
16.83,2.74532722327818,0.12989221329975748,-1.089296804959552
16.84,2.74662680964251,0.13002478174659604,-1.1053631719176449
16.85,2.7479277130034,0.1301555830090062,-1.1413229626815478
16.86,2.74922991522351,0.13028455538440048,-1.1446140666633677
16.87,2.7505333979651,0.13041168396366043,-1.1283990082476032
16.88,2.75183814268998,0.13053697112741514,-1.266415093304249
16.89,2.75314413065952,0.13066020995724514,-1.232122551673123
16.9,2.75445134024358,0.13078144127683564,-1.1207901225264871
16.91,2.75575975319903,0.130900818772417,-1.2068265065707453
16.92,2.75706935005284,0.1310182180881747,-1.214757655227131
16.9299999999999,2.75838011088091,0.13113361160532375,-1.220983614748528
16.94,2.75969201552804,0.13124698071981986,-1.2246583698034452
16.95,2.76100504360799,0.1313583000789209,-1.3449805710742933
16.96,2.7623191741831,0.13146738671785768,-1.298474426777554
16.97,2.76363438411192,0.13157429857859615,-1.224340261990627
16.98,2.76495065315334,0.13167913651431773,-1.3097985265777807
16.99,2.76626795954048,0.13178177352166273,-1.3045335170993877
17.0,2.76758628122986,0.13188219815757724,-1.344284727807104
17.01,2.76890559590148,0.13198034032308276,-1.3793994039795472
17.02,2.77022588026243,0.13207613920025082,-1.3514233075312698
17.03,2.77154711096227,0.13216962632641716,-1.35736183955119
17.04,2.77286926501215,0.13226078592391372,-1.3912973385767324
17.05,2.77419231874007,0.13234956012585508,-1.3825458506320145
17.0599999999999,2.77551624817396,0.13243594025183678,-1.4998979732897584
17.07,2.77684102904165,0.13251974503489805,-1.4779619213543809
17.08,2.77816663459457,0.1326009966604073,-1.4070852531056506
17.09,2.77949304070076,0.13267979092916882,-1.4876195448121432
17.1,2.78082022184759,0.13275600683690567,-1.4868545824750317
17.11,2.78214815215431,0.13282962622659378,-1.5335592404354097
17.12,2.78347680540254,0.1329005611609276,-1.6358527940077097
17.13,2.78480615399317,0.1329686515767333,-1.5727821033537244
17.14,2.78613616921916,0.1330339810777459,-1.5374047964734163
17.15,2.78746682449806,0.13309659654276257,-1.6197350731078974
17.16,2.78879809171233,0.13315637116867451,-1.6123821082893206
17.17,2.7901299423534,0.1332132914082555,-1.7179666340226354
17.1799999999999,2.79146234752164,0.13326718934599432,-1.7338151628470357
17.19,2.79279527600355,0.13331803151259702,-1.6687061764828084
17.2,2.79412869819201,0.13336590547314103,-1.7245594198342977
17.21,2.79546258393485,0.13341072505489437,-1.753051136893359
17.22,2.79679690231526,0.13345243346425026,-1.7761919925127594
17.23,2.79813162198296,0.13349097238366897,-1.9223985121330778
17.24,2.79946671056118,0.13352611608324905,-1.872357495643553
17.25,2.80080213321617,0.1335579291162607,-1.8053853958112134
17.26,2.80213785825095,0.13358650460816301,-1.9154929543392105
17.27,2.80347385200717,0.13361167749218472,-1.9086217733550115
17.28,2.8048100803362,0.13363343060099528,-2.0303323776114826
17.29,2.80614650859911,0.13365156637398606,-2.103535382986097
17.3,2.80748309931435,0.13366596685185916,-2.0073192244483606
17.3099999999999,2.80881981586749,0.1336767667270755,-2.0362689319730296
17.32,2.81015662246102,0.1336839217125944,-2.112894566120909
17.33,2.81149348176522,0.13368730900573297,-2.1065949915706974
17.34,2.81283035589068,0.13368690449255446,-2.3344629654201374
17.35,2.81416720622408,0.13368236189642188,-2.285864376051815
17.36,2.81550398959279,0.13367374403701432,-2.1617587550781914
17.37,2.81684066795453,0.1336612291214327,-2.325091278615595
17.38,2.81817720044984,0.13364457839375826,-2.329247987245715
17.39,2.81951354558591,0.13362375937623722,-2.414065418338996
17.4,2.82084966123658,0.1335986262063364,-2.5523235279862404
17.41,2.8221855031233,0.13356896348258135,-2.503132959568314
17.42,2.8235210256042,0.13353483476350458,-2.4915562969920813
17.4299999999999,2.82485618490896,0.13349625501275128,-2.576292386458461
17.44,2.82619093535024,0.13345308148100532,-2.730337526528473
17.45,2.82752523049009,0.13340506863750806,-2.757608841667892
17.46,2.82885902047552,0.13335216672149727,-2.704774713749027
17.47,2.8301922576747,0.1332944464689345,-2.8086635827944986
17.48,2.83152489282054,0.13323175067625112,-2.8771763825538823
17.49,2.83285687567398,0.13316395592557856,-2.997732150104891
17.5,2.83418815438861,0.13309087490331145,-3.000585983599027
17.51,2.83551867550819,0.13301249529899345,-3.013926752172506
17.52,2.83684838650582,0.1329287943763524,-3.0876095562047934
17.53,2.83817723317578,0.13283964603030646,-3.269769441889206
17.54,2.83950516040417,0.13274476619925907,-3.3240409907758006
17.55,2.84083210917135,0.13264406733466405,-3.2664505470300846
17.5599999999999,2.84215802252647,0.13253762950818557,-3.3745083568691228
17.57,2.84348284207402,0.13242529251077015,-3.4723141065269583
17.58,2.84480650808455,0.13230688367463403,-3.695426720209593
17.59,2.8461289585347,0.13218206634049157,-3.6688418967465735
17.6,2.84745012817095,0.13205087374600355,-3.636896226614001
17.61,2.84876995480436,0.1319133547815765,-3.7785559260237513
17.62,2.85008837339231,0.13176928891642423,-3.991371707310243
17.63,2.85140531773179,0.13161834267834127,-4.087985562389945
17.64,2.85272071692042,0.13146036936175406,-4.021496198519443
17.65,2.85403450190784,0.1312954639938265,-4.144879000129249
17.66,2.8553466024773,0.13112345055533714,-4.263197679669514
17.67,2.85665694650757,0.13094413041517447,-4.508355204548779
17.6799999999999,2.85796545965162,0.13075713745455503,-4.516732815636247
17.69,2.85927206365258,0.13056245657467141,-4.497920669749071
17.7,2.86057668314283,0.13036011964485303,-4.657662213405523
17.71,2.86187923964829,0.13014988304760333,-4.90699093409396
17.72,2.86317965325992,0.12993136042539488,-5.058995746251046
17.73,2.86447783862359,0.1297043275265068,-4.985838706701569
17.74,2.86577371169418,0.12946889231517286,-5.114375144745096
17.75,2.86706718781919,0.12922487814435168,-5.2582675141110435
17.76,2.8683581797469,0.12897204401508175,-5.6250452163838744
17.77,2.86964659766803,0.12870984214822617,-5.668969726626374
17.78,2.87093234520309,0.1284382042718228,-5.600780083684292
17.79,2.87221533041092,0.12815722748718747,-5.905246874900492
17.8,2.8734954571774,0.12786646708724536,-6.111553752180977
17.8099999999999,2.87477262616405,0.12756560308458953,-6.18778964943495
17.82,2.87604673517766,0.12725452167849188,-6.269220610604104
17.83,2.87731768204285,0.12693310046250444,-6.503117802838628
17.84,2.87858536160638,0.1266009932490042,-6.657426478654053
17.85,2.87984966553831,0.12625796460338976,-6.763274238736414
17.86,2.88111048395146,0.12590385970924953,-6.8608347826815965
17.87,2.88236770505108,0.12553850673243291,-7.309640897709644
17.88,2.88362121454343,0.12516123013659453,-7.412740803999447
17.89,2.88487088946618,0.12477186616115521,-7.339699115936073
17.9,2.88611661165587,0.12437051389739828,-7.67005054226844
17.91,2.88735825801126,0.12395666033161076,-8.083706174484856
17.92,2.88859570123638,0.12352965251467933,-8.15082513001398
17.9299999999999,2.88982880687047,0.12308937202883952,-8.129952335348822
17.94,2.89105744422779,0.12263583037907719,-8.519000233768939
17.95,2.89228147729908,0.12216841779592777,-8.774848402752832
17.96,2.89350076501977,0.12168670125701775,-8.864356225356836
17.97,2.8947151630708,0.1211905160904155,-8.973446636029298
17.98,2.89592452625071,0.12067965307825206,-9.350536113105118
17.99,2.89712870521575,0.12015348338723827,-9.542932686770063
18.0,2.89832754380998,0.11961165263414028,-9.590878450364048
18.01,2.89952088553849,0.11905403734482345,-9.769305568705
18.02,2.90070857051653,0.1184802732943191,-10.29167887043581
18.03,2.90189043438677,0.11788944224884561,-10.383801062654868
18.04,2.9030663018009,0.1172813088786473,-10.291938418404918
18.05,2.90423600274359,0.11665593132229961,-10.695877944054784
18.0599999999999,2.90539936030565,0.11601252980511327,-11.125149129929849
18.07,2.90655619066609,0.11535023899642931,-11.141232752605289
18.08,2.90770630160429,0.11466889478240298,-11.102946261825988
18.09,2.90884950445314,0.11396841470674435,-11.51545630759431
18.1,2.90998560322816,0.1132479100364033,-11.759009549451283
18.11,2.91111439389224,0.11250673061757496,-11.786409604293128
18.12,2.91223566791272,0.1117446023403986,-11.945189983311847
18.13,2.91334921425551,0.11096099309417055,-12.192684857922417
18.14,2.91445481385347,0.11015516955592923,-12.232397000611664
18.15,2.91555224224694,0.10932674522042829,-12.347038137227573
18.16,2.91664127149745,0.10847516425356307,-12.53566963179686
18.17,2.9177216659809,0.10759968451474386,-12.542778303635908
18.1799999999999,2.91879318401472,0.10669987728339678,-12.623457134881674
18.19,2.91985558024333,0.10577511783160798,-12.817743936958555
18.2,2.92090860032288,0.10482448929742076,-12.757636700809938
18.21,2.92195198230639,0.10384756889840012,-12.762155150545746
18.22,2.92298546180351,0.10284373820031631,-12.962370340447421
18.23,2.92400876382056,0.10181185742493457,-12.851043498089073
18.24,2.9250216038522,0.10075145762584725,-12.760769282206327
18.25,2.92602369580492,0.09966197713469442,-12.878325841293302
18.26,2.92701474276329,0.09854224209680333,-12.741663742574953
18.27,2.92799443785312,0.0973916684008369,-12.594219029880152
18.28,2.92896247118618,0.09620966398543596,-12.579620062643471
18.29,2.92991852297994,0.09499517379596423,-12.411557030440147
18.3,2.9308622640996,0.09374751822517347,-12.231052680067505
18.3099999999999,2.93179336030496,0.09246599883352413,-12.152878843789447
18.32,2.93271146759932,0.09114949026339803,-11.931090733978275
18.33,2.93361623111768,0.08979728873967179,-11.688166902789895
18.34,2.93450729176975,0.08840869760692316,-11.625840033432418
18.35,2.93538427901964,0.08698220251950699,-11.35082553448839
18.36,2.93624680710217,0.0855170777701697,-11.029613055495455
18.37,2.9370944894747,0.0840127630249025,-10.948417014699995
18.38,2.93792692607781,0.08246745360324845,-10.646847847346343
18.39,2.93874369926177,0.08088032566975212,-10.297875508625806
18.4,2.93954439096634,0.07925082309508577,-10.109875170592204
18.41,2.94032856950257,0.07757739078357861,-9.805901820059713
18.42,2.9410957892328,0.07585907398401186,-9.486484754917985
18.4299999999999,2.94184559849942,0.07409503967375312,-9.19826710767959
18.44,2.94257753406306,0.07228421371282176,-8.897291683792542
18.45,2.9432911233838,0.07042557710711383,-8.59971068460949
18.46,2.9439858826623,0.06851806984099484,-8.312034401810104
18.47,2.94466131804049,0.06656052279680655,-8.012148116781043
18.48,2.94531692293566,0.0645519112691062,-7.698735404488035
18.49,2.94595218283506,0.06249138088632774,-7.46201881578496
18.5,2.94656657166657,0.06037711598075868,-7.175806868850913
18.51,2.94715954218141,0.05820792396668366,-6.875389254601492
18.52,2.94773054378877,0.05598291734842942,-6.631003353382285
18.53,2.94827900893666,0.05370037148383726,-6.360195256680499
18.54,2.94880435562676,0.05135906905606354,-6.070280586136065
18.55,2.94930599230727,0.04895843870256582,-5.82158860862736
18.5599999999999,2.94978332246692,0.046497215150072733,-5.578270117476964
18.57,2.95023573101363,0.043974200507405456,-5.312041044675942
18.58,2.95066259945963,0.04138919359667852,-5.0902158934703685
18.59,2.95106330418806,0.03874097908985001,-4.873782752491655
18.6,2.95143720463076,0.036028388472993576,-4.654465710793116
18.61,2.95178365489189,0.03325075052832786,-4.456911826785282
18.62,2.95210199847351,0.030406798664014044,-4.270007699372373
18.63,2.95239156486666,0.027494968620408088,-4.080615669748793
18.64,2.95265166858924,0.024514362981142845,-3.9006721095325654
18.65,2.95288161958328,0.021464037550592934,-3.7338693324593444
18.66,2.95308071264873,0.018342569543424357,-3.5667856182503517
18.67,2.95324823283651,0.015149545600397682,-3.4052791830208915
18.6799999999999,2.95338346626987,0.011885541098336876,-3.263291838557666
18.69,2.95348570308035,0.008549107981496256,-3.122635061799785
18.7,2.95355420966765,0.0051410995625741,-2.9917257922704827
18.71,2.95358828706097,0.0016619374374175304,-2.8727096459076154
18.72,2.95358720616732,-0.00189012121392107,-2.7569293332716645
18.73,2.95355024258522,-0.005514749240231875,-2.648806506729261
18.74,2.95347666840732,-0.009212197107755227,-2.5463856930364592
18.75,2.9533657548898,-0.01298276867942964,-2.4490596549501844
18.76,2.95321676825689,-0.016826884231968542,-2.3590886052067246
18.77,2.95302897362331,-0.020744201344491398,-2.2800750615599545
18.78,2.95280164438324,-0.024733266447337275,-2.194846434566955
18.79,2.95253406806194,-0.028794860085767926,-2.136270056521854
18.8,2.95222551573961,-0.03292574408224613,-2.0756553826009405
18.8099999999999,2.95187532768456,-0.03712388927331982,-2.00218454290695
18.82,2.95148281065407,-0.04139065558502002,-1.955509851842866
18.83,2.95104729409042,-0.04572342029157683,-1.900922299659176
18.84,2.95056812565669,-0.050121275666403786,-1.8580675348104945
18.85,2.95004465814051,-0.05458224635798888,-1.8165553118917797
18.86,2.94947627613476,-0.05910455654350629,-1.7730326823886895
18.87,2.94886236747794,-0.06368704815049586,-1.7553192557851878
18.88,2.94820234714135,-0.06832567283832822,-1.7174207711335585
18.89,2.94749567197129,-0.07301911285122846,-1.6982924450657033
18.9,2.94674179282216,-0.07776426109191345,-1.6876414462536773
18.91,2.94594022646657,-0.08255721165260818,-1.6555719777102376
18.92,2.94509049443462,-0.08739682235584893,-1.660280011465511
18.9299999999999,2.94419215026928,-0.09227814098315967,-1.6464840644806207
18.94,2.94324480192654,-0.09719838365015813,-1.6373210069767692
18.95,2.94224806331991,-0.10215461726467516,-1.6480971972005403
18.96,2.94120160487768,-0.10714203159531607,-1.6377001448130577
18.97,2.94010512795016,-0.11215813060018176,-1.6551698419388714
18.98,2.93895836275998,-0.11719797335002133,-1.66344699833301
18.99,2.93776110205033,-0.12225767720773033,-1.6673002858611627
19.0,2.93651315448104,-0.12733404208574348,-1.6974779273203557
19.01,2.93521438298357,-0.1324216743535815,-1.7082272708399056
19.02,2.93386469527619,-0.13751712510398456,-1.7342092758510848
19.03,2.93246402933396,-0.14261592915261562,-1.7635569236329645
19.04,2.93101238029664,-0.14771355772865333,-1.7858279684732898
19.05,2.92950977464548,-0.15280634666347734,-1.8229267256813466
19.0599999999999,2.92795628469579,-0.15788969349067594,-1.8586749609128794
19.07,2.92635202612678,-0.16295938484641725,-1.8933842408616595
19.08,2.92469715536592,-0.16801158494692178,-1.9336122974947438
19.09,2.92299186618809,-0.1730422961586764,-1.9853930818695624
19.1,2.9212363953799,-0.17804705528166415,-2.0188196382161525
19.11,2.91943102177766,-0.1830229126635737,-2.0713291470170403
19.12,2.91757604671628,-0.18796592137914442,-2.135556316387647
19.13,2.91567182639876,-0.19287174270024762,-2.16402383271562
19.14,2.9137187429142,-0.19773848604867825,-2.23657780530978
19.15,2.91171720048505,-0.20256194807334316,-2.293165596749514
19.16,2.90966765773244,-0.20733912966399334,-2.3295015811059447
19.17,2.90757057871348,-0.2120683467610814,-2.4264395170244035
19.1799999999999,2.90542646430132,-0.21674507849141675,-2.449766980949768
19.19,2.90323585464742,-0.22136875554467825,-2.5140799296366194
19.2,2.90099927462293,-0.22593695663508293,-2.6187172622859096
19.21,2.89871731195172,-0.230445683354219,-2.619486583776753
19.22,2.89639055753193,-0.2348958407669207,-2.711739025636056
19.23,2.89401959992193,-0.23928448007960088,-2.7917840913055207
19.24,2.89160507927664,-0.24360938087382897,-2.805833087417326
19.25,2.88914762351895,-0.24787118758136106,-2.8883668652612853
19.26,2.88664787201295,-0.2520679541581787,-2.9494025270215096
19.27,2.88410648432217,-0.256198641165295,-2.9916003531577995
19.28,2.88152412020138,-0.2602630519565071,-3.0443607926221232
19.29,2.87890144596623,-0.26426066577292706,-3.102093238223072
19.3,2.87623913140021,-0.26819085703400825,-3.1462283324504328
19.3099999999999,2.87353785380556,-0.27205351761205127,-3.182287803481545
19.32,2.8707982857601,-0.27584881157974495,-3.2353405813660747
19.33,2.8680211029588,-0.27957641538525574,-3.2674600432784593
19.34,2.8652069820157,-0.28323663416259803,-3.29778392765558
19.35,2.86235659369659,-0.2868298318696542,-3.331538545107337
19.36,2.85947060776193,-0.2903562697258111,-3.349604866235523
19.37,2.856549688753,-0.29381659048190273,-3.375681228715774
19.38,2.85359449483408,-0.2972112126219284,-3.3900586525113177
19.39,2.85060568113162,-0.3005408179298471,-3.39199376711955
19.4,2.84758389230552,-0.30380632617414605,-3.4135643982805957
19.41,2.8445297666761,-0.30700815586283126,-3.410829825495427
19.42,2.84144393833082,-0.31014723459983723,-3.403086178033358
19.4299999999999,2.83832702803756,-0.3132245419014209,-3.4127757693805636
19.44,2.83517965134918,-0.316240631024578,-3.393925387013023
19.45,2.83200241585115,-0.3191966040213434,-3.379454252014647
19.46,2.82879591656249,-0.322093414670932,-3.3740495940984383
19.47,2.8255607422266,-0.3249317789153198,-3.345180213984885
19.48,2.82229747211329,-0.32771282291581183,-3.3229333879024763
19.49,2.81900667372739,-0.3304374911479872,-3.3036891113943687
19.5,2.81568890731871,-0.3331066195402651,-3.266254385568915
19.51,2.81234472280772,-0.3357213307246809,-3.2382584125389995
19.52,2.80897465910076,-0.33828252519874463,-3.2087986740332055
19.53,2.80557924767075,-0.3407910853947612,-3.1640070783161542
19.54,2.8021590092468,-0.3432481188939981,-3.1318421425699983
19.55,2.79871445422341,-0.3456544695239594,-3.09507936802556
19.5599999999999,2.79524608578932,-0.34801102183408633,-3.0460019881882663
19.57,2.79175439635379,-0.35031883222890936,-3.009732733320772
19.58,2.78823986890993,-0.3525787067904185,-2.96729601019069
19.59,2.78470297905576,-0.35479152024667415,-2.9175766007962416
19.6,2.78114419221993,-0.3569582387561554,-2.876627385165581
19.61,2.77756396526339,-0.3590796579120167,-2.8306213769749666
19.62,2.77396274722171,-0.361156626957726,-2.7817131394969405
19.63,2.77034097801944,-0.36319001917733595,-2.7377370876580653
19.64,2.76669908950326,-0.36518060839289734,-2.689959941816254
19.65,2.76303750581707,-0.36712920816990663,-2.640917044326509
19.66,2.7593566426099,-0.36903663569009354,-2.594015980004626
19.67,2.75565690785295,-0.370903650759317,-2.5528255122832815
19.6799999999999,2.75193870207311,-0.37273091066700736,-2.5043913532858357
19.69,2.74820241961387,-0.37451917556030245,-2.453533969592949
19.7,2.7444484459773,-0.376269232816003,-2.410842514694961
19.71,2.74067716015371,-0.3779817313683598,-2.3662237551454637
19.72,2.73688893432975,-0.3796573355694055,-2.3209111896152623
19.73,2.73308413419767,-0.3812967152538316,-2.276001310304664
19.74,2.72926311859731,-0.38290052724151796,-2.232724530083905
19.75,2.72542624012465,-0.3844693979680902,-2.1883946319168794
19.76,2.72157384501457,-0.38600396206084725,-2.146876289897653
19.77,2.71770627329192,-0.3875048065029252,-2.106362410325707
19.78,2.71382385938277,-0.3889724992192349,-2.0641189962702198
19.79,2.7099269318506,-0.3904076319237541,-2.0229017121560835
19.8,2.70601581339032,-0.3918107777794999,-1.9847893283300815
19.8099999999999,2.70209082118317,-0.3931824590069059,-1.9476212765216174
19.82,2.69815226737687,-0.3945231840740804,-1.9067449466114643
19.83,2.69420045882383,-0.3958335172224067,-1.8679610018664594
19.84,2.69023569660449,-0.3971139894027531,-1.8344524785601963
19.85,2.68625827707082,-0.3983650495431812,-1.7999076811880255
19.86,2.68226849208112,-0.399587163044927,-1.7617005954057248
19.87,2.67826662858205,-0.40078085193133717,-1.727174064904546
19.88,2.67425296825972,-0.4019465832852546,-1.696288716947456
19.89,2.67022778873138,-0.40308476758024553,-1.66423222442928
19.9,2.66619136326999,-0.4041958367177467,-1.6281844022354783
19.91,2.66214396077384,-0.40528028324569404,-1.5976590698843178
19.92,2.65808584500553,-0.4063385171625744,-1.5708279337454685
19.9299999999999,2.65401727660518,-0.40737089199316034,-1.540465871347095
19.94,2.64993851198022,-0.40837781783693944,-1.508525146998112
19.95,2.64584980361054,-0.4093597365841732,-1.476337330043345
19.96,2.64175139918884,-0.41031709000299105,-1.4531766932163779
19.97,2.63764354266424,-0.4112501846339267,-1.4278949471777824
19.98,2.63352647521018,-0.4121593576859965,-1.399315864519524
19.99,2.62940043393733,-0.4130450032342285,-1.3711016912976406
20.0,2.62526565229588,-0.4139075123560043,-1.3471784325267488
20.01,2.62112235973795,-0.4147472106281821,-1.3248747625788124
20.02,2.61697078309786,-0.4155643995952474,-1.3003100602695503
20.03,2.61281114562855,-0.4163594201094356,-1.2737771830018676
20.04,2.60864366737211,-0.4171326455794211,-1.2511741231433857
20.05,2.60446856434508,-0.417884389671667,-1.232240148192655
20.0599999999999,2.60028605029963,-0.41861491115540533,-1.2099056089583848
20.07,2.59609633580931,-0.41932452292299993,-1.186643183871061
20.08,2.5918996284246,-0.4200135599115917,-1.162727008084042
20.09,2.5876961320956,-0.42068236455049535,-1.1458020567318767
20.1,2.58348604777934,-0.42133117411709,-1.127730850372267
20.11,2.57926957439329,-0.42196024283917,-1.106734358510631
20.12,2.57504690770017,-0.42256987639475163,-1.0847034126542292
20.13,2.57081824060294,-0.42316039805777583,-1.067457318490474
20.14,2.56658376262391,-0.423732057875,-1.0519859071701603
20.15,2.56234366155014,-0.42428507945632876,-1.0326758869670873
20.16,2.55809812222277,-0.42481974647697873,-1.0149412684205708
20.17,2.55384732692858,-0.4253363235096027,-0.9981394555824012
20.1799999999999,2.54959145522867,-0.42583506021414885,-0.9826328850798695
20.19,2.54533068441849,-0.4263161877095597,-0.9666758128175409
20.2,2.54106518936775,-0.4267799459609386,-0.9503491157346536
20.21,2.53679514256637,-0.42722658408350656,-0.9337125152203886
20.22,2.53252071392702,-0.42765635575415795,-0.9201684882321544
20.23,2.52824207098267,-0.42806946814191915,-0.9065519657696159
20.24,2.52395937938865,-0.42846612988934885,-0.8918926549886275
20.25,2.51967280243644,-0.4288465715414895,-0.874383412248573
20.26,2.5153825011439,-0.42921106707606665,-0.8619935185887468
20.27,2.51108863360965,-0.4295598119843295,-0.8514591903044615
20.28,2.50679135682346,-0.42989297321293085,-0.8365527110849206
20.29,2.50249082531104,-0.4302107861325159,-0.8231026384441655
20.3,2.49818719154057,-0.4305134688912582,-0.8101561109109034
20.3099999999999,2.49388060568243,-0.43080123025014405,-0.7989894089628043
20.32,2.48957121606153,-0.43107425250257236,-0.7869353852430139
20.33,2.48525916910874,-0.4313327318805146,-0.7750043893557358
20.34,2.48094460925136,-0.43157686444682175,-0.7638741708452905
20.35,2.47662767902673,-0.43180683504233286,-0.7527075542901123
20.36,2.47230851913907,-0.43202282957791605,-0.7417642444818535
20.37,2.4679872684155,-0.4322250310330881,-0.731857624752465
20.38,2.46366406391087,-0.43241361004033496,-0.7191059632021463
20.39,2.4593390409251,-0.43258878069750706,-0.7088364776922316
20.4,2.45501233242071,-0.4327507189722709,-0.7010190697066992
20.41,2.45068407017792,-0.43289956291316567,-0.6904916120182574
20.42,2.4463543842101,-0.4330354924148942,-0.6804724051081082
20.4299999999999,2.4420234027898,-0.43315868371916294,-0.6700927813153787
20.44,2.43769125240554,-0.43326931771474253,-0.6615852746594623
20.45,2.43335805778774,-0.43336754647865794,-0.6531757951336651
20.46,2.42902394231939,-0.43345352038424156,-0.6441857674299758
20.47,2.42468902767804,-0.43352740197125283,-0.6334898725817142
20.48,2.42035343397405,-0.433589380297017,-0.625351783061757
20.49,2.41601727926157,-0.4336396045342787,-0.6186159282472249
20.5,2.41168068062327,-0.4336782023119786,-0.609117452110959
20.51,2.40734375341591,-0.4337053430748935,-0.6016532736466589
20.52,2.40300661148621,-0.43372116709008796,-0.5943881675157225
20.53,2.39866936733408,-0.4337258113079982,-0.5861324890581103
20.54,2.39433213201944,-0.43371942866182733,-0.5784281042175896
20.55,2.38999501503871,-0.43370216424379143,-0.5715168561121177
20.5599999999999,2.38565812456267,-0.4336741509605095,-0.5642100676854526
20.57,2.38132156738917,-0.4336355275256406,-0.5573219688354
20.58,2.37698544893838,-0.4335864267618339,-0.5506428304630627
20.59,2.37264987334747,-0.4335269780070039,-0.5444954954365083
20.6,2.36831494344049,-0.433457305501069,-0.5356157869875187
20.61,2.36398076076689,-0.4333775765720027,-0.5277200166232608
20.62,2.35964742495387,-0.43328794185050573,-0.5238528939366505
20.63,2.35531503464315,-0.4331884891699926,-0.5174376870429975
20.64,2.35098368747263,-0.433079344332743,-0.5103148595473048
20.65,2.34665347961737,-0.43296064517534727,-0.5056444540085467
20.66,2.34232450606756,-0.43283249342565744,-0.49912682614287324
20.67,2.33799686082363,-0.4326950187418318,-0.49236705005498915
20.6799999999999,2.33367063633379,-0.4325483549868207,-0.48763657794608806
20.69,2.32934592399623,-0.4323926063464989,-0.480809618819778
20.7,2.32502281404678,-0.4322279077705919,-0.47511629242760806
20.71,2.32070139528913,-0.43205437716798967,-0.47068782180116975
20.72,2.31638175560946,-0.4318721127208436,-0.46494814525996675
20.73,2.31206398175783,-0.43168123211185055,-0.45969702144364233
20.74,2.30774815932288,-0.431481846123849,-0.45519312443874294
20.75,2.30343437284991,-0.4312740543389889,-0.4498457040469938
20.76,2.29912270588096,-0.43105796927592754,-0.4445787453280763
20.77,2.29481324074315,-0.43083370215783645,-0.44058149660491047
20.78,2.29050605878191,-0.43060134719066595,-0.43365185368222453
20.79,2.28620124031645,-0.4303610417107806,-0.4292412489324607
20.8,2.28189886413024,-0.43011288442565965,-0.42634382065283416
20.8099999999999,2.27759900853508,-0.42985695039483207,-0.42069612624739233
20.82,2.27330175066203,-0.42959335591133224,-0.4162432337962351
20.83,2.26900716661815,-0.4293222013399952,-0.41175608119685
20.84,2.26471533150416,-0.42904358646859897,-0.4074350927925159
20.85,2.26042631943292,-0.42875760852758205,-0.4031677815095159
20.86,2.25614020355642,-0.4284643639003309,-0.398848614647337
20.87,2.25185705605954,-0.42816394913689493,-0.39523851787539055
20.88,2.24757694818516,-0.4278564502032604,-0.39117186328850334
20.89,2.24329995035927,-0.42754195981816734,-0.3870337982650842
20.9,2.23902613197865,-0.42722057236973904,-0.38303135459392457
20.91,2.23475556158564,-0.42689238137375946,-0.37799747798231104
20.92,2.23048830668049,-0.42655749474324417,-0.37471277860965074
20.9299999999999,2.22622443373884,-0.4262159939228442,-0.3713699564059612
20.94,2.22196400857344,-0.42586796033593133,-0.3672710570665819
20.95,2.21770709599998,-0.4255134869340149,-0.36362993331511995
20.96,2.21345376000992,-0.4251526606580606,-0.35967884035970377
20.97,2.20920406366276,-0.42478557247256726,-0.35612432464909605
20.98,2.20495806915465,-0.4244123069401806,-0.35304785375009534
20.99,2.20071583785453,-0.4240329413204069,-0.34942970829376097
21.0,2.1964774303769,-0.42364756092464484,-0.3457825081044677
21.01,2.19224290639921,-0.42325625189743404,-0.34233398332587767
21.02,2.18801232482305,-0.42285909753410067,-0.3386754174907946
21.03,2.18378574365142,-0.4224561834822449,-0.33567501334824495
21.04,2.17956322009867,-0.4220475855172342,-0.33252582114692875
21.05,2.17534481062204,-0.4216333818892526,-0.32855587760925364
21.0599999999999,2.17113057085008,-0.4212136628735763,-0.3253661622948399
21.07,2.16692055548941,-0.420788507113834,-0.32250119054382054
21.08,2.16271481858246,-0.4203579880278567,-0.3190194192034782
21.09,2.15851341333474,-0.4199221877323911,-0.3159404686527905
21.1,2.15431639217606,-0.41948118283599756,-0.31272173583601204
21.11,2.1501238067661,-0.41903505160652743,-0.3095387770614662
21.12,2.14593570797366,-0.4185838716925794,-0.3064613640399723
21.13,2.14175214590832,-0.4181277190106562,-0.3033716956626338
21.14,2.13757316991693,-0.4176666693998262,-0.3003402634222935
21.15,2.13339882859354,-0.41720079774601276,-0.29730116126438505
21.16,2.1292291697834,-0.416730179213598,-0.29393578723127867
21.17,2.1250642405696,-0.4162548933764073,-0.2909993826004436
21.1799999999999,2.12090408723104,-0.41577501330939404,-0.28823497695031913
21.19,2.11674875537983,-0.4152906094630223,-0.28494383320142075
21.2,2.11259828986237,-0.4148017597407609,-0.28185068234775856
21.21,2.1084527347558,-0.41430853921757826,-0.2789574635914842
21.22,2.10431213340769,-0.4138110197004238,-0.27597676987877917
21.23,2.1001765284485,-0.41330927403157397,-0.27290447880739904
21.24,2.09604596176802,-0.4128033762487493,-0.26992208782417126
21.25,2.09192047452223,-0.4122933989336756,-0.26696447977219423
21.26,2.08780010714738,-0.411779414101184,-0.2639357426752109
21.27,2.08368489935542,-0.4112614946593429,-0.2608509413516814
21.28,2.07957489012568,-0.4107397140668249,-0.25791198173092383
21.29,2.07547011770775,-0.41021414342799306,-0.25501431877990466
21.3,2.07137061965404,-0.4096848532067451,-0.25178559017647345
21.3099999999999,2.06727643279366,-0.4091519183099949,-0.24874651194872283
21.32,2.06318759319777,-0.4086154107615888,-0.24587072019893652
21.33,2.05910413625479,-0.40807539998059345,-0.242776036211818
21.34,2.05502609663447,-0.40753195823425664,-0.2396400769863062
21.35,2.05095350828493,-0.40698515824891446,-0.2366015023908532
21.36,2.046886404427,-0.40643507108597543,-0.23358248421025157
21.37,2.0428248175849,-0.40588176726617337,-0.2304484105229454
21.38,2.03876877956455,-0.40532531865368576,-0.22734622098026516
21.39,2.03471832145727,-0.40476579646382777,-0.2242489099263009
21.4,2.0306734736444,-0.40420327153332847,-0.22113938473484004
21.41,2.02663426579936,-0.403637814659578,-0.21793123889268265
21.42,2.02260072688527,-0.403069497703068,-0.21478343705111871
21.4299999999999,2.01857288514338,-0.4024983914025097,-0.21165976286839103
21.44,2.01455076812093,-0.4019245658661778,-0.20843379713277554
21.45,2.01053440265294,-0.4013480923007351,-0.20521565682625706
21.46,2.00652381486569,-0.40076904155167403,-0.2019983512007713
21.47,2.00251903017755,-0.40018748412299726,-0.19874734182054485
21.48,1.99852007330401,-0.39960349058426237,-0.1955500213700695
21.49,1.99452696825426,-0.3990171304664207,-0.1922924478226321
21.5,1.99053973834948,-0.39842847381615554,-0.18894712310969827
21.51,1.98655840619728,-0.39783759152642506,-0.1856652536395368
21.52,1.98258299370611,-0.3972445532368511,-0.1824380730524021
21.53,1.97861352209047,-0.3966494274616539,-0.17911045311676713
21.54,1.97465001188342,-0.3960522837102409,-0.17573613596395696
21.55,1.97069248291116,-0.3954531917175116,-0.17247892829380695
21.5599999999999,1.96674095431686,-0.39485221931125175,-0.1691206695947963
21.57,1.96279544456409,-0.39424943520591416,-0.16574913421571466
21.58,1.95885597142421,-0.3936449078682477,-0.16247832923018993
21.59,1.95492255199467,-0.39303870405908437,-0.15909663934394053
21.6,1.95099520270569,-0.3924308915348322,-0.15571587562068373
21.61,1.94707393930302,-0.3918215375669258,-0.1524740149185914
21.62,1.94315877687519,-0.39121070721651424,-0.14908336669774247
21.63,1.9392497298587,-0.3905984669800763,-0.1457152512016119
21.64,1.93534681201711,-0.38998488258442654,-0.14249920992882478
21.65,1.93145003647599,-0.3893700173638326,-0.139122557964739
21.66,1.92755941572364,-0.38875393617698506,-0.13580514514936926
21.67,1.9236749615946,-0.3881367026330037,-0.13262805219007542
21.6799999999999,1.91979668530723,-0.3875183780892503,-0.12928521186945074
21.69,1.91592459746067,-0.3868990254410047,-0.12604860376032517
21.7,1.91205870802291,-0.3862787057232494,-0.12294128796015955
21.71,1.90819902637296,-0.3856574778496639,-0.11965670129121
21.72,1.90434556129234,-0.38503540237325906,-0.11652682916051518
21.73,1.90049832095807,-0.38441253738607706,-0.11350580931352053
21.74,1.89665731298858,-0.3837889391005748,-0.11031307847209852
21.75,1.89282254442921,-0.3831646652585008,-0.1073200363195997
21.76,1.88899402175353,-0.38253977060149214,-0.10440025154005038
21.77,1.88517175090869,-0.38191430842249297,-0.10132837236436774
21.78,1.8813557372966,-0.3812883332592406,-0.09851236100892626
21.79,1.87754598578447,-0.3806618959750948,-0.09572627861059939
21.8,1.87374250075088,-0.3800350465120043,-0.0927995278128024
21.8099999999999,1.86994528605994,-0.37940783589207977,-0.09018894548465169
21.82,1.8661543450818,-0.3787803107618985,-0.08756408067662654
21.83,1.86236968073888,-0.378152517369255,-0.08482061683347807
21.84,1.85859129547383,-0.37752450276524374,-0.08243588882662185
21.85,1.85481919128049,-0.3768963091589991,-0.07999571507023646
21.86,1.85105336974651,-0.3762679788410125,-0.0774753500199465
21.87,1.8472938320194,-0.37563955444649044,-0.07533526050576085
21.88,1.84354057884603,-0.375011073558997,-0.0731113995225067
21.89,1.83979361061023,-0.3743825741711634,-0.07085101471475416
21.9,1.83605292730023,-0.3737540941262533,-0.06896037503513217
21.91,1.83231852855354,-0.3731256663856634,-0.06699121981566371
21.92,1.82859041368766,-0.3724973242550759,-0.06502587563983829
21.9299999999999,1.82486858167595,-0.3718691004498287,-0.06339197531946844
21.94,1.82115303119012,-0.37124102330241737,-0.06170896607564653
21.95,1.8174437606272,-0.370613121160183,-0.0600627917330155
21.96,1.81374076809395,-0.36998542142758406,-0.05870538086157644
21.97,1.81004405144581,-0.3693579476788297,-0.05732994292301487
21.98,1.80635360831031,-0.36873072317382316,-0.05601632982050546
21.99,1.80266943607954,-0.3681037699783322,-0.0549564927746409
22.0,1.79899153194465,-0.3674771067836739,-0.05391292691856032
22.01,1.79531989291793,-0.3668507516101538,-0.05294766369696901
22.02,1.79165451583147,-0.36622472114533067,-0.05219682663314103
22.03,1.78799539736732,-0.3655990292089184,-0.05150061815112752
22.04,1.78434253407721,-0.3649736885548316,-0.050903259296843834
22.05,1.78069592238892,-0.36434871043183514,-0.05046577278275503
22.0599999999999,1.77705555863085,-0.3637241038934147,-0.05012804587622277
22.07,1.77342143904826,-0.3630998764710773,-0.04991304091179257
22.08,1.76979355981914,-0.3624760339878371,-0.04979398195419984
22.09,1.76617191707177,-0.3618525808401737,-0.049820963225119974
22.1,1.76255650689747,-0.36122951945099885,-0.049994245547729695
22.11,1.75894732537572,-0.3606068503385,-0.05020146897549068
22.12,1.75534436858486,-0.3599845733316602,-0.05059509307161431
22.13,1.75174763261151,-0.359362685913169,-0.051157481342709185
22.14,1.74815711358359,-0.35874118348442713,-0.05169539260694733
22.15,1.74457280767514,-0.35812006144424297,-0.05245526776573403
22.16,1.74099471111203,-0.3574993125341597,-0.05340612206352755
22.17,1.73742282021234,-0.3568789272562656,-0.05426352428449806
22.1799999999999,1.73385713138529,-0.35625889689442175,-0.055390340998759
22.19,1.73029764113197,-0.3556392096326577,-0.05674225088138081
22.2,1.7267443460964,-0.35501985112716405,-0.05792046846433827
22.21,1.72319724305714,-0.35440080873333135,-0.0593782700889921
22.22,1.71965632892191,-0.353782066693494,-0.06110392752054894
22.23,1.71612160078405,-0.3531636063000776,-0.06266780244355057
22.24,1.7125930559149,-0.3525454104889229,-0.06440574762167801
22.25,1.70907069175707,-0.3519274602959255,-0.0664577846114491
22.26,1.70555450596474,-0.3513097333645854,-0.06845347774209228
22.27,1.70204449641828,-0.3506922079400769,-0.07044421997530063
22.28,1.69854066120833,-0.35007486229949686,-0.0728004573807865
22.29,1.6950429986586,-0.3494576708782523,-0.07521678180557409
22.3,1.69155150736324,-0.34884060756324814,-0.07745603975717356
22.3099999999999,1.68806618616295,-0.3482236480905676,-0.08009920755689028
22.32,1.68458703415072,-0.3476067640552453,-0.08291165283386327
22.33,1.68111405072931,-0.34698992544826,-0.08539548502929256
22.34,1.67764723558075,-0.3463731056796723,-0.08830929037507376
22.35,1.67418658865698,-0.34575627385265983,-0.09148818846624149
22.36,1.67073211025364,-0.3451393965633395,-0.09421384237836702
22.37,1.66728380097475,-0.3445224450922565,-0.09738539175968429
22.38,1.66384166171051,-0.3439053863750689,-0.100862625870669
22.39,1.66040569372301,-0.3432881844519213,-0.10390289613703452
22.4,1.65697589860473,-0.3426708079196613,-0.10727031673490518
22.41,1.65355227826274,-0.34205322234166874,-0.11096088449922671
22.42,1.65013483497871,-0.34143539022234254,-0.11439036371855706
22.4299999999999,1.64672357139585,-0.3408172769206519,-0.11790224877168012
22.44,1.64331849049629,-0.34019884724357985,-0.12178017121835212
22.45,1.63991959563386,-0.33958006259149726,-0.1255746492289125
22.46,1.63652689055202,-0.3389608855028296,-0.1292267599440735
22.47,1.63314037935267,-0.3383412801915046,-0.13327712957416565
22.48,1.62976006650711,-0.33772120724266574,-0.13738830849125364
22.49,1.62638595689756,-0.33710062701075016,-0.14118488370441126
22.5,1.62301805578026,-0.33647950320124614,-0.14539315291505037
22.51,1.61965636877916,-0.33585779585251035,-0.14977403921705099
22.52,1.61630090194406,-0.33523546374476154,-0.15370729456509075
22.53,1.61295166171026,-0.3346124702699127,-0.15806764163424636
22.54,1.60960865487843,-0.33398877509117075,-0.16267501915795352
22.55,1.60627188868651,-0.33336433592450754,-0.16679060179243574
22.5599999999999,1.602941370765,-0.3327391155395728,-0.1712339358332524
22.57,1.59961710911376,-0.33211307402992163,-0.17596647126218862
22.58,1.59629911216118,-0.33148616910341583,-0.18039606295558866
22.59,1.59298738873954,-0.33085836178616823,-0.1848506683293445
22.6,1.58968194806365,-0.33022961333551615,-0.18963479152055898
22.61,1.58638279974786,-0.32959988227582543,-0.1943916637244752
22.62,1.583089953828,-0.328969127899322,-0.19886439593591676
22.63,1.57980342072744,-0.3283373125879341,-0.2037018321514755
22.64,1.57652321124821,-0.3277043957677602,-0.20868764243305424
22.65,1.57324933662009,-0.3270703360209922,-0.2132228423028747
22.66,1.56998180846133,-0.3264350965176632,-0.21812000894714476
22.67,1.56672063875492,-0.32579863760840433,-0.223219309605989
22.6799999999999,1.56346583990897,-0.3251609182781686,-0.22792350831531286
22.69,1.56021742471422,-0.3245219016065837,-0.23282667062682183
22.7,1.55697540632911,-0.3238815494204961,-0.23794140557934723
22.71,1.55373979830883,-0.32323982207342156,-0.2428909024179441
22.72,1.55051061459631,-0.32259668196649904,-0.2477660067218533
22.73,1.54728786950063,-0.32195209270816283,-0.25288922931121116
22.74,1.54407157769949,-0.3213060161669187,-0.2580268570676364
22.75,1.54086175425925,-0.32065841467399475,-0.2628764955358584
22.76,1.5376584146053,-0.3200092536284264,-0.2680327439343099
22.77,1.53446157450799,-0.3193584962284261,-0.27330774212584896
22.78,1.53127125012482,-0.31870610517007647,-0.2782551520097058
22.79,1.52808745796282,-0.3180520466396608,-0.2832934979620038
22.8,1.52491021486435,-0.3173962866000931,-0.2885677676570535
22.8099999999999,1.52173953802099,-0.31673878937875843,-0.2938336203195758
22.82,1.51857544498219,-0.3160795200587467,-0.2987143508250303
22.83,1.51541795363099,-0.3154184476338362,-0.3039293095953555
22.84,1.5122670821514,-0.3147555387430797,-0.3093189455787043
22.85,1.50912284909073,-0.3140907590391614,-0.31437939940428244
22.86,1.50598527330928,-0.3134240776328401,-0.31945524315421714
22.87,1.50285437397873,-0.31275546415641675,-0.32472102473359427
22.88,1.49973017057134,-0.3120848870808176,-0.33004703922915013
22.89,1.49661268288598,-0.3114123149811743,-0.33510318123746125
22.9,1.49350193101698,-0.31073771932333405,-0.34028937329436326
22.91,1.49039793534159,-0.3100610710855804,-0.3455974304406108
22.92,1.48730071653502,-0.30938234073757953,-0.35082776658922454
22.9299999999999,1.48421029556057,-0.3087015000385866,-0.3559247708096064
22.94,1.48112669365733,-0.3080185224705027,-0.36117360829127637
22.95,1.4780499323247,-0.3073333808123228,-0.3664913060082529
22.96,1.47498003334452,-0.30664604785634786,-0.37163888971795656
22.97,1.47191701875557,-0.3059564984183324,-0.37681375463309263
22.98,1.46886091084705,-0.30526470771424047,-0.3820797098972567
22.99,1.46581173215514,-0.304570650753259,-0.3873559199215885
23.0,1.46276950546679,-0.30387430309850216,-0.39246816602721357
23.01,1.45973425380388,-0.3031756422434214,-0.39770085921424225
23.02,1.45670600040879,-0.3024746453000068,-0.4029985838130415
23.03,1.45368476876035,-0.30177128941940395,-0.4082002659169067
23.04,1.45067058255455,-0.3010655531496672,-0.41337355552498506
23.05,1.44766346570029,-0.3003574159235837,-0.4185590576761586
23.0599999999999,1.44466344230627,-0.2996468576326702,-0.4238378015789748
23.07,1.44167053668494,-0.29893385800642824,-0.4290674784528871
23.08,1.43868477334767,-0.2982183977639904,-0.4342513071928285
23.09,1.43570617699226,-0.2975004586367477,-0.4394285460092049
23.1,1.43273477249651,-0.29678002300099576,-0.44466885133502176
23.11,1.42977058491207,-0.2960570733163285,-0.4499066251104865
23.12,1.42681363946627,-0.2953315926589188,-0.455094465267684
23.13,1.4238639615483,-0.2946035651000804,-0.46031349884958866
23.14,1.42092157670542,-0.2938729750898354,-0.46552291216180025
23.15,1.41798651063728,-0.29313980774366977,-0.4707306116048295
23.16,1.41505878918889,-0.29240404879832815,-0.475930702106178
23.17,1.4121384383453,-0.2916656846163379,-0.4812016790688559
23.1799999999999,1.40922548422538,-0.29092470163032774,-0.4864101579386396
23.19,1.40631995308316,-0.2901810873642515,-0.4915770442694369
23.2,1.40342187128741,-0.28943483026933803,-0.49680889743335205
23.21,1.40053126532525,-0.28868591888016604,-0.5020823789377491
23.22,1.39764816179442,-0.2879343419815772,-0.5073377354987081
23.23,1.39477258740486,-0.2871800891307545,-0.5125064725048087
23.24,1.39190456896208,-0.2864231511478318,-0.5177286578000684
23.25,1.38904413336222,-0.2856635190443361,-0.5230124554225443
23.26,1.38619130759104,-0.2849011839108351,-0.5283311357586455
23.27,1.38334611872186,-0.28413613720648845,-0.5335251685644253
23.28,1.3805085939085,-0.28336837193517395,-0.5387313009591642
23.29,1.37767876036668,-0.28259788161608124,-0.5440327708465666
23.3,1.37485664538182,-0.2818246595868305,-0.5494313803098038
23.3099999999999,1.37204227630235,-0.2810486990869998,-0.5546658167005556
23.32,1.36923568054428,-0.2802699951870824,-0.5598587185112914
23.33,1.3664368855568,-0.2794885438790048,-0.5651794698156922
23.34,1.36364591883987,-0.2787043407058358,-0.5707232469893433
23.35,1.36086280793255,-0.27791738022450163,-0.575988472985687
23.36,1.35808758043498,-0.2771276596478245,-0.5811197104355759
23.37,1.35532026394462,-0.2763351777457401,-0.5865970096057647
23.38,1.35256088609417,-0.27553993146850475,-0.5918998988306831
23.39,1.34980947453556,-0.2747419192913233,-0.5976230409340697
23.4,1.34706605693872,-0.27394113752033566,-0.6028903069331079
23.41,1.34433066101598,-0.2731375862885947,-0.608029033490762
23.42,1.34160331443997,-0.2723312672419117,-0.6136384228908878
23.4299999999999,1.33888404490019,-0.2715221793543998,-0.6190763234075458
23.44,1.33617288008143,-0.27071032304782733,-0.6248986468973191
23.45,1.33346984767019,-0.2698956969285867,-0.6301991306826686
23.46,1.33077497536571,-0.2690783038115041,-0.6354595824510048
23.47,1.32808829080586,-0.2682581474141725,-0.6411693432500097
23.48,1.32540982162417,-0.267435228927491,-0.6468015457069951
23.49,1.32273959542757,-0.2666095503913465,-0.6526730919996381
23.5,1.32007763981069,-0.26578111305699537,-0.6580491586510807
23.51,1.31742398234498,-0.26494992212240204,-0.6635222495887565
23.52,1.31477865053029,-0.2641159827807493,-0.6693132818820803
23.53,1.31214167183906,-0.2632792985540848,-0.6751844691885424
23.54,1.30951307369702,-0.26243987287258114,-0.6811029843705964
23.55,1.30689288350531,-0.26159770964274687,-0.6865857480923786
23.5599999999999,1.304281128605,-0.26075281624591273,-0.6923237995069941
23.57,1.30167783626003,-0.25990519905617443,-0.698203007168022
23.58,1.29908303368429,-0.2590548638770803,-0.7043636508178088
23.59,1.29649674802637,-0.2582018152653298,-0.7103458490759443
23.6,1.29391900640097,-0.25734605967358365,-0.7159519591254451
23.61,1.29134983582531,-0.2564876065770827,-0.7220024083538823
23.62,1.28878926323664,-0.25562646329765903,-0.7279901485959014
23.63,1.28623731550098,-0.2547626377913226,-0.7344971354970613
23.64,1.28369401940205,-0.25389613546168055,-0.7405500986674349
23.65,1.28115940168355,-0.2530269652697481,-0.7463019604222952
23.66,1.2786334889526,-0.25215513867015704,-0.7527206451799818
23.67,1.27611630773775,-0.2512806636531732,-0.7588806863340576
23.6799999999999,1.27360788447607,-0.25040354997874864,-0.7656807010836763
23.69,1.27110824550969,-0.24952380431108406,-0.7718767588812265
23.7,1.26861741712557,-0.2486414376844252,-0.7778743670267116
23.71,1.26613542545108,-0.247756462962991,-0.7846093820335709
23.72,1.26366229652932,-0.2468688891829903,-0.7910662049497407
23.73,1.26119805629525,-0.24597872727208556,-0.7980671588528381
23.74,1.25874273058089,-0.24508598576200025,-0.8045027793032032
23.75,1.25629634513629,-0.24419067721842547,-0.8108697503903062
23.76,1.25385892554908,-0.24329281525449406,-0.8178421962178585
23.77,1.25143049730698,-0.2423924104828205,-0.8246923166308486
23.78,1.24901108577695,-0.24148947455568393,-0.831918843000272
23.79,1.24660071621719,-0.24058401777434052,-0.8386213534859513
23.8,1.24419941377744,-0.23967605415307996,-0.8454060465630575
23.8099999999999,1.24180720344382,-0.23876559788766535,-0.8526595388943582
23.82,1.23942411008836,-0.23785266100299446,-0.8599057493729961
23.83,1.23705015845107,-0.23693725596999524,-0.8674414069535125
23.84,1.2346853731558,-0.23601939444958808,-0.8744723012994307
23.85,1.23232977869974,-0.23509909163884254,-0.8816722769371217
23.86,1.22998339941167,-0.23417636245550896,-0.8892717609798709
23.87,1.22764625949469,-0.2332512200795056,-0.8969556973283906
23.88,1.22531838301006,-0.2323236776918351,-0.9048323846339943
23.89,1.2229997938964,-0.2313937482390005,-0.9122433020311731
23.9,1.22069051594837,-0.2304614479231489,-0.9199156549241705
23.91,1.21839057278985,-0.22952679220301273,-0.9279020449169356
23.92,1.21609998790844,-0.2285897953074175,-0.9360662862943511
23.9299999999999,1.21381878464132,-0.22765047104733224,-0.9443203683417896
23.94,1.21154698619702,-0.2267088335756673,-0.9521709445652383
23.95,1.20928461562417,-0.2257648999085075,-0.9603697780529313
23.96,1.20703169580032,-0.22481868591199272,-0.9687855122771588
23.97,1.20478824945674,-0.2238702067746697,-0.9774791082989185
23.98,1.20255429916702,-0.2229194768430624,-0.9861599953013257
23.99,1.20032986737073,-0.22196651135042064,-0.9945045172740696
24.0,1.19811497633341,-0.22101132799666562,-1.0032818414796054
24.01,1.19590964814991,-0.22005394296433595,-1.0121783856872935
24.02,1.19371390476006,-0.219094372290581,-1.0214547279200152
24.03,1.19152776793965,-0.21813263076317185,-1.030620795506247
24.04,1.1893512593262,-0.21716873455142433,-1.0395125792088211
24.05,1.18718440037061,-0.21620270194340394,-1.0489221772773194
24.0599999999999,1.18502721235391,-0.21523454936676067,-1.0583588532065915
24.07,1.18287971639454,-0.21426429358433013,-1.0682758382196325
24.08,1.18074193344165,-0.2132919497366733,-1.0779859162099497
24.09,1.17861388430265,-0.21231753481316673,-1.0874853632564125
24.1,1.17649558958719,-0.2113410675875745,-1.0975873950069976
24.11,1.17438706973644,-0.21036256465642444,-1.1076311001496382
24.12,1.17228834502248,-0.20938204338841934,-1.118220780459856
24.13,1.17019943554374,-0.2083995193439936,-1.1285541215587291
24.14,1.1681203612522,-0.20741501014374109,-1.1387556940334802
24.15,1.16605114189548,-0.20642853480758266,-1.1495905189127922
24.16,1.16399179705365,-0.20544011012732882,-1.1603767888877001
24.17,1.16194234613225,-0.20444975372108284,-1.1714898497137398
24.1799999999999,1.15990280836164,-0.20345748250333678,-1.1826099104572605
24.19,1.15787320280593,-0.2024633141343361,-1.1938404027489837
24.2,1.15585354834349,-0.20146726649974042,-1.205585725166415
24.21,1.15384386368317,-0.20046935617432465,-1.2164175858399147
24.22,1.15184416735953,-0.19946960453974633,-1.2284154522860036
24.23,1.14985447767517,-0.19846802834717997,-1.2410799375388055
24.24,1.14787481282426,-0.19746464208040826,-1.2529135813820604
24.25,1.14590519080267,-0.19645946492524344,-1.2647758684904375
24.26,1.14394562942918,-0.19545251698692517,-1.277152922965011
24.27,1.14199614630556,-0.19444381663484464,-1.2903996969146994
24.28,1.14005675888581,-0.19343337916132114,-1.3032433638093492
24.29,1.13812748445189,-0.1924212225508278,-1.3159059125397674
24.3,1.13620834009918,-0.19140736667841812,-1.328790688653593
24.3099999999999,1.13429934271862,-0.1903918311537467,-1.3426713276515874
24.32,1.13240050902106,-0.18937463202575722,-1.3565148201207424
24.33,1.13051185556538,-0.1883557863906704,-1.3700438621046807
24.34,1.12863339871635,-0.18733531378299917,-1.383691491999156
24.35,1.12676515464782,-0.1863132340979956,-1.3981887675226212
24.36,1.12490713933454,-0.18528956440265754,-1.4129531756924396
24.37,1.12305936860266,-0.1842643215458406,-1.427406371916946
24.38,1.12122185808339,-0.18323752471316274,-1.4420267620213507
24.39,1.11939462322412,-0.18220919337600025,-1.4572520000395537
24.4,1.1175776792718,-0.18117934533558033,-1.472853954295798
24.41,1.11577104131506,-0.1801479977962502,-1.4882887554569235
24.42,1.11397472425118,-0.1791151696474258,-1.5039680073562292
24.4299999999999,1.11218874279471,-0.1780808798190777,-1.5200592426357462
24.44,1.11041311146669,-0.17704514648658187,-1.5365273588308186
24.45,1.10864784461743,-0.17600798730992295,-1.5530071970296049
24.46,1.10689295641133,-0.17496942089824108,-1.569827915579453
24.47,1.10514846082902,-0.17392946559465958,-1.586829532369686
24.48,1.1034143716672,-0.1728881400175834,-1.6042101714380763
24.49,1.10169070253575,-0.17184546232750603,-1.6218825685595504
24.5,1.09997746686728,-0.17080145059900076,-1.6397113788444169
24.51,1.09827467790896,-0.1697561233504989,-1.6579112033025785
24.52,1.09658234872476,-0.16870949875717284,-1.6764001424545303
24.53,1.09490049219765,-0.16766159497299724,-1.6950893339172242
24.54,1.09322912102766,-0.1666124304914159,-1.7141010134775465
24.55,1.09156824772892,-0.16556202370383394,-1.7334071292609996
24.5599999999999,1.08991788463389,-0.16451039293599776,-1.7532844438136972
24.57,1.08827804389195,-0.16345755552908034,-1.773238243956837
24.58,1.08664873748422,-0.1624035297337456,-1.7932510073406762
24.59,1.08502997719505,-0.16134833474333127,-1.8139132873139627
24.6,1.08342177462674,-0.16029198855707638,-1.8347955625003545
24.61,1.08182414120131,-0.1592345093491654,-1.8565643010498356
24.62,1.08023708816115,-0.15817591339908343,-1.8779359092905983
24.63,1.07866062659223,-0.15711621968150977,-1.8994362743215687
24.64,1.07709476736199,-0.15605544792992032,-1.9219891300953331
24.65,1.07553952116981,-0.15499361533482525,-1.944740310404971
24.66,1.07399489853338,-0.1539307394006632,-1.9682078657657507
24.67,1.07246090980353,-0.15286683657699993,-1.991168377741971
24.6799999999999,1.07093756515983,-0.1518019263910005,-2.0146200443546443
24.69,1.06942487457065,-0.15073602797808783,-2.0389258322102517
24.7,1.06792284783726,-0.14966915863601032,-2.0639678995728534
24.71,1.06643149458034,-0.14860133437249828,-2.0890400842514407
24.72,1.06495082427367,-0.1475325726120728,-2.11368544847565
24.73,1.06348084618663,-0.14646289357350314,-2.139497115537165
24.74,1.06202156940103,-0.14539231496716876,-2.165586905075778
24.75,1.06057300282804,-0.14432085452200094,-2.1932377903737703
24.76,1.05913515520101,-0.14324852635259067,-2.219855684320251
24.77,1.05770803512911,-0.1421753495169172,-2.246337801690371
24.78,1.0562916509719,-0.1411013449121627,-2.274801193501989
24.79,1.05488601093719,-0.1400265283830841,-2.3032246454282777
24.8,1.05349112305511,-0.13895091684666777,-2.3331107060870853
24.8099999999999,1.05210699520076,-0.137874524377668,-2.361442538900348
24.82,1.05073363510206,-0.13679737157733335,-2.390340270506608
24.83,1.04937105023811,-0.13571947871316067,-2.421318930168231
24.84,1.04801924794319,-0.13464086097024394,-2.451433501143843
24.85,1.04667823537538,-0.1335615370329187,-2.484608646336179
24.86,1.04534801951665,-0.13248151795200264,-2.5159672767955295
24.87,1.04402860726974,-0.13140082221266836,-2.546133522139976
24.88,1.04272000525231,-0.13031947352149892,-2.5797679687848714
24.89,1.04142221992618,-0.129237486617582,-2.6128943257435133
24.9,1.04013525759075,-0.12815487874032935,-2.647121155627385
24.91,1.03885912437137,-0.12707166519858779,-2.683268317694004
24.92,1.03759382626267,-0.12598785759517228,-2.7164130452590083
24.9299999999999,1.03633936912537,-0.12490347833058099,-2.750510526580763
24.94,1.03509575853417,-0.12381854858600032,-2.78782631898729
24.95,1.03386299994304,-0.12273308160041796,-2.8235330789008395
24.96,1.03264109863435,-0.12164709601575527,-2.8634782391688907
24.97,1.03143005971886,-0.1205606003274166,-2.900532126834253
24.98,1.03022988826262,-0.1194736134610852,-2.9361047640724456
24.99,1.02904058900849,-0.11838616031233373,-2.9764876728140863
25.0,1.02786216656672,-0.1172982537561577,-3.0157406005379928
25.01,1.02669462538914,-0.11620991081291629,-3.0565615240537323
25.02,1.02553796975856,-0.11512114569124932,-3.099226563611773
25.03,1.02439220384076,-0.1140319695884092,-3.1386043582676257
25.04,1.02325733166263,-0.11294240493658902,-3.179333522612616
25.05,1.02213335697231,-0.11185247213684561,-3.2234301498949716
25.0599999999999,1.02102028340335,-0.11076218386850134,-3.265791629641203
25.07,1.01991811442294,-0.10967155837665796,-3.3131350583087924
25.08,1.01882685333189,-0.1085806025798312,-3.3567837606710516
25.09,1.01774650340583,-0.10748933572850747,-3.398986811487714
25.1,1.01667706757605,-0.10639778282166742,-3.4469255471379006
25.11,1.01561854866364,-0.1053059551964941,-3.493075618185472
25.12,1.01457094933297,-0.10421386988625492,-3.541719601530406
25.13,1.01353427208477,-0.10312153902099497,-3.5919960704292766
25.14,1.01250851933144,-0.10202897278441445,-3.6377610883101728
25.15,1.01149369333392,-0.100936195569995,-3.685867620360221
25.16,1.0104897960603,-0.099843227374082,-3.737905366657413
25.17,1.00949682938405,-0.09875007933991728,-3.7882000729072716
25.1799999999999,1.00851479501737,-0.09765676857208898,-3.8401286691980943
25.19,1.00754369451127,-0.09656330926483918,-3.8970994551174707
25.2,1.00658352930671,-0.09546970499274554,-3.9467596127228264
25.21,1.00563430081055,-0.09437598087191172,-3.99694240523716
25.22,1.00469601001074,-0.09328216248383574,-4.054888198675555
25.23,1.00376865784814,-0.09218825699092159,-4.109536477679986
25.24,1.00285224510549,-0.09109428121624372,-4.164497541977171
25.25,1.00194677240746,-0.0900002524084953,-4.22807628996077
25.26,1.00105224023125,-0.08890616825960226,-4.282347755103092
25.27,1.00016864914324,-0.08781205299538039,-4.334767941072328
25.28,0.999295999182882,-0.0867179373716239,-4.398467607319677
25.29,0.998434290379961,-0.08562382529378651,-4.457427014775122
25.3,0.997583522609613,-0.08452973343405594,-4.516782801955185
25.3099999999999,0.996743695592342,-0.08343567908252933,-4.583579754116744
25.32,0.995914808894017,-0.08234166274808294,-4.644424535624896
25.33,0.995096862145096,-0.08124770266785912,-4.701397657982509
25.34,0.994289854561415,-0.08015382880307657,-4.767569565851388
25.35,0.99349378525167,-0.07906004978018485,-4.832017829217387
25.36,0.992708653202978,-0.07796637936036965,-4.89591601946011
25.37,0.991934457251221,-0.0768728341952768,-4.965004924352326
25.38,0.991171196081067,-0.07577941954810079,-5.032526381901725
25.39,0.990418868379815,-0.07468614711545844,-5.09454578221365
25.4,0.989677472577502,-0.07359304449886528,-5.162328562703555
25.41,0.988947006876557,-0.07250012653075197,-5.2322452247242435
25.42,0.988227469394867,-0.07140740364069513,-5.3003447217979645
25.4299999999999,0.987518858102425,-0.07031489197347104,-5.371720362152236
25.44,0.986821170821329,-0.06922260074073798,-5.445258423508064
25.45,0.986134405325069,-0.06813053590926285,-5.511828862409077
25.46,0.985458559264908,-0.06703872313790216,-5.581179737786237
25.47,0.984793629960168,-0.06594718257074603,-5.655926573283838
25.48,0.984139614678669,-0.06485592167520446,-5.727779030293587
25.49,0.983496510543646,-0.06376495601239374,-5.800994692073096
25.5,0.982864314533757,-0.06267429876074353,-5.878681682583763
25.51,0.98224302352236,-0.061583953261251656,-5.950302976241204
25.52,0.981632634359671,-0.06049394020281781,-6.021826394662418
25.53,0.981033143542308,-0.05940428174864658,-6.099684068838727
25.54,0.980444547517679,-0.05831498467347892,-6.174700500861667
25.55,0.979866842596262,-0.057226063379884715,-6.250571032325742
25.5599999999999,0.979300024952121,-0.05613753148321077,-6.326653805547675
25.57,0.97874409062343,-0.05504940274131398,-6.403731414404814
25.58,0.978199035513009,-0.053961689062921134,-6.480410027549534
25.59,0.977664855412324,-0.05287440419427618,-6.5568695444480545
25.6,0.977141545950823,-0.05178756308934126,-6.634393395012212
25.61,0.976629102629255,-0.05070117834085064,-6.7118373404567855
25.62,0.976127520819178,-0.049615263021272435,-6.789347721527583
25.63,0.975636795760066,-0.04852983034006701,-6.866985783206948
25.64,0.975156922559864,-0.04744489335694417,-6.944496289059665
25.65,0.974687896195551,-0.0463604655783804,-7.021888061696106
25.66,0.974229711505891,-0.045276560717683045,-7.099749852516824
25.67,0.973782363197688,-0.04419319086970871,-7.177340280777718
25.6799999999999,0.973345845863082,-0.043110368529937035,-7.254435380040824
25.69,0.972920153957444,-0.04202810715606964,-7.331550177367252
25.7,0.972505281807532,-0.04094641951964499,-7.408362560625392
25.71,0.972101223612016,-0.039865318398601045,-7.48491839611842
25.72,0.971707973442015,-0.0387848164032617,-7.560644995204576
25.73,0.97132552524114,-0.03770492748105536,-7.636505365991904
25.74,0.970953872808916,-0.03662566366787653,-7.7120070894603066
25.75,0.970593009844951,-0.03554703649278994,-7.786363023186272
25.76,0.970242929912648,-0.034469059336642946,-7.8604123658551375
25.77,0.969903626450131,-0.03339174461516048,-7.933737594250704
25.78,0.969575092770753,-0.03231510477974542,-8.006323270937278
25.79,0.96925732206361,-0.031239152226457866,-8.078091665897263
25.8,0.96895030739405,-0.03016389933664469,-8.1489923938514
25.8099999999999,0.968654041703681,-0.02908935842061052,-8.21896831018318
25.82,0.968368517811718,-0.0280155416841917,-8.287927666975643
25.83,0.968093728415427,-0.026942461324955258,-8.355811869190152
25.84,0.967829666090121,-0.025870129505514705,-8.422561910328389
25.85,0.9675763232899,-0.024798558319503543,-8.48810332496837
25.86,0.967333692348164,-0.02372775981724825,-8.552374615574141
25.87,0.967101765478112,-0.02265774597181025,-8.615338421586909
25.88,0.966880534773887,-0.021588528551960695,-8.676833507183298
25.89,0.966669992212301,-0.020520119570399675,-8.73685371184486
25.9,0.966470129647911,-0.019452530998221678,-8.795384988175913
25.91,0.966280938818752,-0.01838577449689664,-8.852280559216773
25.92,0.966102411345282,-0.01731986181146931,-8.907509453208476
25.9299999999999,0.965934538730896,-0.016254804622638695,-8.961011372425645
25.94,0.965777312362439,-0.015190614527805606,-9.012673520239904
25.95,0.965630723510725,-0.014127303362759802,-9.062522139106706
25.96,0.965494763327251,-0.013064882611562209,-9.110480937105798
25.97,0.965369422852923,-0.012003363497552674,-9.156412427159193
25.98,0.965254693013411,-0.010942757564108563,-9.200327545938615
25.99,0.965150564619711,-0.009883076222984752,-9.242160453653858
26.0,0.965057028369248,-0.008824330801314914,-9.281862839718036
26.01,0.964974074846377,-0.0077665325159838785,-9.319341431258275
26.02,0.964901694522896,-0.006709693046622056,-9.354583798110404
26.03,0.964839877750813,-0.005653824163997142,-9.38764639070288
26.04,0.964788614770331,-0.004598936005968206,-9.418337544628447
26.05,0.964747895725536,-0.003545039277973635,-9.446619388459283
26.0599999999999,0.964717710641396,-0.002492145641209513,-9.472544133685577
26.07,0.96469804943269,-0.0014402660193035821,-9.496033224156355
26.08,0.964688901904508,-0.0003894113563588745,-9.517062425074121
26.09,0.964690257752748,0.0006604074538100562,-9.535604548224535
26.1,0.964702106564623,0.0017091795672830035,-9.551635085313473
26.11,0.964724437819153,0.002756894219475374,-9.565125588350236
26.12,0.964757240887674,0.003803540694655161,-9.576187822949322
26.13,0.964800505030819,0.004849106037634518,-9.58452007692475
26.14,0.964854219374593,0.005893581178381679,-9.590243023378243
26.15,0.964918372989989,0.0069369574204725115,-9.593591428003275
26.16,0.964992954819627,0.007979222455145596,-9.594242745441967
26.17,0.965077953700634,0.0090203659443668,-9.592334089168421
26.1799999999999,0.965173358365136,0.010060377411991173,-9.587850515266757
26.19,0.965279157440737,0.011099246430442319,-9.580800836995834
26.2,0.965395339451012,0.012136962620924268,-9.571199024691442
26.21,0.965521892815989,0.01317351565334098,-9.559000559769965
26.22,0.965658805852641,0.01420889547855316,-9.544635389148748
26.23,0.965806066775368,0.015243089939579828,-9.52741339538806
26.24,0.965963663668617,0.016276089356881407,-9.50744627509125
26.25,0.966131584551047,0.017307885677700363,-9.485532373614538
26.26,0.966309817335247,0.01833846787442084,-9.46108656920544
26.27,0.966498349827084,0.01936782557948602,-9.434208008872467
26.28,0.966697169731983,0.020395948820599773,-9.405001136358747
26.29,0.966906264655397,0.021422827624056895,-9.373492665819784
26.3,0.967125622103278,0.022448452063746537,-9.339728010797474
26.3099999999999,0.967355229482557,0.023472812261138287,-9.303709033376098
26.32,0.967595074101614,0.024495898490661805,-9.265748377765359
26.33,0.967845143170749,0.025517700195714275,-9.225690050575148
26.34,0.968105423789934,0.026538206957957278,-9.182990503883351
26.35,0.968375902965631,0.02755741055426401,-9.138575809562631
26.36,0.968656567625716,0.028575301704301486,-9.092529037417856
26.37,0.968947404590493,0.02959186998646261,-9.044323907417061
26.38,0.969248400584314,0.030607105921557725,-8.994327032445852
26.39,0.96955954223604,0.0316209999837012,-8.942554690482682
26.4,0.969880816079505,0.03263354269320192,-8.889071079704118
26.41,0.970212208553977,0.03364472461687788,-8.833925564788485
26.42,0.970553706004626,0.034654536398436485,-8.77719677377081
26.4299999999999,0.970905294682982,0.035662968620255496,-8.71948652729207
26.44,0.971266960743733,0.036670010538241336,-8.659398799036873
26.45,0.971638690232402,0.03767565403372623,-8.597897478586084
26.46,0.972020469135397,0.03867989109631228,-8.535928912541769
26.47,0.972412283332247,0.039682711402856216,-8.472194878612383
26.48,0.972814118610936,0.04068410594635456,-8.407343488360734
26.49,0.973225960668372,0.04168406564172833,-8.341362159343062
26.5,0.973647795110834,0.04268258144853691,-8.274319101156554
26.51,0.974079607454423,0.043679644371857895,-8.20628474914377
26.52,0.97452138312552,0.04467524546226491,-8.137193372772684
26.53,0.974973107461237,0.045669375997752414,-8.068004323972184
26.54,0.975434765709874,0.04666202559378737,-7.997137932294874
26.55,0.975906343009525,0.04765318598457432,-7.925105372167912
26.5599999999999,0.976387824440569,0.04864284994836506,-7.85343961751071
26.57,0.976879194988649,0.04963100789271054,-7.780789416093418
26.58,0.977380439549062,0.05061765099516613,-7.707536344720552
26.59,0.977891542930343,0.051602770627578086,-7.633797656579661
26.6,0.978412489854701,0.05258635817875039,-7.559613268013967
26.61,0.978943264958452,0.053568405082652745,-7.485043583615645
26.62,0.979483852792484,0.054548902818260525,-7.410059049782463
26.63,0.980034237822689,0.05552784301801987,-7.335239978236424
26.64,0.980594404430406,0.056505216419600976,-7.260059279786763
26.65,0.981164336899666,0.057481014167644805,-7.183817957141718
26.66,0.981744019437948,0.05845522930385909,-7.108039666664489
26.67,0.982333436182907,0.05942785369525879,-7.032554954488354
26.6799999999999,0.982932571179871,0.06039887840707433,-6.956664415681389
26.69,0.983541408391619,0.06136829528275804,-6.880842458601474
26.7,0.984159931698795,0.06233609613174411,-6.805068699771203
26.71,0.984788124900368,0.06330227280792282,-6.729390275226959
26.72,0.985425971714054,0.06426681720692977,-6.65380606555231
26.73,0.98607345577674,0.06522972132398017,-6.578490237252429
26.74,0.986730560644939,0.06619097689480972,-6.5042036527667735
26.75,0.987397269788571,0.06715057424019621,-6.428454359770551
26.76,0.988073566581325,0.06810850707901217,-6.3531342657838605
26.77,0.988759434359004,0.06906476891120061,-6.279576141962835
26.78,0.989454856358922,0.07001935038426499,-6.205443782008461
26.79,0.990159815740004,0.0709722438445822,-6.131815681474991
26.8,0.990874295583213,0.07192344151755736,-6.058576351391999
26.8099999999999,0.991598278891982,0.07287293567159922,-5.985758233632661
26.82,0.99233174859264,0.07382071861688119,-5.9133850375651305
26.83,0.993074687534827,0.0747667827071613,-5.841480980014175
26.84,0.993827078491947,0.07571112033964988,-5.770061679143438
26.85,0.994588904161579,0.07665372397688368,-5.698955644471138
26.86,0.995360147165898,0.07759458627623247,-5.630281606551118
26.87,0.99614079004921,0.07853369655477413,-5.559311550215807
26.88,0.996930815239847,0.07947104961241273,-5.488670884402334
26.89,0.997730205166597,0.0804066408280559,-5.421376278698702
26.9,0.998538942151505,0.08134046029230346,-5.353079913895121
26.91,0.999357008443107,0.08227250094872685,-5.2856283826744965
26.92,1.00018438621685,0.08320275550932436,-5.218788873899806
26.9299999999999,1.00102105757551,0.08413121672789792,-5.152582322320326
26.94,1.00186700454961,0.08505787740008541,-5.087018581249995
26.95,1.00272220909784,0.08598273036399633,-5.022108328983954
26.96,1.00358665310748,0.08690576849774516,-4.957872293947961
26.97,1.00446031839479,0.08782698472308836,-4.893967687440539
26.98,1.00534318670548,0.0887463724033366,-4.832846195686835
26.99,1.00623523971507,0.089663921120083,-4.769725430615733
27.0,1.00713645898132,0.09057962567591837,-4.70655441642296
27.01,1.0080468260671,0.09149348243149096,-4.646978124540742
27.02,1.00896632244061,0.09240548216566577,-4.5867520010770315
27.03,1.00989492949761,0.09331561802133348,-4.527286236117916
27.04,1.01083262856552,0.09422388321532194,-4.468535627054952
27.05,1.01177940090382,0.09513027097357574,-4.410484050079731
27.0599999999999,1.01273522770445,0.09603477456242016,-4.353132692401482
27.07,1.01370009009222,0.09693738729000997,-4.296482634082583
27.08,1.01467396912523,0.09783810250483065,-4.240543862790917
27.09,1.01565684579526,0.09873691359582419,-4.185065117755355
27.1,1.01664870102819,0.09963381428917581,-4.1317379545419515
27.11,1.0176495156844,0.10052879559949343,-4.07757424931735
27.12,1.01865927052365,0.10142185168124744,-4.023045299513345
27.13,1.019677946287,0.10231297891017214,-3.971216150311875
27.14,1.02070552364724,0.10320216971716664,-3.9196523361067315
27.15,1.0217419832039,0.10408941720833806,-3.8685182969452176
27.16,1.02278730549279,0.10497471510766596,-3.818122027538873
27.17,1.0238414709864,0.10585805710424298,-3.768401353500168
27.1799999999999,1.02490446009432,0.10673943692791436,-3.7193560354823725
27.19,1.02597625316363,0.10761884834632844,-3.670979892876445
27.2,1.02705683047928,0.10849628516807486,-3.6232756296854873
27.21,1.02814617226452,0.10937174124192225,-3.5760696565040297
27.22,1.02924425868127,0.1102452106675885,-3.5304546274702977
27.23,1.03035106983052,0.1111166856866741,-3.4848354628127036
27.24,1.03146658572717,0.11198616002483139,-3.4385809330427812
27.25,1.03259078634932,0.11285363015658043,-3.3942686969073006
27.26,1.03372365162869,0.11371908991124799,-3.350850835699702
27.27,1.03486516142389,0.11458253244982694,-3.3075680244823586
27.28,1.03601529553438,0.11544395199016289,-3.2649898075390102
27.29,1.03717403370086,0.11630334267391611,-3.2230204161532603
27.3,1.03834135560563,0.11716069868250578,-3.1816565852850065
27.3099999999999,1.03951724087302,0.11801601423790757,-3.140893866370146
27.32,1.04070166906976,0.11886928359816455,-3.100728407369287
27.33,1.04189461970535,0.11972050106175414,-3.061038851797476
27.34,1.04309607223249,0.12056966112350409,-3.0225064966749167
27.35,1.04430600604745,0.12141675702423786,-2.984557060815428
27.36,1.04552440047174,0.12226178214717054,-2.945656670697426
27.37,1.04675123477644,0.12310473327533841,-2.9081279203946018
27.38,1.04798648820675,0.12394560549500352,-2.8719708444699266
27.39,1.04923013993449,0.1247843920008429,-2.8356614045968893
27.4,1.05048216907674,0.12562108749199313,-2.7999993117167934
27.41,1.05174255469626,0.12645568655582456,-2.7648635371583565
27.42,1.05301127580187,0.1272881838174959,-2.730252136623704
27.4299999999999,1.05428831134883,0.1281185739388365,-2.6961575862017573
27.44,1.0555736402392,0.12894685161958613,-2.6625750401359016
27.45,1.05686724132224,0.12977301159950255,-2.629431260931784
27.46,1.0581690933948,0.1305970487585943,-2.5970518559206406
27.47,1.05947917520169,0.13141895729332406,-2.565730691304539
27.48,1.06079746542377,0.13223873027907915,-2.5331888175737176
27.49,1.0621239426788,0.13305636481033556,-2.5015139819253744
27.5,1.06345858557819,0.13387185717274597,-2.471589092652823
27.51,1.06480137265981,0.13468520060508546,-2.441258976800111
27.52,1.06615228241112,0.1354963902794974,-2.411515168046017
27.53,1.06751129326963,0.13630542121684058,-2.3822146860272344
27.54,1.06887838362321,0.13711228847399504,-2.3533558952167906
27.55,1.07025353181051,0.13791698714491857,-2.324932059609688
27.5599999999999,1.07163671612128,0.1387195123610907,-2.2969392100232273
27.57,1.0730279147968,0.139519859291574,-2.2693234151652613
27.58,1.0744271060302,0.1403180232335007,-2.2421461279939283
27.59,1.07583426796688,0.14111399918383394,-2.217151107901295
27.6,1.0772493786939,0.14190777816141903,-2.1892444236707314
27.61,1.07867241620434,0.14269935943316825,-2.161924262351252
27.62,1.08010335855051,0.1434887419661801,-2.1379481731923193
27.63,1.08154218368778,0.1442759173076606,-2.112516276344181
27.64,1.08298886952548,0.14506088128816524,-2.087739809556616
27.65,1.08444339392718,0.14584362935301337,-2.0633227531910707
27.66,1.08590573471113,0.14662415698924644,-2.039274764308015
27.67,1.08737586965062,0.14740245971566573,-2.01558707295639
27.6799999999999,1.08885377647429,0.14817853308992288,-1.9922547331862024
27.69,1.09033943286658,0.14895237270682501,-1.9692734038200062
27.7,1.09183281646802,0.1497239741951669,-1.9466346048759668
27.71,1.09333390487564,0.15049333322484001,-1.9243363854645281
27.72,1.09484267564335,0.1512604454981618,-1.902387052762697
27.73,1.09635910628224,0.15202530675624643,-1.880394263156742
27.74,1.09788317426104,0.1527879134090841,-1.8608455515795015
27.75,1.09941485700641,0.15354825631408073,-1.84031171876369
27.76,1.10095413182762,0.15430633019333415,-1.8166850085368507
27.77,1.10250097605719,0.15506213910659317,-1.796505106571063
27.78,1.10405536704408,0.15581567879358604,-1.7776653427096063
27.79,1.1056172820453,0.15656694172049845,-1.7576613678938444
27.8,1.10718669827727,0.15731592427541224,-1.7381965509055006
27.8099999999999,1.10876359291625,0.15806262245750363,-1.7190113630250974
27.82,1.11034794309863,0.15880703229607662,-1.700107884232907
27.83,1.11193972592128,0.15954914986098986,-1.6814826218555359
27.84,1.11353891844198,0.16028897125966446,-1.6631339513196863
27.85,1.11514549767973,0.16102649262900542,-1.6450537191361871
27.86,1.11675944061507,0.16176171014532875,-1.6272389530018236
27.87,1.11838072419052,0.1624946200208366,-1.609685695816924
27.88,1.12000932531086,0.16322521850233307,-1.5924219364475325
27.89,1.12164522084355,0.16395350187308017,-1.57463388872625
27.9,1.12328838761903,0.16467946783583765,-1.5620334916879643
27.91,1.12493880243111,0.1654031006927385,-1.5428703980238685
27.92,1.12659644187104,0.1661244045854123,-1.5229325040686357
27.9299999999999,1.1282612827765,0.16684338697000775,-1.5102297108663147
27.94,1.1299333018319,0.16756003480899637,-1.4939452375319375
27.95,1.13161247568159,0.16827434527874238,-1.4783480008721834
27.96,1.13329878093468,0.16898631490467148,-1.462973391023655
27.97,1.13499219416529,0.16969594020625478,-1.4478175838530183
27.98,1.13669269191294,0.17040321774300188,-1.4328811751532908
27.99,1.13840025068292,0.17110814410491448,-1.4181588649453012
28.0,1.14011484694656,0.17181071591732544,-1.403646573908482
28.01,1.14183645714166,0.1725109298425805,-1.389343466289399
28.02,1.14356505767278,0.17320878257233904,-1.375243665983738
28.03,1.14530062491157,0.17390427083499582,-1.3613543539887563
28.04,1.14704313519716,0.17459739139641756,-1.34743074961515
28.05,1.1487925648365,0.17528814153875233,-1.334840292030243
28.0599999999999,1.15054889010465,0.1759765147672454,-1.323213598712361
28.07,1.15231208718684,0.1766625027812589,-1.3072450390332073
28.08,1.15408213222781,0.1773461116800749,-1.2932710056864865
28.09,1.15585900148803,0.1780273420748287,-1.2824694379775068
28.1,1.15764267111256,0.17870618473526484,-1.2695527505497808
28.11,1.15943311721586,0.17938263732749465,-1.2571705194046745
28.12,1.16123031588222,0.18005669684749148,-1.2449474432433398
28.13,1.16303424316601,0.18072836032182832,-1.2328944155899242
28.14,1.16484487509206,0.18139762481176142,-1.2210095310204305
28.15,1.16666218765596,0.18206448741066583,-1.209289873409808
28.16,1.16848615682441,0.18272894524475336,-1.1977318150231218
28.17,1.17031675853553,0.1833909954760793,-1.1863341740909452
28.1799999999999,1.17215396869925,0.18405063529774632,-1.1750948580240193
28.19,1.17399776319755,0.18470786193257965,-1.1640299604109166
28.2,1.17584811788484,0.18536267264383696,-1.1526064486702032
28.21,1.17770500858834,0.1860150657993424,-1.1444805970579628
28.22,1.17956841110831,0.1866650296730092,-1.1328999116097658
28.23,1.18143830108939,0.18731256497466764,-1.1194650916204694
28.24,1.18331465433248,0.18795767946048758,-1.11070004876213
28.25,1.18519744658474,0.18860036555450507,-1.1008558024746045
28.26,1.18708665353585,0.1892406190649269,-1.0906899580884524
28.27,1.18898225084981,0.18987843770149615,-1.0807704645989773
28.28,1.19088421416525,0.19051381894365876,-1.070979528976326
28.29,1.19279251909576,0.19114676030358066,-1.0613207418193202
28.3,1.19470714123021,0.1917772593244993,-1.051791148137549
28.3099999999999,1.19662805613306,0.1924053135834288,-1.0423901196018104
28.32,1.19855523934471,0.19303092068641003,-1.0331144870086748
28.33,1.20048866638175,0.19365407827241315,-1.0239621120323443
28.34,1.20242831273736,0.19427478401391104,-1.014937219042684
28.35,1.20437415388157,0.19489303561224433,-1.0059412212493284
28.36,1.2063261652616,0.1955088310557481,-0.9972311588031817
28.37,1.2082843223022,0.19612216715324723,-0.9911760265682845
28.38,1.21024860037571,0.19673303234984768,-0.9801256324950776
28.39,1.21221897473606,0.19734143374924668,-0.9696496587190333
28.4,1.2141954208505,0.19794737704548204,-0.9637356628739413
28.41,1.21617791405061,0.1985508514784203,-0.9551066300840625
28.42,1.21816642964665,0.19915185588100054,-0.9470112104871352
28.4299999999999,1.22016094292785,0.1997503881645879,-0.9390041663688762
28.44,1.2221614291627,0.20034644627051623,-0.9311013606541814
28.45,1.22416786359926,0.20094002817091505,-0.9233001074876795
28.46,1.22618022146547,0.20153113187233637,-0.9156013462248406
28.47,1.2281984779695,0.20211975540658234,-0.908001863921842
28.48,1.23022260829994,0.2027058968367431,-0.9004992454987941
28.49,1.23225258762623,0.20328955426067535,-0.893093973061908
28.5,1.2342883910989,0.20387072580357696,-0.8857988404424608
28.51,1.2363299938499,0.20444940962084565,-0.8782514826388425
28.52,1.23837737099287,0.2050256047469094,-0.8727989842094862
28.53,1.24043049762349,0.2055993026576608,-0.866012696743728
28.54,1.24248934871799,0.20617050080635008,-0.8564527939736867
28.55,1.24455389933194,0.20673920796442,-0.8499348642915866
28.5599999999999,1.24662412456371,0.20730542154999698,-0.8441607204565836
28.57,1.24869999943352,0.20786913579633287,-0.8372898357553592
28.58,1.25078149894463,0.2084303495354952,-0.8307059936237112
28.59,1.25286859808374,0.20898906112340837,-0.8241978044507918
28.6,1.25496127182121,0.2095452689395076,-0.8177702408808084
28.61,1.25705949511135,0.21009897139666056,-0.811423085460103
28.62,1.25916324289277,0.21065016693742242,-0.8051562633938395
28.63,1.26127249008862,0.21119885402950772,-0.7989668674716348
28.64,1.26338721160688,0.21174503117256846,-0.7928542195543314
28.65,1.26550738234069,0.21228869689648805,-0.7868177959923722
28.66,1.26763297716862,0.21282984975867597,-0.7808839721368175
28.67,1.26976397095496,0.2133684883445952,-0.7743699930557079
28.6799999999999,1.27190033855,0.21390461292141358,-0.772097078589117
28.69,1.27404205479038,0.21443820773508482,-0.7640486596677423
28.7,1.27618909430141,0.2149692811710032,-0.7553918076682125
28.71,1.27834143203803,0.21549784473224126,-0.7527285213626844
28.72,1.28049904279068,0.21602388541624812,-0.7467201897580067
28.73,1.28266190133667,0.21654740318892327,-0.7412802214331811
28.74,1.28482998244058,0.21706839679391615,-0.7358874784698358
28.75,1.28700326085456,0.2175868649976635,-0.7305600747045068
28.76,1.28918171131853,0.21810280659541603,-0.7252965002220108
28.77,1.29136530856055,0.2186162204135959,-0.720097834618354
28.78,1.29355402729705,0.2191271053014939,-0.7149616635528641
28.79,1.29574784223309,0.21963546013741103,-0.7098866864960407
28.8,1.29794672806267,0.22014128383050502,-0.7048732899185468
28.8099999999999,1.30015065946902,0.22064457531523937,-0.6999301988545044
28.82,1.30235961112483,0.22114533355132954,-0.6948348130329128
28.83,1.30457355769254,0.22164355813465986,-0.6908658361884444
28.84,1.30679247382467,0.22213924382432637,-0.6873435073514457
28.85,1.30901633409158,0.2226323843797636,-0.6802488429356244
28.86,1.31124511305823,0.22312298953274617,-0.6748745568106914
28.87,1.31347878543545,0.22361106194149402,-0.6718091823115205
28.88,1.3157173258317,0.22409659396226228,-0.6669885317797937
28.89,1.31796070884636,0.22457958547782061,-0.6625066314007226
28.9,1.32020890907004,0.2250600356244914,-0.6580668034142635
28.91,1.32246190108483,0.2255379435605905,-0.6536789599826772
28.92,1.32471965946452,0.22601330847241513,-0.6493418948959012
28.9299999999999,1.32698215877493,0.22648612957616074,-0.6450574094414425
28.94,1.32924937357415,0.22695640610707984,-0.6408222676506985
28.95,1.33152127841273,0.2274241373305804,-0.6366355225202723
28.96,1.33379784783407,0.22788932254325656,-0.6324997730623958
28.97,1.33607905637462,0.22835196105850572,-0.6284270533124947
28.98,1.33836487856408,0.22881205222106313,-0.6240270923967242
28.99,1.34065528892579,0.22926959647192047,-0.6219685931174085
29.0,1.3429502619769,0.229724584263095,-0.6173759213508212
29.01,1.34524977210055,0.23017701810149246,-0.6114313745486117
29.02,1.34755379385059,0.23062690712016276,-0.6087129845650235
29.03,1.34986230174313,0.23107424592525203,-0.6050967757511381
29.04,1.35217527026312,0.23151903272375005,-0.6012807129480744
29.05,1.35449267388976,0.23196126716474494,-0.5975723549946033
29.0599999999999,1.35681448709678,0.23240094871174363,-0.5939046479429405
29.07,1.35914068435264,0.23283807684808905,-0.5902787415290525
29.08,1.36147124012075,0.23327265108309958,-0.586694705187872
29.09,1.36380612885975,0.23370467094916045,-0.583153190370535
29.1,1.36614532502369,0.23413413599799315,-0.5796426215110178
29.11,1.36848880306226,0.23456104583483758,-0.5762270204229041
29.12,1.37083653742107,0.23498539983891065,-0.5727950655803
29.13,1.37318850253861,0.23540719768575155,-0.5693597309104674
29.14,1.37554467285382,0.235826439280921,-0.5660392273543364
29.15,1.37790502280197,0.23624312419266066,-0.5627420481882474
29.16,1.38026952681424,0.23665725206366747,-0.5594726381122426
29.17,1.38263815931885,0.23706882261250914,-0.5562418979015994
29.1799999999999,1.38501089474122,0.2374778355768344,-0.5530484349768451
29.19,1.38738770750431,0.23788429071416503,-0.5498909844118522
29.2,1.3897685720287,0.23828818780616454,-0.5467681978014407
29.21,1.39215346273299,0.23868952666241117,-0.5436840988938566
29.22,1.39454235403392,0.23908830710575776,-0.540602732776853
29.23,1.39693522034658,0.23948452908299872,-0.5377395621789967
29.24,1.39933203608473,0.2398781916924146,-0.5347419994225864
29.25,1.40173277564951,0.24026929491449506,-0.5315983466227914
29.26,1.40413741345427,0.24065783965216786,-0.5287436950571799
29.27,1.40654592391316,0.2410438255814255,-0.5259074018729653
29.28,1.40895828143567,0.24142725240392146,-0.5230470061468944
29.29,1.41137446043094,0.24180812013299322,-0.5202289172277385
29.3,1.41379443530804,0.24218642877141816,-0.5174419850318395
29.3099999999999,1.41621818047616,0.24256217834383403,-0.5146866824412137
29.32,1.41864567034486,0.24293536889501052,-0.5119612801768396
29.33,1.42107687932424,0.2433060004964238,-0.5092751714044436
29.34,1.42351178182528,0.24367407324214868,-0.5064153768806764
29.35,1.42595035225995,0.24403958790324237,-0.5047626325343647
29.36,1.42839256504148,0.24440253942233187,-0.5023341113324788
29.37,1.43083839450545,0.2447629271192464,-0.4984240219856093
29.38,1.4332878150586,0.24512075811492878,-0.4960814318398664
29.39,1.4357408011426,0.24547603184926214,-0.49401642788176003
29.4,1.43819732716489,0.24582874608000313,-0.49145979699729175
29.41,1.44065736753386,0.24617890120591976,-0.48902134841131295
29.42,1.44312089665908,0.2465264973509925,-0.4866069351024921
29.4299999999999,1.44558788895141,0.2468715346524079,-0.48422976901237785
29.44,1.44805831882317,0.24721401321457875,-0.48191857002174177
29.45,1.45053216068829,0.24755393319508084,-0.47891258623891086
29.46,1.45300938896837,0.24789129825416775,-0.4770515225713165
29.47,1.4554899781296,0.2482261062500879,-0.47530579513524024
29.48,1.45797390256315,0.24855835452949523,-0.4725233168591314
29.49,1.46046113669652,0.24888804598358627,-0.47037290710410046
29.5,1.46295165496019,0.24921518064484247,-0.46815822808886254
29.51,1.46544543178789,0.24953975884491517,-0.46597206025721793
29.52,1.46794244161673,0.24986178093432398,-0.4638071022323288
29.53,1.47044265888745,0.25018124728274915,-0.4617406896220733
29.54,1.47294605804455,0.2504981580267518,-0.4592802581612089
29.55,1.47545261353652,0.2508125155113283,-0.4570660060447319
29.5599999999999,1.47796229984608,0.25112432079633284,-0.4555167677040885
29.57,1.48047509143833,0.2514335715203468,-0.4534479197036338
29.58,1.48299096276347,0.25174026816934075,-0.4512163507038188
29.59,1.4855098882932,0.2520444123951693,-0.44924907638070644
29.6,1.48803184250472,0.25234600462108275,-0.44726292735880013
29.61,1.49055679988091,0.2526450454296614,-0.44530068778553306
29.62,1.49308473491062,0.25294153542683534,-0.44335465812039276
29.63,1.49561562208884,0.2532354752945831,-0.4412722520514484
29.64,1.49814943591694,0.25352686608192493,-0.4407079932475875
29.65,1.50068615089612,0.2538157012559032,-0.4381427783007588
29.66,1.50322574143903,0.254101985250003,-0.4352324555475239
29.67,1.50576818211485,0.2543857246230001,-0.4343652149309533
29.6799999999999,1.50831344743678,0.2546669150719013,-0.4324294569518592
29.69,1.51086151192336,0.25494555764049576,-0.4306743139123348
29.7,1.51341235009848,0.25522165287391785,-0.4289007527734527
29.71,1.51596593649159,0.2554952014530931,-0.4272917673869689
29.72,1.51852224563775,0.2557662031857496,-0.42592439002341526
29.73,1.52108125206315,0.25603465682766763,-0.42390549625073376
29.74,1.52364293028867,0.2563005648499095,-0.42204209115644603
29.75,1.52620725487963,0.25656392904366276,-0.4206837635393489
29.76,1.5287742003876,0.2568247484963482,-0.4190330296014423
29.77,1.53134374136935,0.2570830238867413,-0.4174380419984234
29.78,1.53391585238687,0.25733875573658216,-0.41615158036934885
29.79,1.53649050800738,0.25759194354600207,-0.41322846199846086
29.8,1.53906768280345,0.25784259586474345,-0.41135442438993586
29.8099999999999,1.54164735147647,0.25809071514401594,-0.41160068055715643
29.82,1.54422948863582,0.2583362920222432,-0.4098526890438871
29.83,1.54681406884906,0.25857932811623374,-0.4077738983168563
29.84,1.5494010667415,0.25881982761649847,-0.4063783131463787
29.85,1.55199045694796,0.25905779108260085,-0.40488877834874576
29.86,1.55458221411304,0.2592932195108366,-0.40328525452760444
29.87,1.55717631289147,0.25952611439424844,-0.4025290368631464
29.88,1.55977272794828,0.2597564728216669,-0.40081342828604904
29.89,1.56237143390257,0.2599842974120803,-0.39878811296064254
29.9,1.56497240546324,0.2602095926984127,-0.3978448196397372
29.91,1.5675756173217,0.2604323573000852,-0.396416517643219
29.92,1.57018104417751,0.2606525923613434,-0.39505459892956796
29.9299999999999,1.57278866074072,0.2608702989575884,-0.39360839478126197
29.94,1.57539844173204,0.26108547859707104,-0.39245157153398863
29.95,1.57801036188303,0.2612981304365973,-0.3934145754307695
29.96,1.58062439588434,0.2615082426490908,-0.39043312465351876
29.97,1.58324051830673,0.2617158260245722,-0.38751362501233483
29.98,1.58585870400375,0.2619208913745804,-0.3880163140202852
29.99,1.58847892771536,0.26212343006250344,-0.3865470743375902
30.0,1.59110116418843,0.2623234437806654,-0.38538278954209965
30.01,1.59372538817667,0.262520933208917,-0.3843845229239045
30.02,1.59635157444055,0.26271589842266074,-0.3825481410611041
30.03,1.59897969774725,0.2629083444792439,-0.3808392224149231
30.04,1.60160973294235,0.2630982754214325,-0.3809040953740426
30.05,1.60424165485356,0.2632856851120006,-0.37999904058715145
30.0599999999999,1.60687543824046,0.263470572918828,-0.37830866784360273
30.07,1.60951105791869,0.2636529431410887,-0.3773264404237135
30.08,1.61214848871313,0.2638327963163323,-0.3762360084316833
30.09,1.61478770545799,0.2640101333829174,-0.37546000596595297
30.1,1.6174286829969,0.2641849542143434,-0.3729329462406345
30.11,1.6200713961829,0.26435726850283503,-0.37218373049816256
30.12,1.62271582000669,0.2645270755552413,-0.37262659389257646
30.13,1.62536192931597,0.26469436773183624,-0.3708539135218724
30.14,1.62800969899483,0.2648591501531702,-0.36970813186726914
30.15,1.6306591039602,0.26502142508699944,-0.3687322198725525
30.16,1.63331011914215,0.2651811936905705,-0.3676968217050197
30.17,1.63596271948409,0.2653384574935913,-0.3665248203115615
30.1799999999999,1.63861687994308,0.2654932180101692,-0.36783807411743225
30.19,1.64127257546841,0.26564546325599425,-0.365575913250594
30.2,1.64392978085549,0.2657952022855718,-0.3628396858726495
30.21,1.64658847119265,0.2659424472258384,-0.3635903633470988
30.22,1.64924862146273,0.26608719001391207,-0.36244652470238453
30.23,1.65191020665923,0.26622943269207966,-0.3616012390478696
30.24,1.65457320178646,0.2663691763369169,-0.3606096032249633
30.25,1.65723758185944,0.26650642261508894,-0.36034276352343275
30.26,1.65990332190398,0.2666411686798302,-0.3607046839622881
30.27,1.66257039688558,0.26677340868175303,-0.3585014460462852
30.28,1.665238781754,0.2669031520415736,-0.3570432682045842
30.29,1.66790845161779,0.2670304040797526,-0.35730574864684356
30.3,1.67057938151667,0.26715515981009336,-0.35642429081718247
30.3099999999999,1.67325154649737,0.2672774205575731,-0.35570937062538166
30.32,1.67592492161343,0.2673971869904942,-0.3556346435436925
30.33,1.67859948192496,0.26751445739367685,-0.3518854773212947
30.34,1.68127520249853,0.26762925127491644,-0.3510639834740915
30.35,1.68395205869093,0.2677415701023441,-0.3541309093819964
30.36,1.6866300255882,0.2678513921096656,-0.3525429006738268
30.37,1.68930907823004,0.2679587227163216,-0.35097252913363064
30.38,1.69198919175825,0.26806356880133553,-0.35050599554319933
30.39,1.69467034132537,0.268165930677422,-0.34985361957686983
30.4,1.69735250209468,0.26826580941816114,-0.34921213981914895
30.41,1.70003564924019,0.2683632061369975,-0.34865245655063143
30.42,1.70271975794663,0.26845812155982995,-0.34802259931044244
30.4299999999999,1.70540480340453,0.26855055690817403,-0.3473828559484946
30.44,1.70809076082222,0.2686405135434278,-0.34684292018355317
30.45,1.71077760541593,0.2687279923151635,-0.3462717926830722
30.46,1.71346531241262,0.26881299431691563,-0.34567977728033983
30.47,1.71615385704991,0.26889552076658035,-0.3453452557358841
30.48,1.71884321457603,0.26897557146925066,-0.34479851623121155
30.49,1.72153336023122,0.26905314760632776,-0.3440705103225983
30.5,1.72422426928679,0.2691282515354258,-0.3436561060589878
30.51,1.72691591702323,0.2692008838451591,-0.3432003512543668
30.52,1.72960827872786,0.2692710453755835,-0.34261905399232284
30.53,1.73230132969836,0.2693387375943398,-0.3426301911599871
30.54,1.73499504524276,0.2694039585040017,-0.34245256690878545
30.55,1.73768940063111,0.26946670751908564,-0.3413323502547202
30.5599999999999,1.74038437116938,0.2695269898304098,-0.3408744872177996
30.57,1.74307993220903,0.26958480683716424,-0.34075957007797575
30.58,1.74577605908647,0.2696401577456561,-0.3403060234544952
30.59,1.74847272714737,0.2696930437434186,-0.3399875342256706
30.6,1.75116991174662,0.26974346536125887,-0.33976078245520824
30.61,1.75386758824102,0.2697914227046646,-0.3392669761784683
30.62,1.75656573199232,0.26983691756483263,-0.3388448340328697
30.63,1.75926431838841,0.2698799513962532,-0.33862767086316736
30.64,1.76196332281796,0.26992052447416354,-0.3382910732831669
30.65,1.76466272067859,0.26995863779416357,-0.33799157908318866
30.66,1.76736248737686,0.2699942921517355,-0.337935337015503
30.67,1.77006259832431,0.27002748704307855,-0.3375138787389532
30.6799999999999,1.77276302892551,0.2700582242411764,-0.33707356351177614
30.69,1.77546375462262,0.27008650572599346,-0.3369878218466279
30.7,1.7781647508544,0.270112331421829,-0.336730128088483
30.71,1.78086599306831,0.2701357022945883,-0.33632987490591315
30.72,1.78356745672041,0.27015661988759043,-0.3370721743401263
30.73,1.78626911727535,0.270175079292991,-0.3364736078432158
30.74,1.78897095012421,0.2701910837762426,-0.3354918215667951
30.75,1.79167293078355,0.27020463904683195,-0.33596157409791083
30.76,1.79437503473286,0.2702157422594313,-0.3357164843278615
30.77,1.79707723745893,0.27022439452724833,-0.3353987257859371
30.78,1.79977951445612,0.2702305973131573,-0.3361970599808663
30.79,1.80248184122636,0.2702343456507402,-0.335963748847723
30.8,1.80518419319472,0.27023564102076625,-0.33487500693668937
30.8099999999999,1.80788654588964,0.2702344901987471,-0.3351952338754245
30.82,1.81058887483987,0.2702308916772404,-0.33524925416654733
30.83,1.81329115556371,0.27022484517258416,-0.3351643085376517
30.84,1.81599336358601,0.27021635149633294,-0.3348168130325694
30.85,1.81869547443805,0.2702054123999339,-0.33658071582089294
30.86,1.82139746365503,0.2701920177029157,-0.33570578629727255
30.87,1.82409930662788,0.27017617324198906,-0.33420487618856165
30.88,1.8268009789803,0.2701578888090861,-0.3354771380324836
30.89,1.82950245625117,0.27013715776074887,-0.3353083564114628
30.9,1.83220371398426,0.27011398133608056,-0.33529012604214453
30.91,1.83490472772827,0.27008836034133255,-0.33546642835267465
30.92,1.83760547303677,0.27006029383784086,-0.33709585905775213
30.9299999999999,1.84030592543029,0.2700297729332483,-0.3359938969603855
30.94,1.84300606033988,0.2699968053204142,-0.334924174776345
30.95,1.84570585340116,0.26996139872550823,-0.33622524620583755
30.96,1.84840528016528,0.2699235466685953,-0.33617369552583765
30.97,1.85110431618643,0.2698832501809338,-0.3361486763149744
30.98,1.85380293702181,0.26984051030949363,-0.3370779109165882
30.99,1.85650111823169,0.2697953221421653,-0.338296426592563
31.0,1.85919883529022,0.2697476797444198,-0.3369059005956932
31.01,1.86189606367665,0.2696975930330803,-0.336568608265424
31.02,1.86459277901216,0.2696450658802511,-0.3377464399136991
31.03,1.86728895684324,0.26959009279325563,-0.33784165156804774
31.04,1.86998457271731,0.2695326744914961,-0.33775057280838383
31.05,1.87267960218266,0.26947281247425847,-0.33980759807704847
31.0599999999999,1.87537402078854,0.2694104956965852,-0.3403060588388708
31.07,1.87806780391617,0.2693457230432387,-0.33842508274580485
31.08,1.8807609271018,0.2692785078773278,-0.33919899289546174
31.09,1.88345336592355,0.2692088480246768,-0.3401110701410727
31.1,1.8861450959023,0.26913673971075325,-0.3403844004533525
31.11,1.88883609255721,0.26906218322999925,-0.34015545561815574
31.12,1.89152633140579,0.26898518077931866,-0.3438352419352245
31.13,1.89421578796387,0.2689057124145041,-0.3430652622508627
31.14,1.89690443746206,0.26882378510857585,-0.3405234451108026
31.15,1.89959225551763,0.2687394166863237,-0.3430194901964133
31.16,1.90227921762284,0.26865259537842323,-0.3433756899116521
31.17,1.90496529924775,0.26856332069049954,-0.3437765282346289
31.1799999999999,1.90765047585761,0.2684715926614142,-0.3441165884387563
31.19,1.91033472291293,0.2683774103406552,-0.3482017748122716
31.2,1.91301801582491,0.26828075207317265,-0.3465596533460227
31.21,1.91570032974527,0.26818163052924615,-0.34430622264372396
31.22,1.91838164026755,0.26808006235318205,-0.34749619663750975
31.23,1.92106192279054,0.2679760320862479,-0.34770435014525036
31.24,1.92374115270469,0.2678695404439972,-0.3480858593518913
31.25,1.92641930539204,0.2677605877134152,-0.3497135074718992
31.26,1.92909635622627,0.2676491659198403,-0.3530860855541024
31.27,1.93177228043757,0.26753525825092644,-0.35084182330755576
31.28,1.93444705315855,0.267418881454005,-0.3497929949720165
31.29,1.93712064986017,0.26730004563700155,-0.3527668947322313
31.3,1.93979304583259,0.2671787368074904,-0.35318242702365593
31.3099999999999,1.94246421635345,0.2670549551176645,-0.3534225437203073
31.32,1.94513413668789,0.26692870152284315,-0.3569066402252602
31.33,1.94780278208845,0.26679995791565325,-0.35899386136637834
31.34,1.95047012752985,0.26666871570483014,-0.3559241514258125
31.35,1.95313614813925,0.2665349970224255,-0.35674208960113557
31.36,1.95580081920971,0.26639880169068153,-0.35920452222459065
31.37,1.95846411588464,0.2662601187292557,-0.3598924652828083
31.38,1.96112601329009,0.266118947506494,-0.35988430589298626
31.39,1.96378648653478,0.2659752900089222,-0.36597870928352927
31.4,1.96644551071005,0.26582911394632536,-0.36595311734826025
31.41,1.96910306044325,0.265680423755497,-0.36180117283784247
31.42,1.97175911088429,0.26552924842917125,-0.36541809106378326
31.4299999999999,1.97441363707804,0.2653755722808275,-0.36692847137909873
31.44,1.97706661397687,0.26521938964116365,-0.36791059239325546
31.45,1.97971801651019,0.2650606989924124,-0.3681969651854102
31.46,1.98236781958455,0.2648995007115129,-0.37536940168674066
31.47,1.98501599806039,0.2647357572980865,-0.3740726829805687
31.48,1.98766252629309,0.26456948091774235,-0.3704813304723525
31.49,1.99030737930274,0.2644006975429029,-0.3757099942528431
31.5,1.99295053181322,0.2642293827490946,-0.3762013754464644
31.51,1.99559195851628,0.26405553648600016,-0.3786525518833635
31.52,1.99823163407152,0.2638791487105052,-0.38129684542029946
31.53,2.00086953299082,0.26370020890166085,-0.3809180299726129
31.54,2.00350562976428,0.26351872427033407,-0.3818162720001687
31.55,2.00613989899016,0.2633346950245826,-0.38434482043450885
31.5599999999999,2.0087723151538,0.26314811185189635,-0.38499251930266837
31.57,2.01140285270403,0.26295897434275295,-0.3903067184952973
31.58,2.01403148605301,0.26276725704066733,-0.3905692295252769
31.59,2.01665818926271,0.26257296378949063,-0.3890476894573903
31.6,2.01928293677836,0.26237610898217634,-0.393087333382393
31.61,2.02190570285209,0.26217667583758875,-0.39404932807232607
31.62,2.02452646169019,0.26197466282579984,-0.39740599768959284
31.63,2.02714518745684,0.26177005485602534,-0.40236967260487183
31.64,2.02976185407726,0.2615628292566008,-0.4006663286066981
31.65,2.03237643536593,0.2613530018025778,-0.4006922627981109
31.66,2.03498890545212,0.26114057904017185,-0.40506734318298476
31.67,2.03759923823941,0.26092554262531953,-0.4055378418091657
31.6799999999999,2.04020740758028,0.26070789289357466,-0.41323551638232225
31.69,2.04281338727617,0.2604875919540839,-0.41391394860911424
31.7,2.04541715059897,0.2602646422634118,-0.4108816102735155
31.71,2.04801867135444,0.26003906771492336,-0.41614040125527263
31.72,2.05061792313483,0.25981084635917273,-0.4179791686763389
31.73,2.05321487943726,0.25957997264233945,-0.4211933991757773
31.74,2.05580951369843,0.25934643334032026,-0.42704623708190503
31.75,2.05840179914616,0.25911020215217223,-0.4262623064430919
31.76,2.06099170880519,0.25887129044735263,-0.42631258093008445
31.77,2.06357921603308,0.2586297054809987,-0.43136842481640864
31.78,2.06616429394011,0.2583854266165068,-0.43240882534162794
31.79,2.0687469155678,0.2581384521922322,-0.4402111033394138
31.8,2.07132705388897,0.2578887452265792,-0.4422539391033119
31.8099999999999,2.07390468136089,0.2576363016729181,-0.4397329552063522
31.82,2.07647977085764,0.25738114334381557,-0.4447610804031325
31.83,2.07905229511641,0.2571232511205057,-0.4476710960569961
31.84,2.08162222673187,0.25686261512600045,-0.45099267122771763
31.85,2.08418953822027,0.25659922211193065,-0.459393133439726
31.86,2.0867542018734,0.2563330331213365,-0.45911870533179905
31.87,2.08931618959522,0.25606405749582695,-0.45856566259110787
31.88,2.09187547375691,0.25579230674824815,-0.4654527264131225
31.89,2.09443202638885,0.2555177516851563,-0.4683071788127582
31.9,2.09698581941265,0.2552403832771555,-0.4718366726903016
31.91,2.09953682463892,0.2549601902641826,-0.47541205482944193
31.92,2.10208501376421,0.2546771611584268,-0.47903705470699315
31.9299999999999,2.10463035836963,0.2543912843581834,-0.48274232651839705
31.94,2.10717282991932,0.2541025479862421,-0.4865346857402955
31.95,2.10971239975682,0.2538109398873223,-0.4902462674005759
31.96,2.11224903910338,0.25351644822083264,-0.4948770407194959
31.97,2.11478271905563,0.25321905645975995,-0.498934665066639
31.98,2.1173134105233,0.2529187514727268,-0.5023392855201366
31.99,2.11984108434101,0.2526155238718427,-0.5067742906048217
32.0,2.12236571120969,0.2523093590068341,-0.5111676914040101
32.01,2.12488726168213,0.2520002424177381,-0.5152556112044164
32.02,2.12740570617144,0.25168816090325175,-0.5213079378581249
32.03,2.12992101494488,0.25137309147700665,-0.5253189271498184
32.04,2.1324331580033,0.25105502232707355,-0.5287309635893587
32.05,2.13494210535977,0.2507339450996645,-0.5345129455288588
32.0599999999999,2.13744782681131,0.25040983921768384,-0.5392161368820874
32.07,2.139950291997,0.25008268936707045,-0.5442540472061264
32.08,2.14244947039502,0.24975247879965118,-0.5499918696479613
32.09,2.1449453313054,0.24941918743018138,-0.5549222934587055
32.1,2.14743784382255,0.2490827996925275,-0.5598325050713299
32.11,2.14992697692562,0.24874330041340098,-0.565620093374526
32.12,2.15241269939368,0.2484006699915553,-0.5713143255296474
32.13,2.15489497982483,0.24805488933533998,-0.5770996527810122
32.14,2.15737378661724,0.24770593940377506,-0.5824567230935838
32.15,2.15984908799386,0.24735380382900907,-0.5876924680907165
32.16,2.16232085201747,0.24699846666757694,-0.5948435940447057
32.17,2.16478904656719,0.2466399017532391,-0.6028286216075432
32.1799999999999,2.16725363920377,0.246278079623156,-0.6068040668501539
32.19,2.16971459727387,0.24591299224208107,-0.6115036140685485
32.2,2.17217188811613,0.24554462793701104,-0.6202072236359607
32.21,2.17462547879702,0.24517295338774744,-0.6299451680182985
32.22,2.17707533603653,0.24479793085991539,-0.6339272333143915
32.23,2.17952142623054,0.24441955333489956,-0.6381487439545209
32.24,2.1819637158811,0.24403781290317506,-0.6477702114196741
32.25,2.18440217115339,0.24365267279059152,-0.6590384065943312
32.26,2.18683675787095,0.24326408849798162,-0.6636089172900183
32.27,2.18926744141447,0.24287205107574872,-0.6675861715658277
32.28,2.19169418734998,0.24247655513358243,-0.6778387021442818
32.29,2.19411696085654,0.24207756225907245,-0.6901907605361909
32.3,2.19653572679148,0.24167502380325612,-0.6957168561414031
32.3099999999999,2.19895044947538,0.24126892718559317,-0.6998207192795076
32.32,2.20136109344431,0.24085926766584204,-0.7104550915955725
32.33,2.20376762281691,0.24044600646074832,-0.7241889070367721
32.34,2.20617000140382,0.2400290895962572,-0.7306048280693163
32.35,2.20856819237617,0.2396085013947502,-0.7347338414080612
32.36,2.21096215916684,0.23918423845924464,-0.7456628497857274
32.37,2.2133518647537,0.23875626155808183,-0.762957275877332
32.38,2.21573727180895,0.23832450093882093,-0.7691046344068432
32.39,2.21811834212608,0.23788894393183363,-0.7714675480938967
32.4,2.22049503803322,0.23744959745323943,-0.7854274584476805
32.41,2.22286732127604,0.23700641161084798,-0.7975409068396906
32.42,2.22523515331424,0.23655934143192633,-0.8136684230468693
32.4299999999999,2.22759849498094,0.23610832696333572,-0.8177426165525846
32.44,2.22995730670059,0.2356533678631682,-0.8248066512462805
32.45,2.23231154913124,0.2351944512063516,-0.8369747927255592
32.46,2.23466118237306,0.2347315346735046,-0.8594265735769155
32.47,2.23700616621594,0.2342645275742461,-0.8694807469173804
32.48,2.23934645921737,0.23379340230665902,-0.869546924311444
32.49,2.24168202057681,0.23331818037824287,-0.8859979142835086
32.5,2.24401280898322,0.23283880650826946,-0.899124714551635
32.51,2.24633878269735,0.23235523405891562,-0.9227520691406441
32.52,2.2486598994007,0.23186737212913533,-0.928657665174415
32.53,2.25097611582958,0.2313752157061681,-0.9329648283767685
32.54,2.25328738938556,0.23087876915411182,-0.9513587071879823
32.55,2.25559367669149,0.2303779683851463,-0.9715399050310184
32.5599999999999,2.25789493399749,0.22987273791913454,-0.9890088299264932
32.57,2.2601911165188,0.22936302037753026,-0.9930480188563869
32.58,2.26248217945374,0.22884882243860613,-1.0071767093998956
32.59,2.26476807789619,0.22833010613205013,-1.0224609962753397
32.6,2.26704876632398,0.22780682102575187,-1.0525617022296399
32.61,2.26932419874487,0.2272788524573614,-1.06209007280816
32.62,2.27159432772009,0.2267461837709095,-1.0647093473240874
32.63,2.27385910677019,0.22620883169282385,-1.088838226586434
32.64,2.27611848847403,0.22566671490500032,-1.1072426614424435
32.65,2.27837242497325,0.22511977164325625,-1.1325928715554159
32.66,2.28062086755597,0.22456791475408874,-1.1428673631441173
32.67,2.28286376682852,0.22401112697606473,-1.156012294334734
32.6799999999999,2.2851010735457,0.22344937989639363,-1.1792143995099003
32.69,2.28733273765396,0.22288259943683184,-1.1978499403684464
32.7,2.28955870857192,0.22231073048877653,-1.2182470659864586
32.71,2.29177893510586,0.22173371294677743,-1.2364801073090776
32.72,2.29399336550225,0.2211514972910426,-1.2558610281026668
32.73,2.29620194754299,0.2205640299792163,-1.2771007230486053
32.74,2.29840462839403,0.21997125000925433,-1.2976828298762149
32.75,2.30060135464259,0.21937310000949378,-1.3188101987178342
32.76,2.30279207229794,0.21876952141760184,-1.3406394815044256
32.77,2.30497672677313,0.21816045357685074,-1.362798916606424
32.78,2.30715526286824,0.2175458354308213,-1.3852411410361516
32.79,2.30932762477577,0.21692560575623893,-1.4083803976834925
32.8,2.31149375606736,0.21629970140724838,-1.431953765157977
32.8099999999999,2.31365359967534,0.21566805849558834,-1.455738971171794
32.82,2.31580709789593,0.2150306133854844,-1.4801369388955061
32.83,2.31795419238486,0.21438730102408451,-1.5049213008710824
32.84,2.32009482413726,0.21373805557166245,-1.531156136226139
32.85,2.32222893348309,0.21308280610418118,-1.5576367397518827
32.86,2.32435646001317,0.21242148214523454,-1.5831098471667606
32.87,2.32647734265964,0.2117540188734853,-1.6100758257578391
32.88,2.32859151969223,0.21108034653108954,-1.6379031270229765
32.89,2.33069892865075,0.2104003926161428,-1.6664516599183448
32.9,2.33279950635832,0.20971408282626966,-1.6953590617323535
32.91,2.33489318887442,0.20902134293652916,-1.724037113822772
32.92,2.33697991154244,0.20832210110098837,-1.7538860297564127
32.9299999999999,2.33905960897133,0.2076162820095151,-1.7845387033787736
32.94,2.34113221500148,0.20690380840766576,-1.815073098863284
32.95,2.3431976627056,0.20618460495389623,-1.8464942543633522
32.96,2.34525588440768,0.20545859406538858,-1.8790355231088132
32.97,2.34730681162646,0.2047256949741727,-1.9116661658988376
32.98,2.34935037508051,0.20398582799408355,-1.9449968682414362
32.99,2.35138650469134,0.203238912389588,-1.9783303691385565
33.0,2.35341512956743,0.20248486893407563,-2.0127295449121565
33.01,2.35543617803507,0.20172361548180806,-2.0484122033848604
33.02,2.35744957755826,0.20095506620227596,-2.083954865257787
33.03,2.35945525476016,0.20017913736476806,-2.1203548682052977
33.04,2.36145313542388,0.1993957437961491,-2.1565251219454407
33.05,2.36344314447626,0.19860480281007992,-2.194042220707891
33.0599999999999,2.36542520603152,0.19780622778984291,-2.232972243780909
33.07,2.36739924328407,0.196999928053343,-2.271477620446745
33.08,2.36936517855158,0.19618581618448724,-2.3111938306976616
33.09,2.37132293327034,0.19536380235825046,-2.3495146828449327
33.1,2.37327242797954,0.1945338038051044,-2.3902440041419615
33.11,2.37521358242476,0.19369572960393028,-2.433070343713237
33.12,2.37714631533033,0.19284948211376238,-2.4741621642792095
33.13,2.37907054452419,0.19199497206159694,-2.5173008561223664
33.14,2.38098618692133,0.1911321053158166,-2.556857762125418
33.15,2.38289315850537,0.1902608030662297,-2.6009374407128014
33.16,2.38479137454187,0.18938096993318018,-2.6481508602600474
33.17,2.38668074912056,0.1884924997489268,-2.69111625688909
33.1799999999999,2.38856119545087,0.18759530438285563,-2.737484938634252
33.19,2.3904326258075,0.18668928646943622,-2.778356287608024
33.2,2.39229495151145,0.18577437084438636,-2.8257084486831987
33.21,2.39414808322887,0.18485045812866402,-2.876641894539613
33.22,2.3959919303205,0.18391743641141453,-2.9211842411893136
33.23,2.39782640130446,0.18297521988298593,-2.9706847941572
33.24,2.3996514037468,0.18202370846715316,-3.0116648067865435
33.25,2.40146684425331,0.1810628352346022,-3.0621863331523573
33.26,2.40327262889524,0.1800924970348413,-3.116970131176616
33.27,2.40506866226383,0.17911257539682998,-3.1621175723779538
33.28,2.40685484818678,0.17812299025460704,-3.2140264512445245
33.29,2.40863108953801,0.17712364136765654,-3.2546863926153122
33.3,2.41039728825813,0.1761144713103365,-3.3076773002582978
33.3099999999999,2.41215334587051,0.17509537536048633,-3.3654905561502817
33.32,2.41389916228954,0.1740662309826539,-3.4108102594157956
33.33,2.41563463674603,0.1730269649348341,-3.464028567341498
33.34,2.41735966754437,0.17197748031448543,-3.503435547843353
33.35,2.41907415211697,0.17091773217784806,-3.558215579839312
33.36,2.42077798761932,0.1698476159113412,-3.6181523561051723
33.37,2.42247106948429,0.16876700727840682,-3.662628530617889
33.38,2.42415329257357,0.1676758428904875,-3.7159367731731923
33.39,2.42582455087756,0.166574032839432,-3.7530160236940446
33.4,2.42748473761862,0.16546154793624462,-3.8086672118131903
33.41,2.42913374590396,0.16433828589588936,-3.869479557090156
33.42,2.43077146703242,0.1632041240684205,-3.9119429900820397
33.4299999999999,2.43239779188045,0.16205901236535278,-3.9638384008527
33.44,2.43401261054233,0.16090287236700068,-3.9974280842770122
33.45,2.4356158124994,0.15973569418659128,-4.052811013977478
33.46,2.43720728729998,0.15855738067948785,-4.1129398700707105
33.47,2.43878692263926,0.15736781504900693,-4.152113731578866
33.48,2.44035460597967,0.1561669643982337,-4.200868294859794
33.49,2.44191022413104,0.15495476718558518,-4.229703219425579
33.5,2.44345366350643,0.15373123698225744,-4.283535025015211
33.51,2.44498481079107,0.1524962851226534,-4.341228551486299
33.52,2.44650355082204,0.1512498057703926,-4.375734657055931
33.53,2.4480097684412,0.14999178784801392,-4.419520442712458
33.54,2.44950334801502,0.14872219276492737,-4.442805004688776
33.55,2.45098417379315,0.14744106028643142,-4.493528363938515
33.5599999999999,2.45245213050585,0.1461483149982364,-4.546651883007502
33.57,2.45390710113347,0.144843869275324,-4.575446179216479
33.58,2.45534896893779,0.14352773790315596,-4.612500967984081
33.59,2.45677761693563,0.14219991189865872,-4.62952657714821
33.6,2.45819292837475,0.14086046045816242,-4.67564379497718
33.61,2.45959478720131,0.13950932677591438,-4.722257217409278
33.62,2.46098307580825,0.13814644918375882,-4.7439922525387175
33.63,2.46235767719052,0.13677187430840196,-4.774635798407387
33.64,2.46371847438638,0.13538562023873713,-4.789233907629422
33.65,2.46506535090934,0.1339877703943245,-4.823067092610535
33.66,2.46639819113016,0.1325783220534301,-4.858127816146969
33.67,2.46771687869344,0.13115726556975166,-4.873799813321327
33.6799999999999,2.46902129801277,0.12972468019990524,-4.8915912262201315
33.69,2.47031133410185,0.1282806396058082,-4.9149869446334975
33.7,2.47158687277345,0.12682518916801908,-4.938221484327378
33.71,2.47284780002618,0.12535837519008405,-4.952344809171788
33.72,2.47409400270725,0.12388028842291363,-4.964592737153374
33.73,2.47532536854944,0.1223910305746756,-4.981365241113675
33.74,2.47654178634878,0.12089068108324108,-4.997942030265128
33.75,2.47774314548946,0.11937932124624906,-5.006398823373737
33.76,2.47892933649742,0.11785707527225409,-5.010349093417315
33.77,2.48010025118901,0.11632409191549473,-5.022102224149766
33.78,2.48125578291251,0.11478048109094068,-5.033973653886168
33.79,2.48239582578032,0.11322635347851273,-5.035362419751502
33.8,2.48352027549699,0.11166187752565579,-5.033879747703656
33.8099999999999,2.48462902944743,0.11008724084606107,-5.039772197689697
33.82,2.48572198694631,0.10850259322852107,-5.045665871209319
33.83,2.48679904847335,0.1069080868240054,-5.042170291740975
33.84,2.48786011651693,0.10530392887080724,-5.038070381011282
33.85,2.48890509559351,0.10369033581150897,-5.0379261677342155
33.86,2.48993389244309,0.10206750465156697,-5.037492564087541
33.87,2.49094641558525,0.10043563804067457,-5.031340316246638
33.88,2.49194257589266,0.09879497653575431,-5.025086058671153
33.89,2.49292228662519,0.09714576797805001,-5.020367978143596
33.9,2.49388546357832,0.09548825584843787,-5.015289200165964
33.91,2.49483202491316,0.0938226916230837,-5.00731887935727
33.92,2.49576189149461,0.09214935096272248,-4.999202010683392
33.9299999999999,2.49667498696074,0.0904685180709297,-4.991759446637906
33.94,2.49757123784343,0.08878047980850345,-4.984014926194168
33.95,2.49845057353521,0.08708553262913865,-4.97497210375345
33.96,2.49931292651335,0.08538398947464851,-4.96655367837937
33.97,2.5001582324046,0.08367616839334291,-4.957677117619784
33.98,2.50098643006159,0.08196239962284062,-4.94842927160297
33.99,2.50179746171393,0.08024302538723142,-4.940434212403068
34.0,2.50259127303325,0.07851838902474355,-4.933012599871218
34.01,2.50336781313141,0.07678884052358578,-4.923974371267851
34.02,2.50412703471846,0.07505475309382467,-4.915086246470313
34.03,2.50486889433278,0.07331650973507742,-4.911031364722235
34.04,2.50559335227295,0.07157446983451221,-4.9040226442486965
34.05,2.50630037239912,0.06982902767041314,-4.8957092393067985
34.0599999999999,2.50698992286904,0.068080601093982,-4.89255384497693
34.07,2.50766197578105,0.06632958146571463,-4.890151273068442
34.08,2.50831650719711,0.06457636700974989,-4.88571704188909
34.09,2.50895349724779,0.06282138909284123,-4.881606709240144
34.1,2.50957293056179,0.06106509108290877,-4.88501940297461
34.11,2.51017479600735,0.05930786895448348,-4.885136367407768
34.12,2.51075908634364,0.05755016367919863,-4.883844477532437
34.13,2.51132579922805,0.0557924471914865,-4.8891414340312265
34.14,2.51187493668589,0.05403515064357952,-4.896752577720954
34.15,2.51240650508237,0.05227870073527541,-4.901953327665223
34.16,2.51292051510097,0.05052356928675339,-4.907680192850375
34.17,2.51341698246046,0.04877024339666007,-4.922738225349096
34.1799999999999,2.5138959273962,0.04701914013608792,-4.935268357930527
34.19,2.51435737423661,0.045270724066267164,-4.946573618500596
34.2,2.51480135249384,0.04352549840933214,-4.964677962835683
34.21,2.51522789635363,0.041783920082671955,-4.98706845222471
34.22,2.51563704452324,0.040046423172942124,-5.007228075007541
34.23,2.51602884006189,0.03831349779731171,-5.028470874667801
34.24,2.51640333137917,0.03658565198845961,-5.0592639718291155
34.25,2.51676057146539,0.034863311965586494,-5.090183121770981
34.26,2.51710061751262,0.03314693382110434,-5.1202244036434035
34.27,2.51742353169362,0.03143702459465307,-5.155181840341287
34.28,2.51772938114648,0.029734066610738928,-5.198412453124245
34.29,2.51801823758491,0.02803846828909699,-5.24001148472891
34.3,2.51829017664965,0.026350707327401267,-5.282811790666474
34.3099999999999,2.51854527952429,0.024671294426355704,-5.33471186308766
34.32,2.51878363178223,0.023000655778234368,-5.390068324304142
34.33,2.51900532331439,0.021339212697761106,-5.446197360985272
34.34,2.51921044827706,0.019687441686670287,-5.5060284679608955
34.35,2.5193991059592,0.01804582509883727,-5.574842730962447
34.36,2.51957139993831,0.016414751804642396,-5.645650865260379
34.37,2.51972743759253,0.014794652945652558,-5.71932428654594
34.38,2.51986733112714,0.013185999161202666,-5.799909352602896
34.39,2.51999119711636,0.011589214588562474,-5.8872547857884845
34.4,2.52009915622961,0.010004666429815531,-5.977796320154875
34.41,2.52019133266166,0.008432781041504505,-6.073286939249966
34.42,2.52026785551796,0.006874006369665213,-6.177019635878707
34.4299999999999,2.52032885769818,0.005328704449392152,-6.286233148387652
34.44,2.52037447575741,0.0037972433490833053,-6.401300758126269
34.45,2.52040485004333,0.0022800273919395173,-6.523473592506232
34.46,2.52042012507727,0.0007774529564352761,-6.65316971776843
34.47,2.52042044897003,-0.0007101659825906974,-6.79003073489894
34.48,2.52040597281624,-0.0021824701203524794,-6.934968697644317
34.49,2.520376851873,-0.003639075314972503,-7.088235716582125
34.5,2.52033324471547,-0.0050796529296515125,-7.248988519047173
34.51,2.52027531320167,-0.006503919517497625,-7.419885938043058
34.52,2.52020322179716,-0.007911546110091669,-7.60125659108025
34.53,2.52011713886862,-0.009302186752602193,-7.790858730620386
34.54,2.52001723558428,-0.01067556789751493,-7.989921907140625
34.55,2.51990368590894,-0.012031433374800246,-8.202069487942117
34.5599999999999,2.51977666626742,-0.01336949334340328,-8.426778461323087
34.57,2.51963635633872,-0.014689456359351372,-8.66024547773299
34.58,2.51948293822373,-0.015991093279247675,-8.906458978257522
34.59,2.51931659632254,-0.01727417731965941,-9.168412911880724
34.6,2.51913751733149,-0.01853846305632049,-9.444510445130206
34.61,2.51894589047916,-0.019783717596821848,-9.731398460738816
34.62,2.51874190704345,-0.021009752702683127,-10.034885073786834
34.63,2.51852576012984,-0.022216376807245496,-10.356686588189254
34.64,2.51829764486125,-0.02340339163707794,-10.694129374631306
34.65,2.51805775823843,-0.024570619854432284,-11.045520991897007
34.66,2.51780629890862,-0.0257179147104288,-11.417667399627213
34.67,2.51754346689133,-0.026845124785649748,-11.810765253578372
34.6799999999999,2.5172694638497,-0.027952100184669426,-12.220633119706985
34.69,2.51698449274135,-0.029038717242439265,-12.650394417785625
34.7,2.51668875773094,-0.030104865407224828,-13.102948498309035
34.71,2.51638246401034,-0.031150438893479127,-13.578355554798643
34.72,2.51606581785049,-0.032175340629747584,-14.074782849201666
34.73,2.51573902636497,-0.03317949085166842,-14.596773656772644
34.74,2.51540229744355,-0.03416281558448568,-15.14127068542564
34.75,2.51505583965702,-0.03512525721141395,-15.71039367639798
34.76,2.51469986205703,-0.03606677009292403,-16.304608163296653
34.77,2.51433457413818,-0.03698731859982004,-16.93558580242045
34.78,2.51396018570398,-0.03788685681640851,-17.582881170384308
34.79,2.5135769070646,-0.03876537292693365,-18.250472618251276
34.8,2.51318494828636,-0.03962287782392308,-18.956405458101614
34.8099999999999,2.51278451954845,-0.04045937039058127,-19.696068888070005
34.82,2.51237583091365,-0.04127484991616563,-20.463011451219007
34.83,2.51195909252979,-0.042069330127429236,-21.236083815421104
34.84,2.51153451412702,-0.042842865591504374,-22.045170871186766
34.85,2.5111023048707,-0.043595505898393526,-22.88969757730307
34.86,2.51066267351191,-0.044327295574734624,-23.77600454972349
34.87,2.51021582831672,-0.04503827248425093,-24.65947422706284
34.88,2.50976197716415,-0.04572851611567656,-25.552501356058247
34.89,2.50930132678673,-0.04639812569026125,-26.5112323158006
34.9,2.50883408320587,-0.047047165133155364,-27.469124444423176
34.91,2.50836045173331,-0.047675726333225775,-28.424378175677088
34.92,2.50788063655277,-0.04828392588983229,-29.406422665866298
34.9299999999999,2.50739484072192,-0.048871874807598914,-30.429530728639698
34.94,2.50690326622153,-0.049439669663586816,-31.422558071393208
34.95,2.5064061140603,-0.049987442476255126,-32.39501186343501
34.96,2.50590358361944,-0.05051534511749667,-33.433405579534885
34.97,2.50539587300235,-0.051023491923992324,-34.44721463670569
34.98,2.50488317917203,-0.05151201674614322,-35.39984422600167
34.99,2.5043656975119,-0.05198108884283774,-36.351925645022334
35.0,2.50384362170538,-0.0524308709812756,-37.34996060482692
35.01,2.50331714393029,-0.05286149677449966,-38.25322724651056
35.02,2.5027864550369,-0.053273139756230645,-39.08719872299125
35.03,2.502251743777,-0.05366599366409819,-39.9605469798338
35.04,2.50171319724981,-0.0540402199723659,-40.76648074291999
35.05,2.50117100087326,-0.05439599445389298,-41.478808367802834
35.0599999999999,2.50062533820366,-0.05473351569917166,-42.12553334120877
35.07,2.50007639074227,-0.05505298639940648,-42.82822545258355
35.08,2.49952433808579,-0.055354568843239235,-43.36341306282745
35.09,2.49896935829823,-0.05563846824302443,-43.757700672237334
35.1,2.49841162691253,-0.05590491662601875,-44.240786720052505
35.11,2.49785131754535,-0.05615409062482701,-44.65226071165974
35.12,2.49728860205787,-0.05638617018575154,-44.83077304226676
35.13,2.49672365033593,-0.05660139150156507,-44.9370743620256
35.14,2.49615662965946,-0.056799989304512355,-45.11609298628502
35.15,2.49558770533826,-0.0569821501327635,-45.2183518218195
35.16,2.49501704079305,-0.05714806360691549,-45.08741733845903
35.17,2.49444479742058,-0.05729797061401939,-44.890742244245786
35.1799999999999,2.49387113395085,-0.057432110631912746,-44.73839104569351
35.19,2.49329620707434,-0.05755068922030926,-44.47052221528136
35.2,2.49272017129896,-0.05765392605367274,-44.09674454213982
35.21,2.4921431789119,-0.0577420548844243,-43.6560700495005
35.22,2.49156537977777,-0.05781531192448804,-43.195375019067896
35.23,2.49098692149095,-0.05787392341457902,-42.67980938135724
35.24,2.4904079493623,-0.0579181172616979,-42.0745664496686
35.25,2.48982860639789,-0.05794813501767508,-41.376528515250385
35.26,2.48924903310469,-0.05796422939109055,-40.84659205817429
35.27,2.48866936763219,-0.05796658778726149,-40.67069462159482
35.28,2.48808974676363,-0.05795529682474099,-39.71757608846547
35.29,2.48751030620388,-0.05793065182418215,-38.75898018527234
35.3,2.48693117729718,-0.057892949239242895,-38.248320061059246
35.3099999999999,2.48635249011949,-0.057842361450407186,-37.13901723416236
35.32,2.48577437199722,-0.057779211146335996,-36.5460356228281
35.33,2.48519694717825,-0.05770367801150774,-35.95806853377883
35.34,2.48462033910482,-0.057615933839816336,-35.0192688940978
35.35,2.48404466834167,-0.05751624567023791,-34.39186312128129
35.36,2.48347005336536,-0.05740479888874199,-33.55063962116481
35.37,2.482896610743,-0.05728183740776327,-32.68371166408649
35.38,2.48232445418211,-0.057147614226079245,-32.01765885979403
35.39,2.4817536953646,-0.0570023220267335,-31.443142229128213
35.4,2.48118444404529,-0.05684612826375446,-30.59352570664524
35.41,2.48061680829165,-0.056679286099936554,-29.74953979027936
35.42,2.48005089299016,-0.05650205233633798,-29.125746404239976
35.4299999999999,2.47948680125555,-0.056314617941755074,-28.516851361794167
35.44,2.47892463403685,-0.05611716479642833,-28.046703769578347
35.45,2.47836449081818,-0.055909840356146066,-27.22175526319911
35.46,2.47780646926677,-0.05569290714365997,-26.49331354572005
35.47,2.47725066393765,-0.05546660448890369,-26.010634256009993
35.48,2.47669716784985,-0.05523109601082525,-25.39864647901339
35.49,2.47614607202149,-0.05498658666376703,-24.826303623538987
35.5,2.47559746545879,-0.05473327533066878,-24.28061091354517
35.51,2.47505143520882,-0.05447135593359409,-23.747712209327386
35.52,2.47450806638817,-0.054201022242261754,-23.226690394272858
35.53,2.47396744216856,-0.053922468062317375,-22.738720705062796
35.54,2.47342964380578,-0.053635880186423776,-22.26004687449693
35.55,2.47289475071718,-0.05334144635831632,-21.785700993485772
35.5599999999999,2.4723628403995,-0.05303935703940832,-21.341875993715245
35.57,2.47183398848132,-0.05272979662576116,-20.885527545651577
35.58,2.47130826876363,-0.052412954090267735,-20.611318475022873
35.59,2.47078575322531,-0.05208895764308904,-20.206296724239575
35.6,2.47026651284225,-0.05175798726351581,-19.712513935108063
35.61,2.46975061602745,-0.051420260473326415,-19.41615650053347
35.62,2.46923812965237,-0.05107592686115492,-19.068105608694353
35.63,2.46872911896307,-0.05072515350332818,-18.786282083251116
35.64,2.46822364755055,-0.050368087419816465,-18.46262837921356
35.65,2.46772177763329,-0.05000489504101517,-18.130647962806044
35.66,2.46722356950451,-0.04963574936982518,-17.87594642024239
35.67,2.46672908199967,-0.04926079659955951,-17.606261955022493
35.6799999999999,2.46623837240597,-0.04888019171667146,-17.29393456268841
35.69,2.46575149643692,-0.048494109420094134,-17.069583806531266
35.7,2.46526850800851,-0.04810269127708174,-16.875790023544383
35.71,2.4647894599504,-0.04770606839115121,-16.619292298196065
35.72,2.46431440346706,-0.047304399511016726,-16.4137108377909
35.73,2.46384338831226,-0.04689782597602221,-16.227721392733116
35.74,2.46337646284471,-0.046486482489915826,-16.029221735466724
35.75,2.46291367408872,-0.046070511377242315,-15.83956721188861
35.76,2.46245506757753,-0.0456500535243302,-15.675726736016047
35.77,2.46200068754009,-0.04522524025491655,-15.528201772375088
35.78,2.46155057687859,-0.0447961963130165,-15.411494832499164
35.79,2.46110477732779,-0.04436303559583281,-15.247999478713826
35.8,2.46066332943669,-0.04392589458091697,-15.10205399164393
35.8099999999999,2.46022627227639,-0.04348490397061052,-15.007673034930407
35.82,2.4597936438171,-0.04304017340923302,-14.873278993207316
35.83,2.45936548084754,-0.04259183161732609,-14.749687632054439
35.84,2.458941818815,-0.04214000387227079,-14.682661199262173
35.85,2.45852269205367,-0.041684790437834796,-14.60140723028551
35.86,2.45810813393081,-0.04122629869656169,-14.515548246647995
35.87,2.45769817662656,-0.040764641355028886,-14.405397115508194
35.88,2.45729285124171,-0.0402999445351937,-14.323784742621722
35.89,2.45689218750347,-0.03983232093565103,-14.302876654174858
35.9,2.45649621429031,-0.03936185508501833,-14.242022742302899
35.91,2.45610495952764,-0.038888651106316896,-14.177107534015619
35.92,2.45571845004527,-0.038412816611554934,-14.160822982461172
35.9299999999999,2.45533671167591,-0.037934436841017646,-14.124563301869864
35.94,2.45495976946986,-0.03745360772175651,-14.073726093521232
35.95,2.45458764734528,-0.03697043357724361,-14.061158257065316
35.96,2.45422036832684,-0.03648500102516976,-14.045500745347963
35.97,2.45385795456102,-0.035997398038667416,-14.038529954701005
35.98,2.4535004273188,-0.0355077093303513,-14.0334986509653
35.99,2.4531478070456,-0.03501601951739024,-14.032369292723354
36.0,2.45280011332312,-0.03452241195949224,-14.04180014882149
36.01,2.45245736493767,-0.03402696503226332,-14.069851677845236
36.02,2.4521195798905,-0.03352975160726783,-13.987986199996428
36.03,2.45178677538851,-0.03303090164605098,-14.036764450267112
36.04,2.45145896712271,-0.032530475647174484,-14.137323601294904
36.05,2.45113617099288,-0.032028506634410966,-14.107678769126917
36.0599999999999,2.45081840180312,-0.031525096690239916,-14.152347088066488
36.07,2.45050567362792,-0.03102031401917745,-14.151411695484052
36.08,2.45019799980586,-0.030514249825663864,-14.202230304668785
36.09,2.4498953926971,-0.030006967298338665,-14.272703019459996
36.1,2.44959786433564,-0.029498519233317477,-14.297297858482255
36.11,2.44930542594196,-0.028988984299183063,-14.346118877377478
36.12,2.44901808807274,-0.02847842713051089,-14.469150891488445
36.13,2.4487358607098,-0.02796687080548847,-14.505949200966404
36.14,2.44845875373402,-0.02745438965883936,-14.52193838417212
36.15,2.44818677572886,-0.026941071159684398,-14.633430252279128
36.16,2.44791993498428,-0.02642694825682653,-14.703599702168056
36.17,2.44765823925104,-0.025912077125000987,-14.746517302156438
36.1799999999999,2.44740169570228,-0.025396531819003403,-14.84273610638983
36.19,2.44715031072786,-0.02488035377250508,-14.953105592919233
36.2,2.44690409061712,-0.02436357557323484,-15.025231726399001
36.21,2.44666304102246,-0.023846254043065805,-15.113858651760214
36.22,2.44642716712787,-0.02332844485744001,-15.044010884805727
36.23,2.44619647329903,-0.02281030174283346,-15.207037777562187
36.24,2.44597096221257,-0.02229182642298211,-15.40955360932878
36.25,2.4457506379092,-0.02177299383157768,-15.396353534945394
36.26,2.44553550317999,-0.02125391857751661,-15.51884904562545
36.27,2.44532556029818,-0.02073462598982667,-15.78059379392563
36.28,2.44512081155371,-0.02021504472138706,-15.79725609223053
36.29,2.44492126001774,-0.019695276713438403,-15.792871782352051
36.3,2.44472690630304,-0.01917544139716787,-16.009872780785066
36.3099999999999,2.44453775149843,-0.01865550347815992,-16.09268753002955
36.32,2.44435379636689,-0.018135519829602192,-16.114039756601915
36.33,2.44417504094592,-0.01761559684008892,-16.285023625982234
36.34,2.44400148426251,-0.017095725283144958,-16.460720732578178
36.35,2.4438331262842,-0.016575889893758838,-16.519870708922454
36.36,2.44366996610711,-0.01605616572758854,-16.641303329425
36.37,2.44351200248997,-0.015536584958419919,-16.746070185341324
36.38,2.44335923379598,-0.01501718981959573,-16.87038320598403
36.39,2.44321165799017,-0.01449800585925735,-16.99427635017468
36.4,2.44306927288706,-0.01397905817259737,-17.106700052837763
36.41,2.44293207592172,-0.013460381773918359,-17.220174392920892
36.42,2.44280006422909,-0.012942011904485778,-17.32758558159165
36.4299999999999,2.44267323453928,-0.012423988195871724,-17.45800700051475
36.44,2.44255158325608,-0.011906326783010329,-17.58211892184088
36.45,2.44243510672114,-0.011389048436645973,-17.69169732075849
36.46,2.44232380089793,-0.01087218794300071,-17.81079401903779
36.47,2.44221766148648,-0.010355770333007424,-17.920196120656048
36.48,2.44211668393196,-0.00983982664493066,-18.075209482246386
36.49,2.44202086343334,-0.009324331915805395,-18.180449214098108
36.5,2.4419301956702,-0.008809320475492804,-18.26060112693836
36.51,2.4418446752223,-0.008294857579519792,-18.394751051138467
36.52,2.4417642967007,-0.007780938324727002,-18.506270360821063
36.53,2.44168905458688,-0.007267579442330844,-18.61957414345851
36.54,2.44161894318581,-0.006754794199007967,-18.7157799564041
36.55,2.44155395663626,-0.006242624786086578,-18.785277022697684
36.5599999999999,2.44149408839962,-0.005731158634414424,-18.92414440584257
36.57,2.44143933127169,-0.005220348700836949,-19.048228073548138
36.58,2.44138967930538,-0.004710162955005408,-19.120803396238628
36.59,2.44134512572644,-0.004200668600828905,-19.22073123971501
36.6,2.44130566359222,-0.0036918767035857654,-19.313725334479383
36.61,2.44127128579851,-0.0031838024335965427,-19.402208707985178
36.62,2.44124198508637,-0.002676466127253067,-19.489171465558563
36.63,2.44121775397167,-0.00216988175724131,-19.57367844690168
36.64,2.44119858491277,-0.00166405822008923,-19.65281145223711
36.65,2.44118447022058,-0.0011590108869160196,-19.728707657362417
36.66,2.44117540206406,-0.0006547530517653222,-19.8007949055256
36.67,2.44117137248842,-0.0001512952739128141,-19.86859876189887
36.6799999999999,2.4411723734217,0.00035134396232742543,-19.93493616648246
36.69,2.44117839651457,0.0008531203549858961,-19.994396817403743
36.7,2.44118943299778,0.0013540472635834948,-20.04787112960156
36.71,2.44120547465446,0.0018541380420085871,-20.101501498788682
36.72,2.44122651286919,0.0023533595077007696,-20.147762308207465
36.73,2.44125253892081,0.0028517037454101057,-20.19003103486792
36.74,2.44128354398766,0.0033491604396547934,-20.225715019676
36.75,2.44131951915277,0.003845724483482934,-20.25749431882153
36.76,2.44136045547211,0.004341387421569198,-20.2859870032405
36.77,2.44140634385839,0.0048361367987544614,-20.307133984516387
36.78,2.44145717514203,0.005329966226822839,-20.323062078380232
36.79,2.44151294009628,0.005822869692762023,-20.332837640253302
36.8,2.44157362942801,0.0063148421412528855,-20.338755938832197
36.8099999999999,2.4416392337831,0.0068058725227267605,-20.375881360639326
36.82,2.44170974357964,0.0072959032734409845,-20.350513581007455
36.83,2.44178514860659,0.007784960335518084,-20.31292646439643
36.84,2.44186543962312,0.0082730770480192,-20.325294855965115
36.85,2.44195060689068,0.008760213057434907,-20.301234141086592
36.86,2.4420406406066,0.009246365708751963,-20.280061217331113
36.87,2.44213553090754,0.009731526734417056,-20.23219564045072
36.88,2.44223526787295,0.010215709010430452,-20.19065559126644
36.89,2.44233984181335,0.01069891198391959,-20.17017942400265
36.9,2.44244924277183,0.01118110995391719,-20.1194398241597
36.91,2.44256346066051,0.01166230148017533,-20.059099636872045
36.92,2.44268248545576,0.012142490027418814,-20.00192134150943
36.9299999999999,2.44280630710717,0.01262167233766857,-19.920041597905627
36.94,2.44293491554182,0.013099854777653963,-19.942709563727696
36.95,2.44306830066847,0.013576965660836809,-19.83737735463157
36.96,2.44320645137284,0.014053027594085332,-19.680005014011336
36.97,2.44334935787603,0.014528097829010397,-19.65743093078362
36.98,2.44349700989101,0.01500213254416923,-19.56385890122909
36.99,2.44364939707435,0.015475131238669912,-19.472859730496292
37.0,2.4438065090541,0.015947091278423198,-19.376818426160064
37.01,2.44396833543211,0.016418010630577427,-19.270878970533854
37.02,2.44413486579968,0.01688789051817278,-19.169819414146627
37.03,2.44430608976332,0.017356726664833715,-19.064912559252797
37.04,2.4444819968416,0.017824514770755272,-18.94754001441676
37.05,2.44466257656769,0.018291255769313047,-18.830820727443687
37.0599999999999,2.44484781846215,0.018756948276066332,-18.708815001619033
37.07,2.4450377120354,0.01922159162574729,-18.586344241769545
37.08,2.44523224679015,0.01968518354541112,-18.46053914884171
37.09,2.4454314121966,0.02014772202549494,-18.323562822409546
37.1,2.4456351977263,0.020609209355552476,-18.186597895894355
37.11,2.44584359288154,0.02106964626658418,-18.05023901391075
37.12,2.446056587147,0.02152903159826266,-17.90812398429542
37.13,2.44627417001021,0.021987365902068994,-17.753557309625553
37.14,2.44649633096387,0.022444652819405185,-17.6546933337776
37.15,2.44672305950825,0.022900869045024606,-17.501700529182067
37.16,2.44695434479299,0.0233560169999462,-17.3001099664456
37.17,2.44719017635777,0.02381012157024835,-17.166812315161277
37.1799999999999,2.44743054372004,0.02426317460538785,-17.017626795477995
37.19,2.44767543633622,0.02471517297858069,-16.85856824698621
37.2,2.44792484366794,0.025166117872832405,-16.697872760317274
37.21,2.44817875518354,0.025616010336852273,-16.54985532898238
37.22,2.44843716035386,0.02606484554239878,-16.381540791239804
37.23,2.44870004858316,0.02651262711540851,-16.207713628262002
37.24,2.44896740939981,0.02695936071875534,-16.051553507231205
37.25,2.44923923229729,0.027405043850003974,-15.884237185525649
37.26,2.44951550678065,0.02784967811126545,-15.71714099668131
37.27,2.44979622236788,0.02829326491542809,-15.549871955116732
37.28,2.45008136859118,0.02873580541957003,-15.383415454650827
37.29,2.45037093499168,0.029177300317243898,-15.212168222297342
37.3,2.4506649111207,0.029617752165911337,-15.04092698289931
37.3099999999999,2.45096328656597,0.03005716344133269,-14.872321037768916
37.32,2.45126605092559,0.030495535443005505,-14.70174415792579
37.33,2.45157319381784,0.030932870326168725,-14.525274987858552
37.34,2.4518847048825,0.031369171842946894,-14.38211060647569
37.35,2.45220057378211,0.03180443048516798,-14.221117452055458
37.36,2.4525207900186,0.032238644753305554,-14.014089389978778
37.37,2.45284534324842,0.03267183215476255,-13.84686405465375
37.38,2.45317422324258,0.03310399459166188,-13.6905728828259
37.39,2.45350741971538,0.03353512890165907,-13.519531941371422
37.4,2.45384492240328,0.03396523799698755,-13.350474625595734
37.41,2.45418672106582,0.034394324550753495,-13.184133190072815
37.42,2.45453280548646,0.034822389716511935,-13.045014955531949
37.4299999999999,2.45488316543473,0.035249425032986746,-12.859850576107132
37.44,2.45523779058858,0.035675440653060164,-12.674541830415544
37.45,2.45559667087882,0.03610044749044657,-12.531012080963384
37.46,2.45595979616081,0.03652444022176719,-12.364943666288099
37.47,2.45632715631372,0.03694742208224522,-12.203332323819566
37.48,2.45669874124117,0.03736939554698597,-12.042515954605383
37.49,2.45707454087183,0.037790363182158934,-11.88352243868944
37.5,2.45745454516005,0.03821032734450854,-11.724995774059924
37.51,2.4578387440829,0.03862929072535234,-11.567150351330064
37.52,2.45822712764839,0.039047256285488594,-11.411425064036758
37.53,2.45861968589151,0.03946422670186116,-11.256764352957296
37.54,2.45901640887467,0.03988020477583658,-11.103412542898669
37.55,2.45941728668892,0.04029519340764306,-10.94962388547702
37.5599999999999,2.45982230945457,0.04070919603184435,-10.805426389222776
37.57,2.46023146732179,0.04112221257976205,-10.672011471398395
37.58,2.46064475041381,0.041534239842311305,-10.507005241293664
37.59,2.46106214885327,0.04194528779323988,-10.351431213054779
37.6,2.46148365292533,0.04235536355160496,-10.21985151665795
37.61,2.46190925287876,0.04276446509716333,-10.074945296571805
37.62,2.46233893899154,0.043172595916011566,-9.934074506571468
37.63,2.46277270157129,0.04357975899123012,-9.78857818088946
37.64,2.46321053095565,0.04398595885198864,-9.682088917334944
37.65,2.46365241751269,0.044391185880695204,-9.532359537843044
37.66,2.4640983514605,0.04479544840767143,-9.371726569353806
37.67,2.46454832330441,0.04519876018274823,-9.25994577088883
37.6799999999999,2.46500232348049,0.04560111604590504,-9.12596155455035
37.69,2.46546034245068,0.04600251949333408,-8.99661063909187
37.7,2.46592237070515,0.04640297337591415,-8.869130708629365
37.71,2.46638839876249,0.046802480460165594,-8.74156992289505
37.72,2.46685841716986,0.047201044230171796,-8.616074602989015
37.73,2.46733241651314,0.04759866796547978,-8.495283406267108
37.74,2.46781038740273,0.04799535367900528,-8.374159450064615
37.75,2.46829232046959,0.04839110417610426,-8.253418109518849
37.76,2.46877820637998,0.048785922835936635,-8.135433313096769
37.77,2.46926803583001,0.04917981260324315,-8.01872314885327
37.78,2.46976179954578,0.04957277653874215,-7.903417803425481
37.79,2.4702594882836,0.04996481760609628,-7.796841024492795
37.8,2.47076109282405,0.050355935970810194,-7.680980959530833
37.8099999999999,2.47126660394344,0.05074613638442379,-7.565583199644729
37.82,2.471776012508,0.051135424175319244,-7.461824657801948
37.83,2.47228930938907,0.05152380039406731,-7.354023180103195
37.84,2.47280648548805,0.051911268261273236,-7.248699450304623
37.85,2.47332753173655,0.05229783080285729,-7.1417001329327
37.86,2.47385243909649,0.0526834919212386,-7.054633029735689
37.87,2.47438119856025,0.05306824776657819,-6.953870224134869
37.88,2.4749138010471,0.053452101262481864,-6.837389372243352
37.89,2.47545023760944,0.05383506304759145,-6.74491163372238
37.9,2.47599049933851,0.05421713406108901,-6.652285772530182
37.91,2.47653457732582,0.054598315391659234,-6.556883889184187
37.92,2.47708246269081,0.05497861006289832,-6.463711835890933
37.9299999999999,2.47763414658084,0.05535802086501877,-6.371928870775063
37.94,2.47818962017112,0.05573655057682,-6.281685346153964
37.95,2.4787488746645,0.05611420191448484,-6.19260424071589
37.96,2.47931190129087,0.05649097768984923,-6.104878947962022
37.97,2.4798786913091,0.05686688071767643,-6.018703751241372
37.98,2.48044923600514,0.05724191371682119,-5.933749305001694
37.99,2.48102352669254,0.057616079448023313,-5.850124865206745
38.0,2.48160155471237,0.05798938066078711,-5.767946604549846
38.01,2.48218331143318,0.05836182005596324,-5.686211372857693
38.02,2.48276878825097,0.0587334007213373,-5.606061077458968
38.03,2.48335797659462,0.05910412557050456,-5.5285352076309255
38.04,2.48395086791733,0.05947399685447552,-5.451250290794635
38.05,2.4845474536956,0.059843017271576926,-5.374708734204481
38.0599999999999,2.48514772543627,0.06021118976601662,-5.299862627919798
38.07,2.48575167467355,0.060578517049758585,-5.226186375159277
38.08,2.48635929296901,0.060945001872995494,-5.1509129036638255
38.09,2.48697057191155,0.061310647764153035,-5.095406726068464
38.1,2.48758550311551,0.06167544967075056,-5.017689931681332
38.11,2.48820407811385,0.06203941388984354,-4.935788668214109
38.12,2.48882628862692,0.06240254954748374,-4.878879464879717
38.13,2.48945212633605,0.06276485404925018,-4.810441426582142
38.14,2.49008158294741,0.06312633040525355,-4.744889771901504
38.15,2.49071465019186,0.06348698107552972,-4.680213099870372
38.16,2.49135131982477,0.06384680853964708,-4.6171012452929645
38.17,2.49199158362587,0.06420581497805777,-4.5552944996660365
38.1799999999999,2.49263543339473,0.06456400243907516,-4.492873210908493
38.19,2.49328286095417,0.06492137378768525,-4.432001237668984
38.2,2.49393385815848,0.0652779316036689,-4.373090692507583
38.21,2.49458841688135,0.06563367792117673,-4.314446970103684
38.22,2.49524652901973,0.06598861508939255,-4.256801212795195
38.23,2.49590818649363,0.06634274540825806,-4.201198123217794
38.24,2.49657338124599,0.06669607078999551,-4.139769533948082
38.25,2.49724210524244,0.06704859654209269,-4.086423390549851
38.26,2.49791435051541,0.06740032412250556,-4.0376639294749195
38.27,2.49859010906394,0.06775125290722217,-3.981340546909965
38.28,2.49926937292329,0.06810138672332933,-3.9288185628725127
38.29,2.49995213415661,0.06845072804324559,-3.877372215150928
38.3,2.50063838484997,0.0687992791097399,-3.826216312135157
38.3099999999999,2.50132811711219,0.06914704236256435,-3.7774331498058804
38.32,2.50202132307476,0.06949401914806419,-3.7349681603005203
38.33,2.50271799487142,0.06984020800135197,-3.681018875045977
38.34,2.50341812462604,0.0701856142734103,-3.62895599270971
38.35,2.50412170456227,0.07053024282141682,-3.587381470655204
38.36,2.50482872688875,0.0708740929609227,-3.5406688877023416
38.37,2.50553918383453,0.07121716701643892,-3.495592681932333
38.38,2.50625306764881,0.07155946699501925,-3.4506069680739775
38.39,2.50697037060078,0.07190099510008634,-3.40983656959204
38.4,2.50769108497935,0.0722417515518418,-3.3668624855987423
38.41,2.50841520306684,0.07258173827281815,-3.3212181496973376
38.42,2.50914271719107,0.07292095916333619,-3.280626414492589
38.4299999999999,2.5098736197018,0.07325941559460278,-3.2404671122487683
38.44,2.51060790295943,0.07359710890685693,-3.2000777850362736
38.45,2.51134555934237,0.0739340409536382,-3.1604709376154942
38.46,2.51208658124681,0.07427021349664109,-3.122278773657361
38.47,2.5128309610864,0.07460562796817172,-3.0803291490024467
38.48,2.51357869129207,0.07494028840591138,-3.041012349189316
38.49,2.51432976434827,0.07527419747834774,-3.0091168917872673
38.5,2.51508417273306,0.07560735362415565,-2.9724907558668785
38.51,2.51584190891692,0.07593975841424516,-2.934356941705653
38.52,2.51660296540637,0.0762714148707396,-2.899242686861198
38.53,2.51736733472504,0.07660232454224833,-2.864302564509924
38.54,2.51813500941353,0.07693248911151788,-2.8295365713851366
38.55,2.51890598202913,0.07726191040374383,-2.797299753022482
38.5599999999999,2.51968024514571,0.07759058891973666,-2.766020222064317
38.57,2.52045779133403,0.07791852498490275,-2.729970753145009
38.58,2.52123861318236,0.07824572229409762,-2.6967328930581846
38.59,2.52202270332414,0.07857218312493272,-2.66694004893177
38.6,2.5228100543913,0.07889790775391647,-2.6353925580841437
38.61,2.52360065903056,0.07922289778923286,-2.6046990353755706
38.62,2.52439450990325,0.07954715467824633,-2.574121118976369
38.63,2.52519159968503,0.0798706800026731,-2.5455244870214684
38.64,2.52599192106567,0.08019347418366149,-2.520126074801906
38.65,2.5267954667296,0.08051553600827432,-2.487275242041384
38.66,2.52760222935777,0.08083686951115092,-2.4563829189017716
38.67,2.52841220170084,0.08115747780098603,-2.4317221670593203
38.6799999999999,2.52922537649425,0.0814773600056847,-2.403777870730351
38.69,2.53004174648532,0.0817965175250864,-2.3768144397615587
38.7,2.53086130443293,0.08211495150225087,-2.350417245584325
38.71,2.53168404310727,0.08243266296518911,-2.324053464135974
38.72,2.53250995528958,0.08274965337023987,-2.293911871861175
38.73,2.5333390337827,0.08306592682133888,-2.271838059379004
38.74,2.53417127143194,0.08338148207567286,-2.250107632628496
38.75,2.53500666102759,0.08369631779675905,-2.2221262408527727
38.76,2.53584519539962,0.08401043728616017,-2.1983997707166503
38.77,2.53668686738853,0.0843238413448022,-2.1744777688564474
38.78,2.53753166984512,0.08463653098817285,-2.150923947001662
38.79,2.53837959563021,0.08494850722428801,-2.1275653134896833
38.8,2.53923063761448,0.0852597710653232,-2.1065324685937474
38.8099999999999,2.5400847886765,0.08557032216380822,-2.0830337228476288
38.82,2.5409420416876,0.0858801621784385,-2.059490838230077
38.83,2.54180238955551,0.08618929305999427,-2.039005456935281
38.84,2.54266582518515,0.08649771475639871,-2.017360010641466
38.85,2.5435323414897,0.08680542817514811,-1.9962515408532693
38.86,2.54440193139035,0.0871124341069951,-1.9754924051034009
38.87,2.54527458781609,0.08741873331848948,-1.9541114471012457
38.88,2.54615030370343,0.08772432698489856,-1.938857226204491
38.89,2.54702907199612,0.08802921211876757,-1.916811221709407
38.9,2.5479108855924,0.0883333910445224,-1.893149432294503
38.91,2.5487957374736,0.0886368676037234,-1.8772807782786758
38.92,2.54968362059793,0.08893963996474685,-1.8579435253587464
38.9299999999999,2.55057452792791,0.08924170882702957,-1.8393429273748076
38.94,2.55146845243111,0.08954307468600857,-1.8210144945204934
38.95,2.5523653870798,0.08984373800097942,-1.8030307117922735
38.96,2.55326532485073,0.09014369916848046,-1.7849184060602357
38.97,2.55416825872475,0.09044295885608881,-1.7675009464480667
38.98,2.55507418169049,0.09074151736441957,-1.7505924720217922
38.99,2.55598308673515,0.09103937476500068,-1.73342917427851
39.0,2.5568949668502,0.0913365315015624,-1.7166834838808922
39.01,2.55780981503063,0.09163298788224714,-1.700215792671417
39.02,2.55872762427414,0.09192874415652197,-1.683991516779078
39.03,2.5596483875808,0.09222380054767129,-1.6679577772590235
39.04,2.56057209795278,0.09251815727699952,-1.6524733648505974
39.05,2.56149874839403,0.09281181429132332,-1.6369713686344953
39.0599999999999,2.56242833190674,0.09310477172058684,-1.6214042136448863
39.07,2.56336084149752,0.09339702991381094,-1.606450445241684
39.08,2.56429627017423,0.09368858887965903,-1.5917009055442246
39.09,2.56523461094429,0.09397944859600808,-1.5770981146452314
39.1,2.56617585681534,0.09426960907438961,-1.5627381597806222
39.11,2.56712000079488,0.09455907028809533,-1.5483658708758552
39.12,2.56806703589002,0.09484783230475635,-1.535420140768551
39.13,2.56901695510716,0.09513589412725547,-1.5223250412045328
39.14,2.56996975143701,0.09542325507999976,-1.5074229143164979
39.15,2.57092541787553,0.09570991619009354,-1.4940388445402013
39.16,2.57188394742738,0.0959958773692297,-1.48157381894245
39.17,2.57284533308731,0.09628113781266305,-1.4686032574700172
39.1799999999999,2.57380956784694,0.09656569725345529,-1.4560391235245784
39.19,2.57477664469449,0.09684955527794101,-1.4430322437783663
39.2,2.57574655661441,0.09713271195982051,-1.4309653925270294
39.21,2.57671929659372,0.09741516668214656,-1.419297373424702
39.22,2.5776948576056,0.09769691859517297,-1.4070243080605025
39.23,2.57867323262215,0.0979779675020979,-1.3953407413990453
39.24,2.57965441461043,0.09825831285121822,-1.383684945138004
39.25,2.58063839653211,0.09853795414225264,-1.3726452829176399
39.26,2.58162517134313,0.09881689041609429,-1.3621226937176993
39.27,2.58261473198668,0.09909512041325434,-1.35032746638625
39.28,2.58360707139706,0.09937264415065632,-1.3390936925233963
39.29,2.58460218251396,0.09964946127999363,-1.328948628290059
39.3,2.58560005826329,0.0999255705531795,-1.3183623394616029
39.3099999999999,2.58660069156292,0.1002009712017434,-1.3078244914340265
39.32,2.58760407532236,0.1004756624876646,-1.298680479857289
39.33,2.58861020244231,0.10074964253272331,-1.2884785703703352
39.34,2.58961906579989,0.10102291055714696,-1.277667821809884
39.35,2.59063065827923,0.10129546647699161,-1.2684928581541708
39.36,2.59164497275086,0.10156730880643838,-1.2590162305407797
39.37,2.59266200207283,0.10183843637006455,-1.249584339568983
39.38,2.59368173909192,0.10210884806725792,-1.2404428899930378
39.39,2.5947041766433,0.1023785425754246,-1.232230359944781
39.4,2.59572930754655,0.10264751784424542,-1.222630228744873
39.41,2.59675712460082,0.10291577327026236,-1.2129396030755286
39.42,2.59778762061077,0.1031833084784902,-1.2046281923961808
39.4299999999999,2.59882078836463,0.1034501219137322,-1.1948706015519281
39.44,2.59985662063961,0.10371621312416461,-1.1906724385753835
39.45,2.60089511020189,0.10398157639859666,-1.184091773807206
39.46,2.60193624973395,0.10424620866311685,-1.1699488247865737
39.47,2.60298003195152,0.10451011446717118,-1.1618123248779224
39.48,2.60402644959708,0.10477329273947955,-1.1558225098790396
39.49,2.60507549537087,0.10503574014315564,-1.1452915475688026
39.5,2.60612716196001,0.10529745699157471,-1.1493443484278867
39.51,2.60718144203778,0.10555842999297275,-1.1369317530275886
39.52,2.60823832809337,0.10581866238826843,-1.1196421398911172
39.53,2.60929781283859,0.10607816268483061,-1.1198716081501217
39.54,2.6103598888799,0.10633692208608474,-1.1106881316058013
39.55,2.61142454880784,0.10659494022985753,-1.1057360207041331
39.5599999999999,2.61249178519704,0.1068522126114376,-1.1063561774564417
39.57,2.61356159054813,0.10710872961607518,-1.0925119324285013
39.58,2.61463395728885,0.1073644966152365,-1.0806357775034034
39.59,2.61570887798839,0.10761951733832358,-1.0795784334443959
39.6,2.61678634512529,0.10787378436707037,-1.0704014600374867
39.61,2.61786635115905,0.10812729753598335,-1.072194866321813
39.62,2.61894888853008,0.10838004593938615,-1.0669201357549016
39.63,2.62003394952239,0.10863202636743527,-1.0513710359670334
39.64,2.62112152651928,0.1088832466734154,-1.0473029504403173
39.65,2.62221161190856,0.10913370301397496,-1.043318508887911
39.66,2.62330419801863,0.10938339089334725,-1.0355165816340353
39.67,2.62439927715551,0.10963230900850793,-1.0424535149124425
39.6799999999999,2.62549684158768,0.10988044141582165,-1.0308485911938552
39.69,2.62659688337994,0.11012779205240575,-1.0152003756536871
39.7,2.62769939484417,0.11037436959699573,-1.0181368968441034
39.71,2.62880436816114,0.11062016304306996,-1.0104277235752046
39.72,2.62991179548564,0.1108651714695763,-1.0095165032773163
39.73,2.63102166894653,0.11110938687359426,-1.0117835110691857
39.74,2.63213398055094,0.11135279844012302,-0.9975640306619041
39.75,2.63324872225871,0.11159541357358047,-0.9884773088199049
39.76,2.63436588617027,0.11183723448174865,-0.9896511570737361
39.77,2.63548546427234,0.11207825188659741,-0.9823400163360584
39.78,2.63660744852217,0.11231846473142015,-0.984673564936181
39.79,2.63773183084752,0.11255786151275204,-0.9872484243516632
39.8,2.63885860300394,0.11279643118555782,-0.9709673500985122
39.8099999999999,2.63998775674497,0.11303418402533646,-0.9636382634228167
39.82,2.6411192839595,0.11327112079149901,-0.9657339361248507
39.83,2.64225317640896,0.11350723122614352,-0.9585363865065168
39.84,2.64338942582088,0.11374251424192128,-0.9639102542454104
39.85,2.64452802388887,0.1139769550078662,-0.9654100304954885
39.86,2.64566896208975,0.11421054377641997,-0.9481810264241674
39.87,2.64681223195898,0.1144432924720662,-0.9435852916464198
39.88,2.64795782512859,0.11467519911531796,-0.9455840272093163
39.89,2.64910573310294,0.11490625351370243,-0.9386529755753988
39.9,2.65025594734759,0.11513645439747237,-0.9471180863954262
39.91,2.65140845928934,0.11536578341272419,-0.9470144028831387
39.92,2.65256326009209,0.11559423274767333,-0.9290642454833984
39.9299999999999,2.65372034104941,0.11582181572442618,-0.9276066670486146
39.94,2.65487969349843,0.11604852698617515,-0.9291497243771685
39.95,2.65604130865313,0.1162743567873159,-0.9223426758863686
39.96,2.65720517768351,0.11649930375036885,-0.9348492282301563
39.97,2.65837129171557,0.11672334470148964,-0.93282161144874
39.98,2.65953964154791,0.11694647419191462,-0.9132989446460686
39.99,2.66071021820415,0.11716870797650789,-0.9155457606748909
40.0,2.66188301268912,0.11739003652372348,-0.9166001269578382
40.01,2.66305801588807,0.11761045052284258,-0.9098326974690747
40.02,2.66423521863642,0.11782994850909612,-0.9268922787594849
40.03,2.66541461171981,0.11804850170106611,-0.9223187528340336
40.04,2.66659618552195,0.11826610782350959,-0.9010708670212826
40.05,2.66777993076818,0.11848278529499694,-0.9076856454725074
40.0599999999999,2.66896583808456,0.11869851942124163,-0.9079251072638481
40.07,2.67015389798529,0.11891330168900538,-0.9008654861278129
40.08,2.67134410092828,0.11912713076508061,-0.9247092271741586
40.09,2.67253643731526,0.11933996936299338,-0.9159352827330328
40.1,2.67373089703251,0.11955182054699624,-0.8911169691053155
40.11,2.67492747049557,0.11976270780210685,-0.9040438682357914
40.12,2.67612614790512,0.11997260876167593,-0.902956521859652
40.13,2.67732691935989,0.12018151612180894,-0.8972623694222166
40.14,2.67852977489567,0.12038942741658953,-0.9172685510572981
40.15,2.67973470448535,0.12059630886409231,-0.919741432919289
40.16,2.68094169761881,0.12080214965443092,-0.8935589095132256
40.17,2.68215074408132,0.1210069754851606,-0.8974366380692538
40.1799999999999,2.6833618337049,0.12121077521498233,-0.9036303975844716
40.19,2.68457495611585,0.12141353289244854,-0.898706890107945
40.2,2.68579010086925,0.12161524520358791,-0.9117481992736713
40.21,2.68700725744903,0.12181588597630633,-0.9273401755574124
40.22,2.68822641494591,0.12201542761398991,-0.9022859493568965
40.23,2.68944756241197,0.12221389477793018,-0.8946603655372002
40.24,2.69067068925909,0.12241129089770228,-0.9087885535055498
40.25,2.69189578458112,0.1226075903971576,-0.9047782024379928
40.26,2.69312283739139,0.1228027889024097,-0.9099662693657398
40.27,2.69435183662271,0.1229968692302704,-0.9392717246993035
40.28,2.69558277092352,0.12318978565116398,-0.9160898275504002
40.29,2.69681562853053,0.12338156071192152,-0.8962459287292615
40.3,2.69805039837581,0.12357221373974214,-0.9185310702589674
40.3099999999999,2.6992870689556,0.12376170897499725,-0.9155209986295556
40.32,2.70052562867531,0.12395004083699165,-0.912323107544244
40.33,2.70176606584953,0.12413720200492215,-0.9567026548156214
40.34,2.70300836862681,0.12432312625626867,-0.9352742477166556
40.35,2.70425252432701,0.12450783405426233,-0.9020501281070237
40.36,2.7054985213444,0.12469136261098468,-0.9333639691618263
40.37,2.70674634750374,0.12487366462823705,-0.9306635854120098
40.38,2.70799599052733,0.12505473375493312,-0.9237736476414096
40.39,2.70924743803506,0.12523456736226088,-0.9723470279045101
40.4,2.71050067754437,0.12541309209005055,-0.9604291086339463
40.41,2.71175569555659,0.1255903159088116,-0.9199803969843994
40.42,2.71301247964876,0.1257662861056219,-0.9489741369070113
40.4299999999999,2.71427101696112,0.1259409583508527,-0.9511987938278662
40.44,2.71553129444794,0.12611431965799577,-0.9456493405906652
40.45,2.71679329894793,0.1262863658439195,-0.9864399674605205
40.46,2.71805701718428,0.1264570317147366,-0.9934246621209831
40.47,2.71932243495057,0.12662629983074547,-0.9507851995115908
40.48,2.72058953866329,0.1267942210466851,-0.9636376833886141
40.49,2.72185831480032,0.12696077249806,-0.9783147369391171
40.5,2.72312874945668,0.12712592486634108,-0.9771795193218656
40.51,2.72440082859792,0.12728966974958253,-0.9835494600893365
40.52,2.72567453806013,0.12745198443448275,-1.0469490316134085
40.53,2.72694986325797,0.12761277379724767,-1.0086237357481702
40.54,2.72822678860494,0.12777208283658953,-0.9676550957743874
40.55,2.72950530010073,0.1279299621280816,-1.0157402244609803
40.5599999999999,2.73078538286182,0.12808633958116084,-1.0135898000815264
40.57,2.73206702185764,0.1282412066199945,-1.0068654849412901
40.58,2.73335020191048,0.12839455907832642,-1.0703298026601915
40.59,2.73463490769561,0.12854629787217853,-1.0753650019439587
40.6,2.73592112247618,0.12869640780207953,-1.0142499428743128
40.61,2.73720883063858,0.12884496726347877,-1.0394807306739984
40.62,2.73849801651799,0.12899193665456185,-1.0580306996771656
40.63,2.73978866395847,0.12913727938757003,-1.0574124680318953
40.64,2.74108075663675,0.12928098518818118,-1.0710340823852722
40.65,2.74237427806215,0.12942301906077777,-1.1484375941642766
40.66,2.74366921112485,0.12956326367598398,-1.0994905764078862
40.67,2.74496553757598,0.12970178018939146,-1.0537129144151887
40.6799999999999,2.74626324110627,0.1298386277426622,-1.1138664330449393
40.69,2.74756230429078,0.12997371556925005,-1.1129126233781796
40.7,2.74886270951413,0.13010703233824472,-1.104704166802159
40.71,2.75016443897055,0.13023857364899602,-1.1932953333876828
40.72,2.75146747466384,0.1303682019953308,-1.19357524517727
40.73,2.75277179665058,0.13049590849982437,-1.114969612306694
40.74,2.75407738671493,0.1306217985506823,-1.156563905012541
40.75,2.75538422635929,0.13074580937059896,-1.1775375260977394
40.76,2.75669229650744,0.13086789870570364,-1.1778175800749915
40.77,2.75800157786619,0.13098805363623475,-1.202194536181704
40.78,2.75931205092545,0.1311062209524779,-1.2972800468801278
40.79,2.76062369526702,0.1312222553932559,-1.2333794764640778
40.8,2.76193648919978,0.13133624098891813,-1.1822578884302344
40.8099999999999,2.76325041341364,0.1314482465404776,-1.258050808813467
40.82,2.76456544717974,0.13155815707551016,-1.258740272001515
40.83,2.76588156952184,0.13166595761741803,-1.2478864832373557
40.84,2.76719875921632,0.13177164416341425,-1.3735957810818635
40.85,2.76851699479219,0.13187502255107195,-1.365145130715411
40.86,2.76983625204293,0.13197609636131924,-1.2607170339586655
40.87,2.77115650942859,0.13207501083017567,-1.3273010171248558
40.88,2.77247774474416,0.13217166750132775,-1.3504957213895483
40.89,2.77379993510241,0.13226601798217072,-1.3536706937820955
40.9,2.77512305733333,0.13235804419656402,-1.386671158093319
40.91,2.77644708798409,0.132447678643081,-1.48910032416295
40.92,2.77777200249401,0.13253476167700562,-1.433500585614642
40.9299999999999,2.77909777495068,0.13261936536559013,-1.3888218381725803
40.94,2.78042438166481,0.13270154944307055,-1.466935969458186
40.95,2.78175179750662,0.13278119445625886,-1.4560566010973166
40.96,2.78307999700836,0.1328582918928086,-1.563445665175152
40.97,2.78440895436433,0.1329326741393892,-1.5500547742296054
40.98,2.78573864149935,0.13300435052961598,-1.492258761340113
40.99,2.78706903253781,0.1330733974723275,-1.566186849212896
41.0,2.78840010033265,0.13313970210256562,-1.5682087559993487
41.01,2.78973181733405,0.13320324179283416,-1.6296769561524178
41.02,2.79106415561696,0.13326391178067887,-1.6749569410950378
41.03,2.79239708579715,0.13332163501280636,-1.6365993972144228
41.04,2.79373057862377,0.13337645877741222,-1.6528690967988227
41.05,2.79506460518699,0.13342835310867035,-1.6928201582115197
41.0599999999999,2.79639913568239,0.13347724732027205,-1.716232578995526
41.07,2.79773413989307,0.13352308326200307,-1.8432464693731765
41.08,2.79906958659398,0.13356566312872817,-1.8009451827768264
41.09,2.80040544248827,0.13360503978269156,-1.747704627509527
41.1,2.80174167686854,0.13364128559407717,-1.8434317252437298
41.11,2.80307825731563,0.1336742556916663,-1.832381325996812
41.12,2.80441515094157,0.13370393723684354,-1.986497424741753
41.13,2.80575232438951,0.13373008999717126,-1.9886947433973172
41.14,2.80708974099116,0.13375270052549867,-1.8982441072585494
41.15,2.80842736691269,0.13377189508231674,-1.9913970124357387
41.16,2.80976516706395,0.13378753493966297,-2.0087945844144377
41.17,2.81110310556195,0.13379957168134782,-2.0957590161598114
41.1799999999999,2.81244114599248,0.1338078559954233,-2.197760023139699
41.19,2.81377924973917,0.13381222677566104,-2.1284200598445664
41.2,2.81511737776226,0.13381277836318856,-2.1285209316312073
41.21,2.81645549250711,0.13380950753782983,-2.2150242840511365
41.22,2.81779355473242,0.13380227763206318,-2.2307750046975374
41.23,2.81913152459591,0.1337910336129215,-2.4292105080705477
41.24,2.82046936115681,0.133775472082176,-2.384091508304897
41.25,2.82180701986868,0.13375565092943836,-2.295626012149328
41.26,2.82314446026472,0.13373169622307168,-2.442187267766278
41.27,2.82448163934766,0.13370339243831872,-2.4355701294978855
41.28,2.82581851344188,0.1336707156520715,-2.6253080220031952
41.29,2.82715503819336,0.13363337088833083,-2.6680898109118285
41.3,2.82849116515207,0.13359128604183795,-2.558441060795871
41.3099999999999,2.82982684852258,0.1335446175440902,-2.6564210107350004
41.32,2.83116204175062,0.1334932233952535,-2.711409840616293
41.33,2.83249669687647,0.1334370029304995,-2.7975205294209595
41.34,2.83383076517576,0.1333758030254965,-2.9727170295602137
41.35,2.83516419557204,0.13330935445341474,-2.9284055373504247
41.36,2.83649693495212,0.13323771421901814,-2.9077306524276203
41.37,2.83782893255294,0.13316091142393888,-3.023103787274652
41.38,2.83916013531668,0.13307875989490386,-3.194521106640012
41.39,2.84049048911765,0.1329909895982288,-3.216243861256686
41.4,2.84181993628241,0.1328975603434331,-3.1801535735821536
41.41,2.84314842152699,0.13279852017432647,-3.302984435056544
41.42,2.84447588735019,0.13269368179663993,-3.4170776998066654
41.4299999999999,2.84580227523897,0.13258285861843894,-3.5066979272795016
41.44,2.84712752416265,0.13246591165034055,-3.508973248609295
41.45,2.84845157299246,0.1323428323294018,-3.575531960687537
41.46,2.84977435998007,0.1322135179935032,-3.690952449785624
41.47,2.8510958218988,0.1320777781489387,-3.887255962571481
41.48,2.85241589325415,0.13193531538491232,-3.8827980181856545
41.49,2.85373450580723,0.13178613125226873,-3.880890902982349
41.5,2.85505159340132,0.13163023162941306,-3.9917099211974993
41.51,2.85636708732589,0.13146743148924797,-4.3097464179332325
41.52,2.8576809176079,0.13129725019599414,-4.331958911900186
41.53,2.85899300768116,0.13111965032010325,-4.226025025393029
41.54,2.86030328621996,0.1309347874929978,-4.436147054885226
41.55,2.86161167818396,0.13074235443047977,-4.617263568742025
41.5599999999999,2.86291810713114,0.13054205876427138,-4.7845096669611475
41.57,2.86422249243894,0.13033365213807047,-4.756396810688347
41.58,2.86552475320809,0.13011717450067314,-4.843174717247001
41.59,2.86682480854299,0.12989250298943342,-5.013005914401744
41.6,2.86812257502346,0.12965937018640425,-5.26945967836786
41.61,2.86941796660317,0.12941739242583833,-5.297402349037557
41.62,2.87071089326716,0.12916652769300319,-5.30635946900974
41.63,2.87200126740149,0.12890677056374517,-5.45940533450296
41.64,2.87328899808686,0.12863787647868036,-5.854723515871556
41.65,2.87457399269312,0.12835925123635036,-5.928547973366068
41.66,2.87585615042276,0.1280707846505062,-5.8142944345861105
41.67,2.87713537594033,0.12777264802624017,-6.069413452644619
41.6799999999999,2.87841156990648,0.12746447470823136,-6.288847171152803
41.69,2.87968463079973,0.12714591096418446,-6.548970712691671
41.7,2.88095445233297,0.12681656710800868,-6.576012721471733
41.71,2.88222092603655,0.12647640198698204,-6.630215733328186
41.72,2.88348394374808,0.12612531685207706,-7.087745942773293
41.73,2.88474339388217,0.1257626270665761,-7.202645643740552
41.74,2.88599915707568,0.12538814555559386,-7.1749154718538435
41.75,2.88725111740936,0.1250019046782421,-7.475664603480503
41.76,2.88849915449893,0.1246034548180952,-7.693490105067491
41.77,2.88974314470678,0.1241924468311395,-7.827869721033569
41.78,2.89098296087687,0.12376866931275154,-7.925469374790686
41.79,2.89221847481314,0.12333195048811844,-8.267278640974578
41.8,2.89344955503228,0.12288175189757815,-8.472931815500607
41.8099999999999,2.89467606389149,0.12241773545066392,-8.515319462970997
41.82,2.89589786327596,0.12193981338842383,-8.707345543493268
41.83,2.8971148125085,0.1214476463225811,-9.18318915381366
41.84,2.89832676636175,0.12094045780360145,-9.280732299678057
41.85,2.8995335710191,0.12041805231291688,-9.241194415950462
41.86,2.90073507642433,0.11988044015933674,-9.678576564438051
41.87,2.90193112673159,0.1193268808374263,-9.969805455378788
41.88,2.90312155924255,0.11875683160083769,-10.0191076381355
41.89,2.90430620786437,0.11817014697124151,-10.115430298552111
41.9,2.90548490569447,0.11756658440607397,-10.570008383695663
41.91,2.9066574807104,0.11694531147200168,-10.701393109205364
41.92,2.90782375188206,0.11630600004060021,-10.694829334755497
41.9299999999999,2.90898353998845,0.11564854388954975,-11.023380056583184
41.94,2.910136659914,0.11497224788576954,-11.395857803099252
41.95,2.91128291969917,0.11427630612849127,-11.42973378804809
41.96,2.91242211982153,0.11356049404859236,-11.407224668899158
41.97,2.91355406251327,0.11282466075657935,-11.848623326129431
41.98,2.91467854314097,0.11206780751140677,-12.003837394816731
41.99,2.9157953469639,0.11128939802761417,-11.95704966354521
42.0,2.9169042585252,0.11048926677659221,-12.100822496189684
42.01,2.9180050578238,0.10966684897398087,-12.456272219087987
42.02,2.91909751800698,0.10882111543777384,-12.500845653693313
42.03,2.92018140094126,0.10795160456242847,-12.432224150935143
42.04,2.92125646961235,0.10705804497657494,-12.767899636633052
42.05,2.92232247811927,0.10613930232974411,-12.772826998232153
42.0599999999999,2.92337917003387,0.10519485550127827,-12.70720450812047
42.07,2.92442628803385,0.10422431277750852,-12.870490914620138
42.08,2.92546356626884,0.10322672620748745,-12.841370861213157
42.09,2.92649073046573,0.10220150862106925,-12.782468937441145
42.1,2.92750750234401,0.10114810078151182,-12.840248269706406
42.11,2.92851359560068,0.10006559736851865,-12.752090861565703
42.12,2.92950871525466,0.09895339011484205,-12.648644755887759
42.13,2.93049256206671,0.09781084273831064,-12.713462808896617
42.14,2.93146482725847,0.09663677578521195,-12.546985442503084
42.15,2.93242519050256,0.0954305900872717,-12.362953040824715
42.16,2.93337332964723,0.09419167552774019,-12.416388241550216
42.17,2.93430891036632,0.09291857620293462,-12.190376726403375
42.1799999999999,2.93523158510522,0.09161065283535368,-11.946055130169722
42.19,2.93614100502213,0.09026729548530603,-11.883336641543202
42.2,2.93703680855347,0.08888713300084414,-11.633076777438516
42.21,2.93791862249408,0.08746940817250619,-11.370893071232695
42.22,2.93878606892072,0.08601338578058486,-11.1742992060102
42.23,2.93963875897943,0.08451797041282294,-10.906088987550497
42.24,2.9404762941426,0.08298230888990807,-10.6430400731608
42.25,2.94129826781958,0.08140546766593668,-10.403190181946904
42.26,2.94210426257513,0.07978631911741418,-10.097759528798797
42.27,2.94289385031976,0.07812404449607883,-9.826908775323904
42.28,2.94366659584995,0.07641754168689434,-9.617366586570654
42.29,2.94442204867861,0.07466519790933676,-9.27922259580117
42.3,2.9451597444435,0.07286626117700332,-8.96475567994776
42.3099999999999,2.94587921531904,0.07101982371333637,-8.720332305851679
42.32,2.94657997763215,0.06912433399849002,-8.402219028995365
42.33,2.94726153534221,0.06717885111166,-8.096825480786713
42.34,2.94792338454904,0.06518236568867261,-7.814835220910984
42.35,2.94856500852076,0.06313362179425723,-7.519203998798441
42.36,2.94918587917791,0.06103153547142674,-7.229769515891261
42.37,2.94978545775786,0.05887501147740689,-6.947583194418526
42.38,2.95036319418927,0.05666292161085422,-6.6701535185393395
42.39,2.95091852723435,0.054394149175944026,-6.400756829675233
42.4,2.95145088439653,0.052067545404229275,-6.138656028278282
42.41,2.95195968151483,0.04968194836205697,-5.881457376485418
42.42,2.9524443229846,0.047236248025683825,-5.635572062747266
42.4299999999999,2.95290420213546,0.04472924096207513,-5.396398495562787
42.44,2.95333869959849,0.04215975282199451,-5.161048583082388
42.45,2.9537471855105,0.039526765633512984,-4.936697079596402
42.46,2.95412901964628,0.03682920318338982,-4.723399235136454
42.47,2.95448355064176,0.03406590205306722,-4.509229468923944
42.48,2.95481011626656,0.031236215751910084,-4.312592923389572
42.49,2.95510805022637,0.02833909386113313,-4.123527248662373
42.5,2.95537667043293,0.025373608639100986,-3.937801764005215
42.51,2.95561529270938,0.02233927977835689,-3.769024544015779
42.52,2.95582322309395,0.019235004263151723,-3.6028795420130204
42.53,2.95599975794113,0.016060298358396473,-3.447617855300289
42.54,2.95614419177535,0.01281439687842075,-3.300492211946398
42.55,2.95625580635757,0.00949660332325945,-3.159650172352568
42.5599999999999,2.95633388280006,0.006106528576891683,-3.0279266566119403
42.57,2.95637769374002,0.002643383681237103,-2.9023587015975036
42.58,2.95638650740572,-0.0008925973334054464,-2.784202633840021
42.59,2.9563595971611,-0.0045020986677357655,-2.6745057079075227
42.6,2.95629622184871,-0.008184701825778944,-2.571771488710142
42.61,2.95619566112407,-0.011939757825008002,-2.472948431626271
42.62,2.95605718332857,-0.01576803578157519,-2.3854135768325118
42.63,2.95588005993898,-0.01966834385731901,-2.2991387103746326
42.64,2.95566357666178,-0.023640657921527218,-2.2215540803619858
42.65,2.95540700905263,-0.027684330591589333,-2.1495312659890056
42.66,2.95510965518835,-0.03179840832797284,-2.078606420083319
42.67,2.95477080782253,-0.03598264800917702,-2.024980152772624
42.6799999999999,2.95438977582034,-0.04023459029543671,-1.9617200711071368
42.69,2.95396589186965,-0.04455394438407738,-1.9130629519308349
42.7,2.95349847840076,-0.048938913805673945,-1.8701912819131206
42.71,2.95298690179198,-0.053387248239855634,-1.8176881102909548
42.72,2.95243052485566,-0.057898544096231706,-1.7947716431013467
42.73,2.95182873329763,-0.0624688658698321,-1.7545796862765168
42.74,2.95118095573751,-0.06709681606315392,-1.724540582195388
42.75,2.95048661275116,-0.07178022102667751,-1.7100623740933132
42.76,2.94974517841148,-0.07651523728568663,-1.6759551438394011
42.77,2.94895614121259,-0.08130063335697324,-1.6723601771742458
42.78,2.94811901190323,-0.08613201672868684,-1.6554729156008674
42.79,2.947233356688,-0.0910066493725159,-1.6403751688292056
42.8,2.9462987442222,-0.09592193638171542,-1.6480225110257871
42.8099999999999,2.94531479768905,-0.10087305107309152,-1.6327962779183305
42.82,2.94428117227744,-0.10585772057992346,-1.6461906977133498
42.83,2.94319754725869,-0.11087108531467882,-1.6505865593476563
42.84,2.94206366724891,-0.1159093499602378,-1.6477945101760316
42.85,2.94087928769857,-0.12096968208585487,-1.675959423883369
42.86,2.93964421779171,-0.1260465251671487,-1.681542952158733
42.87,2.93835831345139,-0.13113660304641117,-1.702604424577657
42.88,2.93702145629153,-0.1362355542702513,-1.7300932818745602
42.89,2.9356335880627,-0.14133866290217217,-1.7459599844524596
42.9,2.93419468119462,-0.14644247027389978,-1.781412167061789
42.91,2.93270475222437,-0.15154214441241248,-1.8126482217260544
42.92,2.93116386601776,-0.15663345603041945,-1.84295240855709
42.9299999999999,2.92957212397731,-0.1617125518550126,-1.8819349869223128
42.94,2.92792966994179,-0.1667751586499011,-1.926177657500973
42.95,2.92623668983921,-0.17181694332158254,-1.960614865189976
42.96,2.92449341195095,-0.17683453999752058,-2.009205998371795
42.97,2.92270009324918,-0.1818238783538299,-2.065094179555109
42.98,2.92085704202125,-0.18678073652282912,-2.09857655397466
42.99,2.91896459580407,-0.19170258845750965,-2.1662917223672
43.0,2.91702312077281,-0.1965851144071625,-2.21334947966404
43.01,2.91503303387656,-0.20142549942132604,-2.259791639048768
43.02,2.91299476033003,-0.206221196659917,-2.3454451849793116
43.03,2.91090877219239,-0.210967839211762,-2.3708728091595472
43.04,2.90877557089864,-0.21566450653965896,-2.444331740335771
43.05,2.90659565913085,-0.22030803487347317,-2.5220457820401294
43.0599999999999,2.90436959662247,-0.22489532949270252,-2.545151498948095
43.07,2.90209794216785,-0.22942607708399398,-2.647332167590652
43.08,2.89978127473376,-0.23389660222499592,-2.6872049369137367
43.09,2.89742021327125,-0.23830617673508878,-2.7327821075687453
43.1,2.89501535771667,-0.24265398680524503,-2.8254705052847564
43.11,2.89256734723934,-0.24693741793067048,-2.862603257590084
43.12,2.89007682489511,-0.25115623172041746,-2.919489115487717
43.13,2.88754444085045,-0.2553095759564158,-2.978501968570022
43.14,2.884970854412,-0.2593965734590217,-3.0342857821831126
43.15,2.88235673248923,-0.26341657767792553,-3.0782717362728924
43.16,2.87970274682043,-0.267369410678923,-3.130939916274313
43.17,2.87700956943924,-0.2712546638069006,-3.1787164753876405
43.1799999999999,2.87427787929355,-0.2750721352680915,-3.2128088763483413
43.19,2.87150835193102,-0.278822068850119,-3.2567151552104954
43.2,2.86870166298684,-0.2825044373951332,-3.2881455850538863
43.21,2.86585848724757,-0.2861195694914128,-3.315874487138841
43.22,2.86297949431337,-0.2896678874810118,-3.3458699284772706
43.23,2.86006535088223,-0.2931497449540873,-3.359072088780791
43.24,2.85711671856184,-0.29656588627422487,-3.3827279888849824
43.25,2.85413425062982,-0.29991676090590874,-3.3977861274918313
43.26,2.851118598647,-0.3032030003775092,-3.3936887266120666
43.27,2.84807040287222,-0.3064256269524816,-3.4136533551673733
43.28,2.84499029654634,-0.30958506594547985,-3.4100893346774934
43.29,2.84187890905884,-0.31268222858800154,-3.394329249593385
43.3,2.83873685605342,-0.3157182300302597,-3.4031139657897147
43.3099999999999,2.83556474635942,-0.31869360633384564,-3.3859587787795578
43.32,2.83236318255461,-0.32160938350505786,-3.3623038836305708
43.33,2.82913275382842,-0.3244666634002432,-3.356301908052784
43.34,2.82587404182603,-0.32726613976310126,-3.328143322257278
43.35,2.82258762013881,-0.3300088856582654,-3.2983367731703224
43.36,2.8192740498093,-0.3326959522212551,-3.28009610506543
43.37,2.81593388397357,-0.335328122205647,-3.2427650843889024
43.38,2.81256766677066,-0.33790648077448954,-3.2080138117763264
43.39,2.80917593049437,-0.34043201814743335,-3.1804525559087518
43.4,2.80575919966864,-0.34290555116309374,-3.1366042327984247
43.41,2.8023179893351,-0.3453281397879223,-3.098189516490093
43.42,2.79885280363607,-0.347700710123496,-3.0626025809218627
43.4299999999999,2.79536413900836,-0.3500241008465873,-3.0154313581779117
43.44,2.79185248226954,-0.3522993107280807,-2.974015824892632
43.45,2.78831831050445,-0.35452721099865636,-2.9319709643349103
43.46,2.78476209289216,-0.3567086510555225,-2.883375515111252
43.47,2.78118428930916,-0.35884455740216037,-2.8408625330231714
43.48,2.77758535083388,-0.360935733521491,-2.794582184969037
43.49,2.77396572092647,-0.36298301950259776,-2.744594971197699
43.5,2.77032583385322,-0.3649872941565898,-2.6985518292268575
43.51,2.76666611580419,-0.366949348594899,-2.6551380314382453
43.52,2.76298698515443,-0.368869913056602,-2.6063820812583436
43.53,2.75928885316754,-0.37074978945252174,-2.555165128663454
43.54,2.75557212232681,-0.3725897993819098,-2.5141243530951014
43.55,2.75183718791753,-0.374390587648558,-2.471429868789913
43.5599999999999,2.74808443908018,-0.3761528121581703,-2.4216473916510624
43.57,2.74431425771233,-0.3778772332139228,-2.3769662001495067
43.58,2.74052701814419,-0.37956453179806376,-2.3279455280322905
43.59,2.73672308841528,-0.38121544034250093,-2.283887620659798
43.6,2.73290282851955,-0.38283060447409367,-2.244625225890772
43.61,2.72906659355631,-0.384410589529649,-2.198405145003381
43.62,2.72521473180932,-0.3859560583932368,-2.157003618171872
43.63,2.721347585477,-0.3874676016506595,-2.114934382639916
43.64,2.71746549089226,-0.38894581247423216,-2.073878401421611
43.65,2.71356877841791,-0.39039126704382515,-2.032732350333776
43.66,2.70965777283351,-0.39180453997084513,-1.992440849335886
43.67,2.70573279305226,-0.3931861889989138,-1.9550819905977026
43.6799999999999,2.70179415276356,-0.3945367250484037,-1.9177803765105634
43.69,2.69784216053818,-0.3958566596357553,-1.8768240997814216
43.7,2.69387711972668,-0.39714655728567694,-1.8409742649248977
43.71,2.68989932791351,-0.3984069046964245,-1.8081215987476953
43.72,2.68590907864048,-0.3996381425902492,-1.7709324796272177
43.73,2.68190666041215,-0.40084077744274954,-1.7349369617417834
43.74,2.67789235682663,-0.40201529979631373,-1.7027687002803387
43.75,2.67386644669584,-0.40316214058991884,-1.6719762645075869
43.76,2.66982920488556,-0.40428171248818223,-1.6369338461452463
43.77,2.66578090175438,-0.4053744947323505,-1.6032421345951156
43.78,2.66172180279353,-0.4064409471515503,-1.5751822521036871
43.79,2.65765216932748,-0.4074814441528981,-1.5464367093204752
43.8,2.65357225912855,-0.4084963709166112,-1.5150422083989008
43.8099999999999,2.64948232573289,-0.4094861552784083,-1.4864014868996238
43.82,2.6453826185468,-0.4104511864892135,-1.4595224789293202
43.83,2.64127338330689,-0.4113918267250087,-1.432997184239995
43.84,2.63715486209926,-0.4123084368111559,-1.4039785155072109
43.85,2.63302729335957,-0.4132014163573524,-1.3782242707059298
43.86,2.62889091138558,-0.4140711172436825,-1.355199185451326
43.87,2.62474594756033,-0.4149178505797472,-1.3305733822720847
43.88,2.62059262977458,-0.415741957195089,-1.3021225929681468
43.89,2.61643118254114,-0.41654383708933007,-1.2794243074810123
43.9,2.61226182609547,-0.4173238043723567,-1.259940287233943
43.91,2.60808477857817,-0.4180821252420734,-1.235392042720043
43.92,2.6039002545955,-0.4188191448929938,-1.21148654029179
43.9299999999999,2.59970846557043,-0.4195352038419994,-1.1906745449073892
43.94,2.59550961942071,-0.42023059523749184,-1.171428275701944
43.95,2.59130392164089,-0.4209055898909261,-1.1497552020139996
43.96,2.58709157458768,-0.4215604970396747,-1.1294499207520166
43.97,2.5828727776931,-0.4221956088407771,-1.1102944753234067
43.98,2.57864772748315,-0.42281120027826136,-1.0919564667497013
43.99,2.57441661786554,-0.4234075362984961,-1.0725865166676707
44.0,2.57017964000059,-0.42398490000897054,-1.0534720544039162
44.01,2.56593698218844,-0.4245435717626589,-1.036950482258243
44.02,2.56168883006743,-0.4250837932611681,-1.0205691286778003
44.03,2.55743536701178,-0.42560580519849234,-1.0032378216384263
44.04,2.55317677377865,-0.426109868568488,-0.9833483598408095
44.05,2.54891322850202,-0.4265962832620411,-0.9686716722256015
44.0599999999999,2.54464490621757,-0.42706526998833594,-0.9555287640734005
44.07,2.54037198051458,-0.427517025842313,-0.9387401081568028
44.08,2.53609462227773,-0.42795180722184173,-0.9215618099439155
44.09,2.53181300008438,-0.4283698800968387,-0.9071764362441543
44.1,2.52752727964259,-0.42877146675375977,-0.894774636276987
44.11,2.52323762504508,-0.4291567598945001,-0.8795130529917586
44.12,2.51894419797378,-0.4295259963573347,-0.865824910833213
44.13,2.51464715792124,-0.4298793927190755,-0.8523887064341306
44.14,2.51034666221475,-0.43021716152074807,-0.8394698595186069
44.15,2.50604286609913,-0.4305395083480046,-0.8268880221791363
44.16,2.50173592277939,-0.4308466350576875,-0.814142247661204
44.17,2.49742598344012,-0.4311387483420785,-0.8007550232954204
44.1799999999999,2.49311319714959,-0.4314160648065668,-0.7896334165917395
44.19,2.48879771086178,-0.4316787667519306,-0.7788485069303281
44.2,2.48447966992946,-0.43192703149414297,-0.7671973226079719
44.21,2.48015921768931,-0.43216105445848346,-0.7528248297002029
44.22,2.47583649554913,-0.4323810729105778,-0.7427218594830273
44.23,2.47151164235416,-0.4325872580322243,-0.7343948853428417
44.24,2.46718479599753,-0.43277975345898945,-0.7221141484478679
44.25,2.46285609224038,-0.43295876430034336,-0.7115253771756351
44.26,2.45852566505397,-0.433124473681612,-0.7012954475912114
44.27,2.45419364652172,-0.43327705794358184,-0.6917849737439469
44.28,2.44986016709004,-0.433416683173656,-0.6817150769582535
44.29,2.44552535548217,-0.43354352360784887,-0.6728888375860101
44.3,2.44118933871841,-0.4336577346818138,-0.6645910732285655
44.3099999999999,2.43685224238162,-0.43375946490766815,-0.6546843643854857
44.32,2.43251419044746,-0.4338488884266689,-0.6456746304122044
44.33,2.42817530510349,-0.43392616643024295,-0.6381775447497594
44.34,2.42383570710457,-0.4339914409938158,-0.6257745658073744
44.35,2.41949551561013,-0.4340449272480007,-0.6186275413575658
44.36,2.41515484741984,-0.4340867594196718,-0.6134275138249936
44.37,2.41081381889541,-0.4341170408399838,-0.6032868929570859
44.38,2.40647254451717,-0.43413595102630803,-0.5955240309430547
44.39,2.40213113728957,-0.43414363735827155,-0.5876474035315342
44.4,2.39778970869628,-0.4341402469548358,-0.5803598359803235
44.41,2.39344836881128,-0.4341259182643979,-0.573019930266192
44.42,2.38910722632543,-0.4341007908368333,-0.5656959522781462
44.4299999999999,2.3847663885145,-0.43406500587317065,-0.5573454529003398
44.44,2.38042596122246,-0.43401871998792013,-0.5507874491859728
44.45,2.3760860486923,-0.43396206200926324,-0.5447772231056475
44.46,2.37174675414638,-0.4338951523189194,-0.5371394336951338
44.47,2.36740817934697,-0.4338181355240852,-0.5314784135272472
44.48,2.36307042473809,-0.433731127238309,-0.5252741183460795
44.49,2.35873358968887,-0.4336342513550048,-0.5181927207091112
44.5,2.35439777215018,-0.4335276457477592,-0.512357889521259
44.51,2.35006306880629,-0.43341142995915555,-0.5063520503074229
44.52,2.34572957516718,-0.43328572707018365,-0.49885079429208273
44.53,2.34139738541997,-0.4331506822645048,-0.49381983574940835
44.54,2.33706659230804,-0.4330064025268143,-0.4891309005726401
44.55,2.33273728780491,-0.43285298893248614,-0.4828483933425625
44.5599999999999,2.32840956254992,-0.4326905685203183,-0.47636502828408606
44.57,2.32408350602691,-0.4325192726264304,-0.47088087223991154
44.58,2.31975920630648,-0.4323392160377508,-0.46643746982385187
44.59,2.31543675057256,-0.4321504974252285,-0.46068156866746435
44.6,2.31111622483965,-0.43195323516202294,-0.4555205291480339
44.61,2.3067977139833,-0.43174753941959504,-0.45070319282569204
44.62,2.30248130181184,-0.43153351496743786,-0.44554462843681014
44.63,2.29816707108043,-0.43131127183527,-0.44050816593443154
44.64,2.29385510341278,-0.4310809182237437,-0.43599347362976687
44.65,2.28954547941105,-0.4308425549413908,-0.4306938586985334
44.66,2.28523827864365,-0.4305962942226664,-0.4261812990206175
44.67,2.28093357952036,-0.4303422362774256,-0.4220987590539123
44.6799999999999,2.27663145959398,-0.43008047449033526,-0.41743597301114577
44.69,2.27233199536698,-0.42981111138173195,-0.41271117367567545
44.7,2.26803526235545,-0.42953425148332486,-0.40776912144820066
44.71,2.26374133497793,-0.42925000174118455,-0.4040579118775243
44.72,2.25945028665958,-0.42895845008199174,-0.40011675843510996
44.73,2.25516219000896,-0.4286596875305748,-0.39566308045229287
44.74,2.25087711661353,-0.4283538136189202,-0.3912235846661322
44.75,2.2465951371132,-0.4280409278115016,-0.3872864652367019
44.76,2.24231632112777,-0.42772112142864804,-0.38361361344788225
44.77,2.23804073746026,-0.4273944816349721,-0.37949949110744574
44.78,2.23376845396145,-0.427061102197616,-0.3755851001445576
44.79,2.22949953757884,-0.4267210742249265,-0.3717097514311583
44.8,2.22523405434012,-0.42637448782482473,-0.3680858470898913
44.8099999999999,2.22097206939661,-0.42602142917023134,-0.3644367314708323
44.82,2.21671364704259,-0.4256619846476517,-0.36080152777369384
44.83,2.21245885069903,-0.42529624091659135,-0.3567630448126258
44.84,2.2082077429172,-0.4249242904015035,-0.35329490807623515
44.85,2.20396038530348,-0.42454621670956855,-0.3501107102613034
44.86,2.19971683872637,-0.42416209904568847,-0.34634198829790924
44.87,2.19547716317754,-0.42377202523392243,-0.3428051263987836
44.88,2.19124141779516,-0.42337607985949804,-0.33946896428180445
44.89,2.18700966088187,-0.4229743441256854,-0.33615179584121035
44.9,2.18278194994415,-0.4225668988075674,-0.33273262332215126
44.91,2.17855834166454,-0.4221538260894183,-0.329439153324667
44.92,2.17433889191343,-0.42173520621365074,-0.32620368392763527
44.9299999999999,2.17012365576684,-0.4213111183641649,-0.32297351722369533
44.94,2.16591268750819,-0.42088164169575837,-0.31958063109891954
44.95,2.16170604062632,-0.4204468575364828,-0.31645437570673957
44.96,2.15750376779276,-0.4200068430513645,-0.31347076193945633
44.97,2.15330592094778,-0.41956167323710103,-0.3101363099635261
44.98,2.14911255124603,-0.41911142817883107,-0.3068814871410686
44.99,2.14492370904093,-0.4186561866952469,-0.30391766266197023
45.0,2.14073944391942,-0.41819602300309605,-0.300930048925158
45.01,2.13655980473833,-0.4177310115913972,-0.29763942902427454
45.02,2.1323848395856,-0.4172612312293119,-0.2946028646888027
45.03,2.12821459576134,-0.4167867568675043,-0.2916900661971945
45.04,2.12404911985102,-0.41630766139023984,-0.28859480974536
45.05,2.11988845768579,-0.41582402021326237,-0.2854770701795625
45.0599999999999,2.11573265434803,-0.41533590897634054,-0.2825094166964556
45.07,2.11158175416301,-0.41484340085399624,-0.2796171752727272
45.08,2.10743580074594,-0.41434656783475576,-0.2764734564685278
45.09,2.10329483697155,-0.41384548539033694,-0.273398247699381
45.1,2.09915890495652,-0.4133402278314861,-0.27052013372548206
45.11,2.09502804609449,-0.41283086632117144,-0.2675983030304854
45.12,2.09090230106924,-0.41231747259901086,-0.26437280946058955
45.13,2.08678170983185,-0.41180012253498877,-0.26140607615731465
45.14,2.08266631156728,-0.4112788881069215,-0.25856037394223563
45.15,2.07855614478301,-0.41075383929518966,-0.2554561380671038
45.16,2.07445124725135,-0.4102250495462349,-0.2523902787734824
45.17,2.07035165601983,-0.4096925916777535,-0.24940673432272933
45.1799999999999,2.06625740740739,-0.40915653699834154,-0.24645607514631493
45.19,2.06216853703266,-0.40861695619758276,-0.2433164492543946
45.2,2.05808507979379,-0.4080739224133101,-0.24023380575849707
45.21,2.05400706985474,-0.4075275077587648,-0.23726074305586306
45.22,2.04993454067363,-0.40697778249876676,-0.23421864104362525
45.23,2.04586752500243,-0.4064248176953944,-0.23100829037930365
45.24,2.04180605487516,-0.405868686518418,-0.22793521939955344
45.25,2.03775016159043,-0.40530945996034573,-0.22491200739037215
45.26,2.03369987575984,-0.4047472080210057,-0.2217304946427925
45.27,2.02965522727511,-0.40418200261191917,-0.21858125449572927
45.28,2.02561624531512,-0.4036139150095005,-0.21543801747724226
45.29,2.0215829583461,-0.4030430160718431,-0.21228002555671283
45.3,2.0175553941289,-0.4024693765618278,-0.20909332516377643
45.3099999999999,2.01353357971397,-0.401893067341493,-0.20589915277804038
45.32,2.0095175414455,-0.4013141590914001,-0.20267789904755656
45.33,2.00550730495988,-0.40073272254675574,-0.19944544971328962
45.34,2.00150289518715,-0.40014882826950504,-0.19621304653298718
45.35,1.99750433635278,-0.39956254649774114,-0.19294836085882786
45.36,1.99351165198104,-0.39897394758349936,-0.18964904748052705
45.37,1.98952486489073,-0.3983831019450842,-0.18642675754217766
45.38,1.98554399720077,-0.3977900786380754,-0.1831220945401472
45.39,1.98156907034403,-0.3971949474761649,-0.1797467599922757
45.4,1.97760010504401,-0.3965977787823427,-0.17653644796584572
45.41,1.97363712133379,-0.39599864034399745,-0.1732037491600242
45.42,1.96968013857273,-0.39539760116890277,-0.1697901111950037
45.4299999999999,1.96572917541507,-0.3947947309140998,-0.16655355628861218
45.44,1.96178424983452,-0.39419009653774983,-0.1632014582018073
45.45,1.9578453791378,-0.3935837660789162,-0.15976886824572573
45.46,1.9539125799391,-0.39297580815210365,-0.1565515259582178
45.47,1.94998586818118,-0.3923662881703279,-0.15319775121136778
45.48,1.94606525915981,-0.3917552728834965,-0.14973028186948062
45.49,1.94215076748392,-0.39114282998690686,-0.1465654079479752
45.5,1.93824240710704,-0.3905290228475744,-0.14323654991737292
45.51,1.93434019135745,-0.38991391646401863,-0.13977091356389443
45.52,1.93044413288976,-0.3892975770575772,-0.13664761702613265
45.53,1.92655424372136,-0.3886800660170775,-0.13337398911078424
45.54,1.92267053526523,-0.38806144612675475,-0.1299572379590555
45.55,1.91879301828326,-0.38744178146208896,-0.12686510187916433
45.5599999999999,1.91492170292017,-0.3868211315034231,-0.12366773363586116
45.57,1.91105659873633,-0.38619955651667354,-0.12033009315458276
45.58,1.9071977146702,-0.38557711797267413,-0.11730842615107676
45.59,1.9033450590655,-0.38495387286191324,-0.11422008759436131
45.6,1.89949863971025,-0.3843298784649174,-0.11097303622565531
45.61,1.89565846380016,-0.38370519345600024,-0.10805418262590603
45.62,1.89182453796327,-0.3830798718904164,-0.10510737650442319
45.63,1.88799686830438,-0.3824539676072566,-0.10199024885826918
45.64,1.88417546037086,-0.3818275359631714,-0.09918745869508323
45.65,1.88036031917375,-0.38120062789225495,-0.0964054409116354
45.66,1.87655144923381,-0.3805732934938392,-0.09346277511845308
45.67,1.87274885455505,-0.37994558424966907,-0.09079528371536028
45.6799999999999,1.86895253864052,-0.3793175477284953,-0.08819646854137225
45.69,1.86516250453739,-0.3786892300844946,-0.08545584196348166
45.7,1.86137875481995,-0.37806067859208853,-0.08297080854700352
45.71,1.85760129160063,-0.37743193686617754,-0.08059527343223377
45.72,1.85383011657749,-0.3768030466356598,-0.07807843240622296
45.73,1.85006523102165,-0.37617405074157895,-0.07579429662774881
45.74,1.84630663578439,-0.37554498867809116,-0.07365985926744337
45.75,1.84255433134482,-0.3749158975868361,-0.07140774562428968
45.76,1.83880831780422,-0.3742868154358444,-0.06935506760343793
45.77,1.83506859489071,-0.3736577772845806,-0.06747600914298396
45.78,1.83133516200381,-0.37302881559065915,-0.06551386269660878
45.79,1.82760801821569,-0.37239996323342184,-0.06372462910543501
45.8,1.82388716227494,-0.3717712505345694,-0.062123103381614
45.8099999999999,1.82017259264776,-0.37114270509275293,-0.06047091625793448
45.82,1.81646430752452,-0.3705143545658337,-0.05897114085615729
45.83,1.81276230482346,-0.3698862243370719,-0.057665548487574644
45.84,1.80906658222844,-0.36925833703942057,-0.05634398394832773
45.85,1.80537713719957,-0.36863071498974465,-0.05515716968621959
45.86,1.80169396697813,-0.36800337848582426,-0.05415900885029463
45.87,1.79801706861975,-0.3673763451916612,-0.053185149614896586
45.88,1.79434643900818,-0.3667496320279314,-0.05233395082273079
45.89,1.79068207486297,-0.3661232540904262,-0.05165173897847011
45.9,1.78702397276724,-0.36549722412191343,-0.051037571539355675
45.91,1.78337212918308,-0.36487155366982477,-0.05054067067146638
45.92,1.77972654046369,-0.3642462525767517,-0.05018168050282291
45.9299999999999,1.77608720287495,-0.36362132874066166,-0.04993480638981778
45.94,1.77245411261141,-0.3629967884214954,-0.049807877499521105
45.95,1.76882726581372,-0.3623726362018335,-0.04978464175949358
45.96,1.76520665858443,-0.36174887516833104,-0.04989623674370649
45.97,1.76159228700333,-0.3611255065539998,-0.05018812378713282
45.98,1.75798414714849,-0.36050252942415784,-0.05034854058913659
45.99,1.75438223511268,-0.35987994375958715,-0.05111735911374677
46.0,1.75078654699013,-0.35925774278642486,-0.05156494056915732
46.01,1.7471970789876,-0.35863592289916796,-0.05219600394735079
46.02,1.74361382728222,-0.35801447841748807,-0.053083369681190325
46.03,1.7400367881973,-0.35739340064465663,-0.05394209472769628
46.04,1.73646595807783,-0.3567726808046623,-0.05514722364178922
46.05,1.73290133342984,-0.35615230635191825,-0.05621088091264469
46.0599999999999,1.7293429108391,-0.35553226590750814,-0.0576562486984233
46.07,1.72579068704969,-0.35491254404650213,-0.05897764635459389
46.08,1.72224465894553,-0.35429312638133315,-0.060593598188395485
46.09,1.71870482356686,-0.35367399540341776,-0.06221914217413013
46.1,1.71517117814222,-0.35305513328184696,-0.0640817420233953
46.11,1.71164372007162,-0.3524365198655825,-0.06567369823006786
46.12,1.70812244697743,-0.3518181375324133,-0.06798257368332228
46.13,1.70460735663241,-0.35119996137558673,-0.06981781462886465
46.14,1.70109844713243,-0.3505819710886704,-0.07217641608654933
46.15,1.69759571667669,-0.34996414107183094,-0.07458200088461915
46.16,1.69409916386231,-0.3493464453632541,-0.07661761293745752
46.17,1.69060878740007,-0.34872886155008687,-0.07964969797541448
46.1799999999999,1.68712458636306,-0.34811135742973676,-0.08183395896386461
46.19,1.6836465600687,-0.347493909031917,-0.08488816372962384
46.2,1.68017470810292,-0.3468764840991697,-0.08747521796920738
46.21,1.67670903040278,-0.3462590548412414,-0.09052736525338423
46.22,1.6732495271276,-0.3456415890921716,-0.09351999283489029
46.23,1.66979619884709,-0.3450240554346581,-0.09638856086969244
46.24,1.66634904634846,-0.3444064236564108,-0.09993990888132517
46.25,1.66290807082182,-0.343788657030758,-0.10299081574503097
46.26,1.65947327376421,-0.34317072382558844,-0.10637643320527064
46.27,1.65604465701678,-0.34255258936624994,-0.10987178056817014
46.28,1.65262222276721,-0.3419342179051654,-0.11347850841514699
46.29,1.64920597356977,-0.3413155729400911,-0.11692103777330885
46.3,1.64579591233675,-0.34069661980808225,-0.12066448607722485
46.3099999999999,1.64239204232591,-0.34007732111733063,-0.12453780143760937
46.32,1.6389943671933,-0.33945763849899113,-0.12817616045847124
46.33,1.63560289095625,-0.33883753612825956,-0.1321544618225689
46.34,1.63221761799935,-0.3382169752132569,-0.13616916786963215
46.35,1.6288385531097,-0.3375959168681608,-0.1400895139389102
46.36,1.62546570144649,-0.3369743234176622,-0.14427306387840008
46.37,1.62209906855755,-0.33635215503733573,-0.148401619122778
46.38,1.61873866039227,-0.33572937272515757,-0.1525743584929264
46.39,1.61538448328042,-0.33510593738416694,-0.1569643566732375
46.4,1.61203654395647,-0.334481808273418,-0.1611818636892404
46.41,1.60869484955725,-0.333856946622918,-0.16557233789378964
46.42,1.60535940759972,-0.3332313123959911,-0.17013963289361894
46.4299999999999,1.60203022602117,-0.33260486432666325,-0.1744628709935906
46.44,1.59870731315535,-0.3319775638146838,-0.17903533939389277
46.45,1.59539067772149,-0.3313493703676562,-0.1837022022450112
46.46,1.59208032886004,-0.33072024304875625,-0.18815700978263156
46.47,1.58877627610281,-0.33009014328751474,-0.19289301310050033
46.48,1.58547852937176,-0.32945903032150137,-0.19773533417656092
46.49,1.58218709900975,-0.32882686292400876,-0.20222558173141095
46.5,1.57890199575414,-0.328193603564908,-0.20704860924975726
46.51,1.57562323071273,-0.3275592120736581,-0.21208158117936418
46.52,1.57235081542339,-0.3269236468507464,-0.21668418986667687
46.53,1.56908476181259,-0.32628687073283924,-0.22152401885585907
46.54,1.56582508217511,-0.32564884490841606,-0.22660755601207613
46.55,1.56257178921443,-0.32500952876934147,-0.23146902850664966
46.5599999999999,1.55932489602712,-0.3243688842749208,-0.23627980030161871
46.57,1.55608441608099,-0.3237268743849257,-0.2413605030317404
46.58,1.55285036322058,-0.32308346007040395,-0.2464507585826506
46.59,1.5496227516883,-0.32243860278340736,-0.2512662764445212
46.6,1.54640159609405,-0.3217922669606762,-0.2563584776595319
46.61,1.54318691140276,-0.32114441507841707,-0.2615782909829013
46.62,1.53997871297154,-0.3204950090424171,-0.26644076487795265
46.63,1.53677701651763,-0.3198440144485985,-0.27155080744694926
46.64,1.5335818380981,-0.31919139526940626,-0.2768095663934405
46.65,1.53039319414907,-0.31853711469057766,-0.2818067668162437
46.66,1.52721110145539,-0.31788113876282664,-0.28688535259904435
46.67,1.52403557713882,-0.31722343341775894,-0.29212255300449563
46.6799999999999,1.52086663866764,-0.3165639637125961,-0.2972821400181163
46.69,1.5177043038572,-0.31590269599191534,-0.30230043068760215
46.7,1.51454859084794,-0.3152395983787545,-0.30754913813105134
46.71,1.51139951810025,-0.31457463753283843,-0.31284808297516026
46.72,1.50825710441749,-0.31390778026858523,-0.3179006027579185
46.73,1.50512136891754,-0.31323899616058637,-0.32300228411464815
46.74,1.50199233101849,-0.3125682549364128,-0.3283193207474904
46.75,1.49887001044752,-0.31189552496690975,-0.33361592709974264
46.76,1.4957544272497,-0.3112207754466782,-0.33863044370752177
46.77,1.49264560176325,-0.3105439785946629,-0.3438098594190978
46.78,1.48954355459793,-0.30986510580648574,-0.34916543589147475
46.79,1.48644830666472,-0.30918412749958807,-0.3543955936023721
46.8,1.48335987915824,-0.3085010158073313,-0.3594341158091645
46.8099999999999,1.48027829354568,-0.3078157450941643,-0.36467895760329616
46.82,1.47720357154249,-0.30712828855532875,-0.37002795824477525
46.83,1.47413573515002,-0.30643861908183545,-0.37517526455647743
46.84,1.4710748066196,-0.30574671186174296,-0.3803175947163286
46.85,1.46802080845238,-0.30505254277759153,-0.38555993176713177
46.86,1.46497376338478,-0.30435608742192166,-0.3908502814700319
46.87,1.46193369440477,-0.30365732159241543,-0.3960144491945366
46.88,1.45890062472935,-0.3029562227370016,-0.4011875072551299
46.89,1.45587457780003,-0.30225276885674596,-0.40642859109143986
46.9,1.4528555772753,-0.30154693796232335,-0.4116829538241406
46.91,1.44984364703518,-0.3008387085647565,-0.41685206885998777
46.92,1.44683881116603,-0.300128060476094,-0.42204357326530256
46.9299999999999,1.44384109395364,-0.2994149739408333,-0.42727982719998203
46.94,1.44085051988011,-0.2986994294245834,-0.43250518756335893
46.95,1.43786711362072,-0.29798140808883583,-0.437681485691785
46.96,1.43489090003362,-0.297260892093415,-0.4428883208411587
46.97,1.43192190415238,-0.296537863961005,-0.4481155598068981
46.98,1.4289601511846,-0.29581230664607605,-0.4533169845080004
46.99,1.42600566650388,-0.2950842039043352,-0.45852183839691596
47.0,1.42305847564315,-0.2943535400760089,-0.4637324098094635
47.01,1.4201186042893,-0.2936203000593237,-0.468936181550847
47.02,1.41718607827708,-0.29288446940699914,-0.4741399870989587
47.03,1.41426092358244,-0.2921460342769855,-0.47933950626660704
47.04,1.41134316631711,-0.291404981429085,-0.4846046249837595
47.05,1.40843283272278,-0.2906612977393401,-0.4897995647277502
47.0599999999999,1.40552994917129,-0.2899149712318287,-0.4949668323824454
47.07,1.4026345421446,-0.28916599075258603,-0.5001949661777889
47.08,1.39974663823949,-0.2884143452530815,-0.5054734146344126
47.09,1.39686626415869,-0.28766002387375,-0.5107258790406016
47.1,1.39399344671438,-0.2869030165932429,-0.5158781879821622
47.11,1.39112821280857,-0.28614331475382654,-0.5211018671913821
47.12,1.38827058942972,-0.28538090976175845,-0.5263748168004487
47.13,1.38542060365187,-0.28461579316758634,-0.5317272533927824
47.14,1.38257828263219,-0.28384795657449746,-0.536911835118259
47.15,1.37974365360844,-0.28307739345317384,-0.5420914968826649
47.16,1.37691674387122,-0.282304097932908,-0.5473786346478001
47.17,1.37409758077849,-0.2815280638430858,-0.5528320772823017
47.1799999999999,1.37128619174454,-0.2807492844070836,-0.5580747283664765
47.19,1.36848260425617,-0.2799677550324213,-0.5632133724344323
47.2,1.36568684582151,-0.27918347248957665,-0.5685931254745021
47.21,1.36289894399814,-0.2783964323767393,-0.573993778831893
47.22,1.36011892637905,-0.2776066306236613,-0.5794023683143967
47.23,1.3573468206017,-0.27681406379758505,-0.5846186617760961
47.24,1.35458265432483,-0.27601873044600933,-0.5899435465512853
47.25,1.35182645522009,-0.27522062894534594,-0.5953783753641787
47.26,1.34907825097969,-0.2744197573384288,-0.6009830710488473
47.27,1.34633806931402,-0.273616113143745,-0.6062626603941049
47.28,1.34360593795688,-0.2728096968047433,-0.6115190515614566
47.29,1.34088188461486,-0.27200050954468424,-0.617060496779292
47.3,1.33816593700298,-0.27118855114483165,-0.6225811038385352
47.3099999999999,1.33545812282818,-0.270373821911174,-0.6283264790178552
47.32,1.33275846980082,-0.26955632138684166,-0.6336160423895777
47.33,1.33006700562692,-0.2687360528629094,-0.6389736730539016
47.34,1.32738375795932,-0.2679130198057526,-0.6446324938946416
47.35,1.32470875443973,-0.2670872240923291,-0.6503602615205348
47.36,1.32204202267999,-0.2662586675497569,-0.6561881021268849
47.37,1.31938359028336,-0.2654273521318455,-0.6615293043990177
47.38,1.31673348481433,-0.26459328367574775,-0.6670863082531825
47.39,1.31409173377027,-0.26375646723682905,-0.6728500714486271
47.4,1.31145836461636,-0.26291690686467234,-0.678818707574166
47.41,1.30883340476802,-0.262074605770248,-0.6847021814554562
47.42,1.30621688162009,-0.2612295684997453,-0.6901532718162043
47.4299999999999,1.30360882249254,-0.26038180304709024,-0.6959797979971735
47.44,1.30100925463249,-0.2595313156318243,-0.7018437178200468
47.45,1.29841820523287,-0.2586781125137624,-0.7080866912736323
47.46,1.29583570141855,-0.2578221981480037,-0.7140391729388509
47.47,1.29326177028267,-0.2569635795878322,-0.7196385708625973
47.48,1.29069643880865,-0.2561022667564176,-0.7257746056654255
47.49,1.28813973390421,-0.2552382668494095,-0.7317545732256104
47.5,1.28559168240164,-0.2543715882455019,-0.7383265979076775
47.51,1.28305231104852,-0.25350223637224945,-0.7443673781110002
47.52,1.28052164655259,-0.25263022067832747,-0.7501325619431051
47.53,1.27799971547648,-0.2517555529432484,-0.7566211665257734
47.54,1.27548654430672,-0.25087824113875223,-0.7627965146928863
47.55,1.27298215943475,-0.24999829532832604,-0.7696293329870344
47.5599999999999,1.2704865871554,-0.24911572240198615,-0.7758499347029354
47.57,1.26799985370532,-0.24823053365791345,-0.7818831419145226
47.58,1.26552198515952,-0.24734274215800583,-0.7886523207169744
47.59,1.26305300750666,-0.24645235715208455,-0.7951395752296841
47.6,1.26059294662508,-0.24555938979690292,-0.8021931094271199
47.61,1.25814182828805,-0.24466384873325459,-0.8086604785812206
47.62,1.25569967818627,-0.2437657467580808,-0.8150514942596578
47.63,1.25326652184417,-0.24286509776182594,-0.8220769256233553
47.64,1.25084238468501,-0.24196191248176402,-0.8289462567980045
47.65,1.24842729200939,-0.2410562028752487,-0.8362352196713185
47.66,1.24602126900584,-0.2401479793068225,-0.8429929773752267
47.67,1.24362434075584,-0.2392372558937613,-0.8498006177972153
47.6799999999999,1.24123653217343,-0.2383240471231581,-0.8571099650544723
47.69,1.23885786805736,-0.23740836513691893,-0.8644083824592292
47.7,1.23648837307278,-0.2364902225491794,-0.8719639787015174
47.71,1.23412807176707,-0.2355696313467474,-0.879055815121352
47.72,1.23177698855701,-0.234646606813325,-0.8863320520945113
47.73,1.22943514769281,-0.2337211638721822,-0.89396101636227
47.74,1.2271025732963,-0.23279331596299432,-0.9017375958830759
47.75,1.22477928934605,-0.23186307622315624,-0.9095990374619866
47.76,1.22246531969849,-0.23093045813558644,-0.9170684577787044
47.77,1.22016068805711,-0.22999547802267836,-0.924865465413176
47.78,1.21786541796105,-0.2290581511110094,-0.9328566365741751
47.79,1.21557953280925,-0.2281184920157516,-0.9411631835877015
47.8,1.21330305584893,-0.22717651427499969,-0.9493720420726268
47.8099999999999,1.21103601020204,-0.22623223275183663,-0.9572673807166908
47.82,1.20877841881637,-0.2252856646786816,-0.9656405421929382
47.83,1.20653030447899,-0.2243368254634189,-0.9740397070112915
47.84,1.20429168982597,-0.22338573078315255,-0.9829296131529274
47.85,1.20206259733445,-0.22243239447399626,-0.9915317043844443
47.86,1.19984304935403,-0.22147683266526275,-0.9999060680864895
47.87,1.19763306804035,-0.22051906337282232,-1.008912616312265
47.88,1.195432675393,-0.21955910208031892,-1.017779809027406
47.89,1.19324189325095,-0.21859696537284518,-1.0272855541459784
47.9,1.19106074328847,-0.21763266741468373,-1.0363444577592762
47.91,1.18888924704885,-0.21666622542140987,-1.0452719081535211
47.92,1.18672742586596,-0.21569765799016039,-1.0549419360189527
47.9299999999999,1.18457530092144,-0.21472698072316038,-1.0644030034430918
47.94,1.18243289322801,-0.2137542106965873,-1.0744472801677598
47.95,1.18030022363203,-0.21277936298291408,-1.0840975955288916
47.96,1.17817731283427,-0.21180245538015935,-1.0937267490659341
47.97,1.17606418132947,-0.21082350653701493,-1.1039881467950545
47.98,1.17396084945315,-0.2098425327392591,-1.1141632567551787
47.99,1.17186733736751,-0.20885955121524766,-1.1247995287260482
48.0,1.1697836650673,-0.20787457786624608,-1.135107611100388
48.01,1.1677098523885,-0.20688763096833504,-1.1455036106986727
48.02,1.16564591896502,-0.20589872915399526,-1.156427415460443
48.03,1.16359188426547,-0.20490788928100118,-1.1673586611565467
48.04,1.16154776758154,-0.20391512880708063,-1.1785841336038922
48.05,1.15951358803438,-0.202920464677329,-1.1897205507301778
48.0599999999999,1.15748936457315,-0.20192391502867707,-1.2011020295131354
48.07,1.15547511595963,-0.2009254976600039,-1.2128101853917694
48.08,1.15347086078698,-0.19992522983458735,-1.2239329029104962
48.09,1.15147661746422,-0.1989231321197364,-1.236136518637375
48.1,1.14949240419002,-0.19791922089198444,-1.2487037613029373
48.11,1.14751823903832,-0.19691351164224566,-1.2607620218826716
48.12,1.14555413988682,-0.19590602322825762,-1.2725118817970034
48.13,1.14360012443569,-0.1948967767494166,-1.2853350363942329
48.14,1.14165621015637,-0.19388578914349236,-1.298769270740844
48.15,1.13972241440465,-0.19287307546217436,-1.3114570152996956
48.16,1.13779875433572,-0.1918586550415935,-1.324146397501581
48.17,1.13588524692595,-0.19084254825658675,-1.337442322580706
48.1799999999999,1.13398190893176,-0.18982477346024357,-1.3515779160103605
48.19,1.13208875696376,-0.18880534621366074,-1.365250360532592
48.2,1.13020580745343,-0.18778428500075828,-1.378901079453069
48.21,1.12833307664495,-0.18676160950324983,-1.3928498143105703
48.22,1.12647058058137,-0.18573733890783578,-1.4075794916466784
48.23,1.12461833512767,-0.18471148993958186,-1.422295664917344
48.24,1.12277635598413,-0.18368408030641586,-1.436907612968053
48.25,1.12094465865978,-0.18265512920916754,-1.4517612958614674
48.26,1.11912325847502,-0.18162465577433173,-1.4671809278965156
48.27,1.11731217055989,-0.18059267766707782,-1.4828392171435225
48.28,1.11551140987793,-0.1795592125350835,-1.498457001658088
48.29,1.11372099120311,-0.17852427921707936,-1.5143132543650353
48.3,1.11194092912499,-0.17748789658700675,-1.5306138548980948
48.3099999999999,1.11017123804242,-0.17645008266707896,-1.5472139652438073
48.32,1.10841193218285,-0.17541085528750927,-1.5638559002125674
48.33,1.10666302558604,-0.17437023312616984,-1.580859904266163
48.34,1.10492453210845,-0.17332823450924204,-1.5980614835473985
48.35,1.10319646542236,-0.1722848779829182,-1.6156197811954838
48.36,1.10147883901452,-0.17124018174208464,-1.6334571118713603
48.37,1.09977166619255,-0.17019416395691417,-1.651487286698802
48.38,1.09807496007902,-0.16914684311409672,-1.6698726935118369
48.39,1.09638873361319,-0.1680982374135831,-1.68859635916264
48.4,1.09471299955333,-0.16704836487141939,-1.7074662927132447
48.41,1.09304777047666,-0.16599724406349825,-1.7266469829706454
48.42,1.09139305877135,-0.16494489351740288,-1.7462022302767932
48.4299999999999,1.08974887664497,-0.16389133143767295,-1.7661681838907168
48.44,1.0881152361219,-0.1628365755818447,-1.7865387089554148
48.45,1.08649214905358,-0.16178064344857618,-1.8067719471254007
48.46,1.08487962711005,-0.1607235542284998,-1.8274633951961072
48.47,1.083277681764,-0.1596653266341693,-1.84867166396485
48.48,1.08168632431268,-0.15860597856391934,-1.870437796961662
48.49,1.08010556587072,-0.15754552703415858,-1.8925027126674132
48.5,1.07853541739148,-0.15648398935291613,-1.9142066156369875
48.51,1.0769758896385,-0.1554213853686722,-1.9366546698259517
48.52,1.07542699317727,-0.15435773357215984,-1.9596027280128414
48.53,1.07388873840128,-0.15329305171066232,-1.9833860927307299
48.54,1.07236113552238,-0.15222735585458022,-2.0071791879486724
48.55,1.07084419460466,-0.15116066350192026,-2.0305042085112524
48.5599999999999,1.06933792550686,-0.15009299508058072,-2.0549748280433935
48.57,1.06784233789735,-0.14902436845200726,-2.079736538940797
48.58,1.06635744127357,-0.14795480142800005,-2.105788609760258
48.59,1.06488324495258,-0.146884308866659,-2.131359643135742
48.6,1.06341975812006,-0.14581290878684094,-2.15642896018066
48.61,1.06196698973327,-0.14474062225358075,-2.183195797849005
48.62,1.06052494857351,-0.14366746613916903,-2.209894881322574
48.63,1.05909364325061,-0.1425934584207404,-2.2382889400498653
48.64,1.05767308219548,-0.14151861308267327,-2.2659419913187078
48.65,1.05626327371952,-0.1404429481492479,-2.2929617674396043
48.66,1.05486422589471,-0.13936648513590555,-2.3220568180244068
48.67,1.05347594662236,-0.13828924040084253,-2.350943137644205
48.6799999999999,1.05209844363451,-0.13721123182700395,-2.381838575678698
48.69,1.05073172448602,-0.13613247258958036,-2.4117375604348728
48.7,1.04937579662323,-0.1350529807320755,-2.4409020328182
48.71,1.04803066724287,-0.1339727781134929,-2.4725160557429327
48.72,1.04669634337716,-0.1328918805449275,-2.503764831888118
48.73,1.04537283189108,-0.13181030581558284,-2.537332247863116
48.74,1.0440601394743,-0.13072806635633927,-2.569651551597479
48.75,1.04275827271786,-0.12964518023258118,-2.601168401661758
48.76,1.04146723795416,-0.1285616695314092,-2.6354912939116706
48.77,1.04018704135787,-0.12747754951017617,-2.66928471681808
48.78,1.03891768893815,-0.12639283786357777,-2.7057076048324498
48.79,1.037659186531,-0.1253075463156672,-2.7406253011094748
48.8,1.03641153988283,-0.12422169296242107,-2.7747004111715743
48.8099999999999,1.03517475447319,-0.12313530003558171,-2.81192923533904
48.82,1.03394883563116,-0.12204838222567202,-2.8484512025063973
48.83,1.03273378852191,-0.12096095713748922,-2.8879207014215007
48.84,1.03152961813967,-0.11987303580690556,-2.925620301585251
48.85,1.03033632939777,-0.11878463636083951,-2.9624528235039427
48.86,1.02915392693487,-0.11769578112550416,-3.0027830991759497
48.87,1.02798241524681,-0.11660648420990609,-3.042297958620609
48.88,1.02682179866705,-0.11551676298384161,-3.084551016110171
48.89,1.0256720813604,-0.11442662909058043,-3.1254842872966195
48.9,1.02453326740165,-0.11333609984915764,-3.165802862669212
48.91,1.02340536061448,-0.11224519605701108,-3.2091884961659902
48.92,1.02228836468159,-0.11115393176124311,-3.2523061916255256
48.9299999999999,1.02118228312676,-0.1100623231877466,-3.2960725588774755
48.94,1.02008711931124,-0.10897038666125569,-3.340665016217345
48.95,1.01900287643421,-0.10787813797057955,-3.3860813863928
48.96,1.01792955754054,-0.10678559249333956,-3.431632245050837
48.97,1.01686716551763,-0.10569276707192987,-3.4779856776108296
48.98,1.0158157030778,-0.10459967817458837,-3.5253986251215115
48.99,1.01477517278092,-0.10350634119215552,-3.573269673123833
49.0,1.01374557702781,-0.1024127720620771,-3.6218638444646936
49.01,1.01272691806077,-0.10131898663591951,-3.671244487674402
49.02,1.01171919796405,-0.1002250005025925,-3.7212517203600934
49.03,1.01072241866715,-0.09913082943409277,-3.7719313256303075
49.04,1.00973658193916,-0.09803648926725583,-3.823433282325664
49.05,1.00876168939374,-0.0969419955206626,-3.8756201900922638
49.0599999999999,1.00779774248884,-0.09584736375324865,-3.928534971291203
49.07,1.00684474252707,-0.09475260947900041,-3.9821897457679105
49.08,1.00590269065619,-0.09365774813649419,-4.036589587375833
49.09,1.00497158787002,-0.09256279508875198,-4.091695651976983
49.1,1.00405143500882,-0.09146776572950081,-4.147546074921845
49.11,1.00314223275876,-0.09037267538726246,-4.2041601667911195
49.12,1.00224398165365,-0.08927753927799875,-4.261503249207592
49.13,1.00135668207513,-0.08818237259812049,-4.319568524985685
49.14,1.00048033425314,-0.08708719052568833,-4.378503146409316
49.15,0.999614938266456,-0.0859920078682519,-4.438048258173353
49.16,0.99876049404734,-0.08489683972808619,-4.49826303792504
49.17,0.99791700137292,-0.08380170133439521,-4.559372326155557
49.1799999999999,0.997084459872223,-0.08270660746705905,-4.621156932443867
49.19,0.996262869025648,-0.08161157298525643,-4.683665301834245
49.2,0.995452228165211,-0.08051661271755162,-4.746934991338764
49.21,0.994652536475054,-0.07942174134075072,-4.810971852512283
49.22,0.993863792993578,-0.07832697337531262,-4.875585833337596
49.23,0.993085996613474,-0.07723232364729901,-4.940933407169636
49.24,0.992319146077608,-0.07613780686626567,-5.0070800178731485
49.25,0.99156323998497,-0.07504343743349925,-5.073856335095867
49.26,0.990818276789498,-0.07394922984176322,-5.141317659727381
49.27,0.990084254800614,-0.07285519852507454,-5.209485633453205
49.28,0.989361172183772,-0.07176135777298143,-5.278275042453543
49.29,0.988649026962171,-0.07066772191842245,-5.347688883063296
49.3,0.987947817014712,-0.0695743052932694,-5.417778325713209
49.3099999999999,0.987257540078345,-0.06848112206249332,-5.488466733650816
49.32,0.986578193748356,-0.06738818637171592,-5.55975548196728
49.33,0.985909775478822,-0.06629551231166302,-5.631612229961911
49.34,0.985252282583134,-0.06520311395415423,-5.70401364335252
49.35,0.984605712233969,-0.06411100535295886,-5.777006561974123
49.36,0.983970061464031,-0.06301920037128927,-5.850506760484571
49.37,0.983345327168353,-0.06192771284394457,-5.924464046128558
49.38,0.982731506102761,-0.06083655664847661,-5.998913363469517
49.39,0.982128594885083,-0.05974574555221435,-6.073806258965606
49.4,0.981536589995688,-0.05865529326488095,-6.149090607391688
49.41,0.980955487778035,-0.057565213508280665,-6.224740173871849
49.42,0.980385284438163,-0.05647551999416282,-6.300822006614647
49.4299999999999,0.979825976045876,-0.0553862261660959,-6.377203721883789
49.44,0.979277558537715,-0.05429734546726073,-6.453819526016287
49.45,0.978740027714383,-0.053208891430242544,-6.530719866314494
49.46,0.97821337924229,-0.052120877448387046,-6.607833098575668
49.47,0.977697608654105,-0.05103331685931689,-6.6850957477876385
49.48,0.977192711349298,-0.04994622301955724,-6.762479936960136
49.49,0.976698682593565,-0.04885960925725223,-6.840024120777243
49.5,0.976215517520316,-0.04777348864790828,-6.917590651089958
49.51,0.975743211133119,-0.04668787427868822,-6.995116365041404
49.52,0.975281758303479,-0.04560277930515204,-7.072624578477902
49.53,0.974831153772311,-0.04451821675195052,-7.150038214874573
49.54,0.97439139215047,-0.04343419958758495,-7.227278088265854
49.55,0.973962467919281,-0.042350740816320585,-7.304315431745112
49.5599999999999,0.973544375429749,-0.041267853397820395,-7.38117031261514
49.57,0.973137108904502,-0.040185550025424274,-7.457689874062492
49.58,0.972740662439977,-0.03910384342578066,-7.533810372558723
49.59,0.972355030004156,-0.03802274639231329,-7.609538699114317
49.6,0.971980205438075,-0.036942271584317066,-7.684790763028804
49.61,0.971616182456363,-0.0358624316015697,-7.759467567500566
49.62,0.971262954647751,-0.0347832391192876,-7.8335470608951345
49.63,0.970920515473753,-0.03370470674487018,-7.907039691631541
49.64,0.970588858271509,-0.032626846768156935,-7.979767353447311
49.65,0.970267976255811,-0.031549671556733536,-8.051670161820812
49.66,0.969957862516393,-0.03047319355825399,-8.122746673089026
49.67,0.969658510019634,-0.029397425072020627,-8.19290571190148
49.6799999999999,0.969369911609084,-0.02832237833527244,-8.26203763637477
49.69,0.969092060005981,-0.027248065699473727,-8.330126976391607
49.7,0.968824947807402,-0.02617449941635097,-8.397167736978522
49.71,0.968568567490115,-0.02510169138379148,-8.462975943864869
49.72,0.968322911412118,-0.024029653624883334,-8.527501680863274
49.73,0.968087971809764,-0.022958398241429423,-8.590730583655517
49.74,0.96786374079958,-0.02188793717934993,-8.652572774788416
49.75,0.967650210378783,-0.020818282321868886,-8.71292294517195
49.76,0.967447372425791,-0.01974944569051451,-8.77176691396193
49.77,0.967255218698076,-0.01868143917310161,-8.829078161402695
49.78,0.967073740836786,-0.017614274303560478,-8.884696187106641
49.79,0.966902930367515,-0.01654796277430019,-8.938582221757171
49.8,0.96674277869773,-0.01548251633500623,-8.990714770995554
49.8099999999999,0.966593277118544,-0.014417946585437713,-9.040843051173429
49.82,0.966454416805219,-0.013354265869579737,-9.09002147934655
49.83,0.96632618881768,-0.012291479247022083,-9.13630547111374
49.84,0.966208584195167,-0.011229599080911368,-9.179580278246911
49.85,0.96610159374777,-0.010168646708954196,-9.222189018556707
49.86,0.966005208135649,-0.009108632204238298,-9.262686310698072
49.87,0.965919417946611,-0.008049564440916018,-9.300670499771732
49.88,0.965844213650403,-0.006991455605936022,-9.336520640221945
49.89,0.965779585598711,-0.005934317505300787,-9.36985141465755
49.9,0.965725524025162,-0.004878165423552461,-9.402398196074595
49.91,0.965682019045319,-0.003822982285052919,-9.43077599949444
49.92,0.965649061074093,-0.0027687881862350125,-9.45620754571389
49.9299999999999,0.965626639864365,-0.0017156243402464504,-9.480956166997757
49.94,0.965614745159878,-0.0006634878383029082,-9.50266406133746
49.95,0.965613366652429,0.0003876126348232682,-9.521874346552744
49.96,0.965622493919201,0.0014376650958954538,-9.538607767853856
49.97,0.96564211642277,0.002486657941598118,-9.553097229563017
49.98,0.965672223511098,0.0035345761464772307,-9.563019632680703
49.99,0.965712804434614,0.004581448450502457,-9.572914048755795
50.0,0.965763848876376,0.005627241178014312,-9.581165278688141
50.01,0.965825345530933,0.006671908417663075,-9.583597359987948
50.02,0.965897283340288,0.007715467309108807,-9.585282104023012
50.03,0.965979651135791,0.008757903803270167,-9.584116940778289
50.04,0.966072437638147,0.009799206835524784,-9.580555708394256
50.05,0.966175631457412,0.010839364399883866,-9.574115532450026
50.0599999999999,0.966289221092993,0.011878369523605586,-9.561286383492494
50.07,0.966413195046573,0.012916240694287503,-9.552938240142536
50.08,0.966547542008602,0.013952942376534624,-9.542251311320884
50.09,0.96669224989897,0.01498843998692286,-9.522500368271402
50.1,0.966847306826985,0.016022745658626308,-9.504204946096399
50.11,0.967012700795206,0.0170558462493207,-9.482858684143713
50.12,0.967188419699455,0.018087731085132213,-9.459655265170147
50.13,0.967374451328811,0.01911838780493299,-9.43153739736427
50.14,0.967570783365609,0.02014781726811336,-9.399203186712851
50.15,0.967777403587846,0.02117602589786031,-9.373722018965953
50.16,0.967994299699562,0.022202977768817633,-9.343089190978503
50.17,0.968221458892692,0.023228651072348026,-9.304147671464673
50.1799999999999,0.968458868472118,0.02425305150914788,-9.267387754448
50.19,0.968706515639613,0.025276166967305724,-9.227797317827848
50.2,0.968964387493832,0.02629798713575752,-9.187277745945195
50.21,0.969232471030327,0.02731849924548872,-9.138509655752163
50.22,0.969510753141539,0.02833771207887507,-9.09112140122425
50.23,0.969799220911811,0.029355620741247646,-9.051281847558222
50.24,0.97009786109624,0.030372188256766464,-9.001600809052881
50.25,0.970406660178985,0.031387404956357653,-8.947597376655581
50.26,0.970725604688119,0.032401270677713076,-8.895328663823907
50.27,0.97105468105208,0.0334137742612715,-8.840704357334749
50.28,0.971393875599674,0.034424905743716636,-8.78759565902989
50.29,0.971743174560073,0.03543464977651771,-8.714032445873432
50.3,0.972102564062816,0.036443041518223016,-8.66010085378675
50.3099999999999,0.972472030784034,0.03745005536661591,-8.616813279024843
50.32,0.972851560409175,0.038455632443457066,-8.545644605317694
50.33,0.973241138686951,0.03945978707128872,-8.481031408209423
50.34,0.973640751392937,0.04046251543335193,-8.417289959087947
50.35,0.974050384205576,0.04146380678275534,-8.351882392170694
50.36,0.974470022706173,0.04246365140637513,-8.285448115091514
50.37,0.974899652378908,0.04346203959139557,-8.217881990668785
50.38,0.975339258610828,0.04445896162454851,-8.15262602935226
50.39,0.975788826691849,0.04545440284314436,-8.069170713707432
50.4,0.976248341814755,0.04644839005404171,-7.986122895887465
50.41,0.976717789669146,0.047440942017970555,-7.945043476093883
50.42,0.977197155622719,0.04843197793144942,-7.879186579997391
50.4299999999999,0.977686424113405,0.04942147256124056,-7.790532354955408
50.44,0.978185580017053,0.050409454548324316,-7.720749065956108
50.45,0.978694608116469,0.05139591016459315,-7.647354567769034
50.46,0.979213493101432,0.05238083010716914,-7.573657233794888
50.47,0.979742219568686,0.053364205071766244,-7.499523834083081
50.48,0.980280772021929,0.05434602575480156,-7.426020846777981
50.49,0.980829134871833,0.05532628113337028,-7.352626866043204
50.5,0.981387292436032,0.056304965466264886,-7.234436658899663
50.51,0.981955229145505,0.05728215831320068,-7.193385102917856
50.52,0.982532930355354,0.0582577775792061,-7.152597064101724
50.53,0.983120379228826,0.05923173883640813,-7.040766660507445
50.54,0.983717559793095,0.060204106332454696,-6.971313783453701
50.55,0.984324455987064,0.06117486330514954,-6.895561648371535
50.5599999999999,0.984941051661363,0.062144000927426744,-6.820131698883341
50.57,0.985567330578352,0.06311151037145987,-6.744804070421202
50.58,0.986203276412108,0.06407738281018482,-6.669264691172363
50.59,0.986848872748449,0.06504160941708712,-6.602167701363728
50.6,0.987504103084917,0.06600417125642485,-6.484511591028393
50.61,0.988168950830773,0.06696514434026783,-6.424864082620333
50.62,0.988843400519929,0.06792448919934468,-6.395270495222326
50.63,0.989527434907713,0.0688821059851084,-6.295850994100092
50.64,0.990221036996515,0.06983803259180041,-6.218668694024292
50.65,0.990924189925248,0.0707922707427644,-6.146499072106846
50.66,0.991636876749193,0.0717448102405168,-6.0734273500382585
50.67,0.992359080440005,0.07269564272227858,-6.000851822543075
50.6799999999999,0.993090783885709,0.07364475982526801,-5.928546517776055
50.69,0.993831969890703,0.07459215318596779,-5.8609113371909025
50.7,0.994582621175745,0.07553780922693507,-5.771237489753878
50.71,0.995342720377977,0.0764817582775986,-5.685384875842586
50.72,0.996112250676669,0.07742402010856761,-5.652620126661056
50.73,0.996891194904783,0.07836451259520631,-5.589074768823235
50.74,0.997679534977165,0.07930321267003901,-5.500117592745664
50.75,0.99847725327052,0.08024015095611423,-5.4351995156621475
50.76,0.99928433208216,0.08117531500412278,-5.367132160485341
50.77,1.00010075363001,0.082108696874413,-5.299846744238167
50.78,1.00092650005259,0.08304028862692511,-5.233138378196812
50.79,1.00176155340903,0.08397008232424545,-5.168058829656273
50.8,1.00260589567909,0.08489806845941399,-5.103435322761502
50.8099999999999,1.0034595087631,0.08582424296092461,-4.998880538074643
50.82,1.00432237467002,0.08674867344524717,-4.967032438040546
50.83,1.00519447618116,0.0876712889482397,-4.935019473629594
50.84,1.00607579421014,0.08859201786116655,-4.8388033337863
50.85,1.00696631041027,0.08951091513133558,-4.782243837384371
50.86,1.00786600635956,0.09042796643967307,-4.720595046730202
50.87,1.00877486356076,0.09134316425676119,-4.659887361289641
50.88,1.0096928634413,0.09225650105541365,-4.599887393748273
50.89,1.01061998735338,0.09316796930783171,-4.540349003021577
50.9,1.01155621657387,0.09407756148374821,-4.48732372495876
50.91,1.01250153230438,0.09498526299765997,-4.399614687268004
50.92,1.01345591567125,0.0958911252267473,-4.3519367361897014
50.9299999999999,1.0144193485727,0.09679512171358504,-4.325602413057148
50.94,1.01539181169322,0.09769718377075447,-4.25259167039683
50.95,1.01637328587451,0.09859733560799908,-4.195165712818845
50.96,1.01736375203324,0.09949557697699711,-4.141297096773418
50.97,1.0183631910199,0.10039190009433949,-4.087295560221028
50.98,1.0193715836191,0.10128629839683916,-4.034028211004268
50.99,1.02038891055007,0.10217876536332735,-3.9814559086584658
51.0,1.02141515246698,0.10306929450724275,-3.9295728340600675
51.01,1.02245028995934,0.10395787938217346,-3.8783389831363912
51.02,1.02349430355239,0.10484451358058755,-3.828669552347812
51.03,1.02454717370749,0.10572918963207371,-3.774152164658339
51.04,1.02560888082251,0.1066119106644059,-3.7274918569557154
51.05,1.02667940536445,0.10749266523367162,-3.6831252725850456
51.0599999999999,1.02775872752834,0.1083714383415905,-3.6318485823167634
51.07,1.02884682752609,0.10924823053883685,-3.5850140203504606
51.08,1.02994368551464,0.11012303543783131,-3.5384923930283496
51.09,1.03104928159019,0.11099584693316326,-3.492605052375396
51.1,1.0321635957886,0.11186665901067687,-3.447363791673806
51.11,1.03328660808579,0.11273546569667281,-3.402758043929938
51.12,1.03441829839816,0.1136022610640756,-3.3587880113093784
51.13,1.03555864658307,0.11446703922416054,-3.315431602783675
51.14,1.03670763243915,0.11532979439234185,-3.272154034811112
51.15,1.03786523570681,0.11619052132583371,-3.234423959867821
51.16,1.039031436061,0.11704920500549092,-3.190005333336838
51.17,1.04020621299877,0.11790584601575338,-3.1455362385985177
51.1799999999999,1.04138954617417,0.11876044666541685,-3.108748613867669
51.19,1.04258141509028,0.11961299398859186,-3.068474706218571
51.2,1.04378179919323,0.12046348309183719,-3.0293803081766364
51.21,1.04499067787262,0.12131190833957381,-2.9908351204231827
51.22,1.04620803046187,0.12215826413533952,-2.9528566951593764
51.23,1.04743383623865,0.12300254492182972,-2.91543927184166
51.24,1.04866807442523,0.12384474517851407,-2.8785775161282454
51.25,1.04991072418888,0.12468485942691751,-2.8421872381556095
51.26,1.05116176464229,0.12552288236041637,-2.8064279307890643
51.27,1.0524211748439,0.1263588081380866,-2.7736914077015213
51.28,1.05368893378214,0.12719262579266405,-2.7368554199291757
51.29,1.05496502033111,0.1280243348591596,-2.7007183045687038
51.3,1.05624941344485,0.12885393468983763,-2.669173048969728
51.3099999999999,1.05754209196248,0.1296814152727551,-2.635646847875814
51.32,1.05884303467032,0.130506771853998,-2.602988432811523
51.33,1.06015222030214,0.13132999920275612,-2.5708037753554502
51.34,1.06146962753965,0.13215109212841858,-2.5391048108402736
51.35,1.06279523501279,0.13297004547241736,-2.5078822423178346
51.36,1.06412902130011,0.13378685411358782,-2.477130239259113
51.37,1.06547096492913,0.1346015129690903,-2.4468151848974125
51.38,1.06682104437674,0.13541401703649852,-2.417061249107674
51.39,1.06817923806954,0.13622436105232655,-2.38802743971388
51.4,1.06954552437901,0.1370325392154907,-2.358692411794065
51.41,1.07091988162101,0.13783854755642552,-2.3299433472890843
51.42,1.07230228808264,0.13864238181317176,-2.3021978800615783
51.4299999999999,1.07369272199181,0.13944403633932753,-2.2744960823014293
51.44,1.07509116152783,0.1402435063801629,-2.247268253744707
51.45,1.07649758482181,0.14104078713384113,-2.2204484082960545
51.46,1.07791196995702,0.14183587383583646,-2.1940343501328754
51.47,1.07933429496927,0.14262876175473727,-2.1680183378282667
51.48,1.08076453784721,0.1434194461959156,-2.1423947108264954
51.49,1.08220267653276,0.1442079225026723,-2.1171383229216003
51.5,1.08364868892143,0.14499418608584688,-2.092358522302572
51.51,1.08510255286271,0.1457782321341583,-2.067995558965486
51.52,1.08656424615651,0.14656005579582837,-2.043676347012699
51.53,1.0880337465573,0.1473396530913329,-2.019855757044754
51.54,1.08951103178265,0.14811701974215924,-1.9965918603134845
51.55,1.09099607950087,0.14889215096675623,-1.973525285384319
51.5599999999999,1.09248886733601,0.14966504239308603,-1.9508292064936414
51.57,1.09398937286817,0.15043568964449028,-1.9284707915633263
51.58,1.09549757363388,0.1512040883839198,-1.9064469832910445
51.59,1.09701344712649,0.15197023431034462,-1.8847540763319401
51.6,1.0985369707965,0.15273412315441143,-1.8633833892867868
51.61,1.10006812205189,0.15349575068566157,-1.84234550211215
51.62,1.10160687825855,0.15425511268625053,-1.8215399521466191
51.63,1.10315321674061,0.15501220519475445,-1.8010723986870563
51.64,1.10470711478391,0.15576702418991414,-1.7810697798836534
51.65,1.1062685496314,0.15651956524158445,-1.7612515475564279
51.66,1.10783749848208,0.15726982426091385,-1.7416585212555238
51.67,1.10941393849698,0.15801779740240995,-1.7224245129580769
51.6799999999999,1.11099784679724,0.15876348067176047,-1.7034647411204848
51.69,1.11258920046439,0.1595068701270112,-1.684783252547475
51.7,1.11418797654075,0.16024796186749718,-1.666377884621961
51.71,1.11579415202982,0.16098675202616172,-1.6482437295119885
51.72,1.11740770389658,0.16172323677050016,-1.6303865295645528
51.73,1.11902860906789,0.162457412306997,-1.6125227649187341
51.74,1.12065684443285,0.1631892753652479,-1.5964922603029015
51.75,1.12229238684314,0.16391881829841415,-1.5794441234544478
51.76,1.12393521305475,0.16464603734191083,-1.5607701313109774
51.77,1.12558529984728,0.16537093430433564,-1.5445575950446595
51.78,1.12724262398494,0.16609350466974537,-1.5287758360922292
51.79,1.12890716216814,0.16681374304016172,-1.512547398798314
51.8,1.13057889106126,0.1675316460601743,-1.4966749291564871
51.8099999999999,1.13225778729302,0.16824721017749494,-1.481027173631668
51.82,1.13394382745676,0.16896043187374551,-1.4656045644341504
51.83,1.13563698811084,0.16967130766784208,-1.4504046913377662
51.84,1.13733724577897,0.17037983411225163,-1.4354237080036771
51.85,1.13904457695056,0.1710860077934066,-1.4206772779549603
51.86,1.14075895808105,0.17178982533225068,-1.4056893240030057
51.87,1.14248036559227,0.17249128424748905,-1.393708112654114
51.88,1.14420877587278,0.17319037393509115,-1.3785988464173602
51.89,1.1459441651747,0.17388709418325785,-1.3622776246508244
51.9,1.14768650986828,0.17458144937307724,-1.3500520774651499
51.91,1.14943578625428,0.17527343188667444,-1.33662401802186
51.92,1.15119197058465,0.17596303784950806,-1.3232260506798965
51.9299999999999,1.15295503907926,0.17665026420415528,-1.3100764942515544
51.94,1.15472496792618,0.17733510778733347,-1.2971097552880442
51.95,1.15650173328202,0.17801756546866704,-1.2843247253015544
51.96,1.15828531127225,0.1786976341539089,-1.2717204580461525
51.97,1.16007567799158,0.17937531077849939,-1.259294006869863
51.98,1.16187280950419,0.18005059230808604,-1.247040415260341
51.99,1.16367668184412,0.180723475752248,-1.2348954406764012
52.0,1.1654872710156,0.18139395825758262,-1.2234200757813183
52.01,1.16730455299259,0.18206203547066852,-1.2113840308868393
52.02,1.16912850370104,0.18272770545132805,-1.1994388357157937
52.03,1.17095909907116,0.18339096656583287,-1.1883698917867866
52.04,1.17279631499,0.18405181484708044,-1.1770471987054238
52.05,1.17464012731637,0.18471024760358112,-1.165940735121805
52.0599999999999,1.17649051188107,0.18536626205416334,-1.154984360785578
52.07,1.17834744448729,0.1860198554506587,-1.1441794055179377
52.08,1.18021090091086,0.18667102507410144,-1.1335204445724296
52.09,1.18208085690061,0.18731976824424845,-1.1230088026425384
52.1,1.18395728817874,0.18796608230757425,-1.1126417715647556
52.11,1.18584017044102,0.18860996464233892,-1.1023904196777443
52.12,1.18772947935723,0.18925141272450782,-1.0923531426726396
52.13,1.18962519057145,0.1898904237038442,-1.0828628615893567
52.14,1.19152727969524,0.19052699347356836,-1.0725814634247006
52.15,1.19343572230064,0.191161121192814,-1.0625525995449892
52.16,1.19535049397392,0.1917928056797506,-1.0534203530970057
52.17,1.19727157025775,0.1924220430570963,-1.0439243218771377
52.1799999999999,1.19919892667055,0.19304883107598148,-1.03462952052125
52.19,1.20113253870683,0.19367316735741102,-1.02545530863914
52.2,1.20307238183744,0.1942950495558297,-1.0164027551364865
52.21,1.20501843150998,0.19491447535933312,-1.007471421620251
52.22,1.20697066314905,0.19553144248443494,-0.9986580727864842
52.23,1.20892905215659,0.19614594868067234,-0.9899699703115786
52.24,1.21089357391219,0.19675799172967173,-0.9812024548104097
52.25,1.21286420377342,0.1973675699119215,-0.9735516488041129
52.26,1.21484091707613,0.19797467772233274,-0.9661915972663048
52.27,1.21682368907868,0.19857930946115915,-0.9559833130134738
52.28,1.21881249502759,0.1991814704577488,-0.947330014751137
52.29,1.22080731024976,0.1997811608745052,-0.9404981060515701
52.3,1.22280810998984,0.20037837420424087,-0.9323676749075903
52.3099999999999,1.22481486947174,0.20097310889790795,-0.9245628076949561
52.32,1.22682756389892,0.2015653629229064,-0.9168495528482917
52.33,1.22884616845465,0.2021551342783534,-0.9092358670883319
52.34,1.23087065830237,0.20274242099434145,-0.9017218857318583
52.35,1.23290100858594,0.20332722112590962,-0.8943035187109124
52.36,1.23493719442992,0.20390953276233081,-0.8869871954708948
52.37,1.23697919093994,0.2044893540199248,-0.8796297841786695
52.38,1.23902697320289,0.20506668337517503,-0.8731537606879288
52.39,1.24108051628731,0.2056415163544249,-0.8661561359597182
52.4,1.24313979520386,0.20621385102800133,-0.8582659606441277
52.41,1.24520478498517,0.2067836893818213,-0.8515770904717491
52.42,1.24727546066241,0.2073510291412506,-0.8451070428874097
52.4299999999999,1.24935179722989,0.20791586730283992,-0.8383578124212497
52.44,1.25143376966467,0.20847820232050007,-0.8317570879931849
52.45,1.25352135292691,0.20903803251650643,-0.8252370389834265
52.46,1.25561452196011,0.20959535624099357,-0.8187996449488288
52.47,1.25771325169143,0.21015017187040463,-0.8124423437779007
52.48,1.25981751703191,0.2107024778126576,-0.8061648584318681
52.49,1.26192729287686,0.21125227250350562,-0.7999635665136301
52.5,1.26404255410603,0.2117995544041666,-0.7939096699656002
52.51,1.26616327558397,0.21234432182833016,-0.7874936061705746
52.52,1.26828943216029,0.21288657481483195,-0.7816684353092068
52.53,1.27042099869154,0.2134263112987515,-0.7761518340840626
52.54,1.27255794998881,0.21396352825058992,-0.7700941458693642
52.55,1.27470026085628,0.21449822517515815,-0.7643182824493036
52.5599999999999,1.27684790608814,0.21503040087390754,-0.7586454604823945
52.57,1.27900086046516,0.215560053987753,-0.7530307962798465
52.58,1.28115909875498,0.216087183222341,-0.7474853959879781
52.59,1.28332259571247,0.216611787311601,-0.7420085589753259
52.6,1.28549132607994,0.21713386501424442,-0.7365977064669021
52.61,1.28766526458745,0.21765341512040015,-0.7312527958704231
52.62,1.28984438595311,0.21817043645042483,-0.7259798048128889
52.63,1.29202866488338,0.2186849278882556,-0.7203700666625542
52.64,1.29421807607333,0.21919688927990086,-0.7178000190987618
52.65,1.29641259420262,0.21970630860200052,-0.7110456500405564
52.66,1.29861219379344,0.2202131920494288,-0.7038684048986822
52.67,1.30081684961202,0.22071754814273298,-0.7009942675829269
52.6799999999999,1.3030265363026,0.2212193671974098,-0.6957533740765874
52.69,1.30524122849877,0.22171864908793193,-0.6909277293881798
52.7,1.30746090082375,0.2222153927912529,-0.6861447918708559
52.71,1.30968552789067,0.2227095973133216,-0.6814203263232927
52.72,1.31191508430285,0.22320126168082396,-0.6767517790848168
52.73,1.31414954465397,0.2236903849485846,-0.6721381660832887
52.74,1.31638888352845,0.22417696620067318,-0.6675845292470775
52.75,1.31863307550164,0.2246610045455862,-0.6629915918020347
52.76,1.32088209514013,0.22514249942408954,-0.658724206014376
52.77,1.32313591700194,0.2256214485381584,-0.6563295498828243
52.78,1.32539451559996,0.22609784225775162,-0.6500306084462234
52.79,1.3276578653557,0.22657168874000896,-0.6442281843900001
52.8,1.32992594089928,0.22704299438316977,-0.6418087393555874
52.8099999999999,1.3321987167477,0.22751175044966598,-0.6373205706299679
52.82,1.33447616740998,0.22797795702424647,-0.6332012955263769
52.83,1.33675826738734,0.22844161334108493,-0.6291166206434206
52.84,1.33904499117349,0.22890271866133535,-0.6250816908571084
52.85,1.34133631325485,0.22936127226207786,-0.621092925096935
52.86,1.3436322081107,0.2298172734491788,-0.6171504549527916
52.87,1.34593265021357,0.2302707215540027,-0.6132501691439348
52.88,1.34823761402935,0.23072161592541293,-0.6095099470364966
52.89,1.35054707401757,0.2311699555867519,-0.6052224580436304
52.9,1.35286100463165,0.2316157424501623,-0.6008208236104322
52.91,1.35517938036156,0.2320589788340081,-0.5983017459527902
52.92,1.35750217568725,0.23249965844766018,-0.5949706341935266
52.9299999999999,1.35982936500229,0.23293777891233622,-0.5905833670146875
52.94,1.36216092274377,0.2333733432561806,-0.58711816726171
52.95,1.36449682334424,0.23380635064349325,-0.5835545259478871
52.96,1.36683704123211,0.23423680066866348,-0.5800393719733462
52.97,1.36918155083179,0.23466469294183834,-0.5765626190417125
52.98,1.37153032656393,0.23509002710574434,-0.5731254319006105
52.99,1.37388334284578,0.23551280282833228,-0.569727885766647
53.0,1.37624057409134,0.2359330197995872,-0.5663751484963239
53.01,1.37860199471167,0.2363506777362523,-0.5629067429815171
53.02,1.3809675791151,0.2367657768494865,-0.5603712745634817
53.03,1.38333730170751,0.23717831315674953,-0.5572044071140866
53.04,1.38571113683612,0.23758828614225033,-0.5529101959189737
53.05,1.38808905890102,0.23799570102216636,-0.5499171725328397
53.0599999999999,1.39047104232611,0.23840055697858337,-0.547152630582041
53.07,1.39285706150477,0.23880285194533002,-0.5439822519582808
53.08,1.39524709082869,0.23920258600975317,-0.5409229809242677
53.09,1.39764110468822,0.23959975904724873,-0.5378957653068116
53.1,1.40003907747254,0.23999437095209575,-0.5349020712477931
53.11,1.4024409835699,0.240386421644249,-0.5319415503897614
53.12,1.40484679736788,0.24077591106916135,-0.5290144428765803
53.13,1.40725649325363,0.24116283919433473,-0.5261421254957469
53.14,1.40967004561408,0.24154720600924606,-0.5227950543541545
53.15,1.41208742883618,0.24192901310957454,-0.5225607628199049
53.16,1.41450861730717,0.24230824741059237,-0.5190313802872404
53.17,1.4169335852252,0.24268491275459825,-0.5136138609154491
53.1799999999999,1.41936230703697,0.24305902286514786,-0.5123365370692184
53.19,1.42179475714403,0.24343057106516558,-0.5098757791375322
53.2,1.42423090991399,0.24379955570408657,-0.5071630838968529
53.21,1.42667073971354,0.24416597697017134,-0.5045597974608094
53.22,1.42911422090856,0.24452983478349122,-0.5019807937382607
53.23,1.43156132786417,0.2448911290824085,-0.4994460783063446
53.24,1.43401203494501,0.24524985970459934,-0.4972362943195485
53.25,1.43646631651525,0.24560602594524047,-0.4920619815895089
53.26,1.43892414695265,0.2459596414498259,-0.49125199129302677
53.27,1.44138550081186,0.24631069761516894,-0.4909940650380759
53.28,1.44385035234391,0.24665918291817968,-0.4865054221020242
53.29,1.44631867593151,0.24700510768385087,-0.48443619514460434
53.3,1.44879044595967,0.2473484710708333,-0.48204347218643884
53.3099999999999,1.45126563681588,0.2476892733400867,-0.4796913626998038
53.32,1.45374422289037,0.24802751477482715,-0.4773622811705217
53.33,1.4562261785763,0.24836319568292317,-0.4751104678257602
53.34,1.45871147827005,0.24869631620824859,-0.4726641849852227
53.35,1.46120009637137,0.24902687783599314,-0.469823965274728
53.36,1.46369200730594,0.24935488399340788,-0.4682539677887302
53.37,1.4661871855231,0.2496803315664986,-0.4664468073881812
53.38,1.46868560540468,0.25000321875575476,-0.4637335126103819
53.39,1.47118724137331,0.2503235487675892,-0.46165778321855605
53.4,1.47369206785693,0.25064132184466165,-0.4595119527601789
53.41,1.47620005928899,0.2509565385534022,-0.45739278465344835
53.42,1.47871119010876,0.2512691994862556,-0.45531071439130544
53.4299999999999,1.48122543476154,0.25157930526233757,-0.45292041161265945
53.44,1.48374276769898,0.2518868576671755,-0.45236438249889716
53.45,1.48626316337927,0.25219184879832957,-0.45121845203071553
53.46,1.48878659613054,0.2524942746172487,-0.44703983845659784
53.47,1.49131304035822,0.25279414764425856,-0.44497837719337235
53.48,1.49384247057651,0.253091469485676,-0.4440303832736598
53.49,1.49637486122972,0.2533862352639064,-0.44199837103964373
53.5,1.49891018676426,0.25367844578507714,-0.4402058969400941
53.51,1.50144842162855,0.2539681010998348,-0.4383747300566066
53.52,1.50398954027294,0.25425520191284157,-0.43557448511309477
53.53,1.50653351716718,0.254539753930085,-0.4344784320912316
53.54,1.50908032684376,0.25482175369673976,-0.43348332777037824
53.55,1.5116299437235,0.2551011972161658,-0.43100651727633266
53.5599999999999,1.51418234227989,0.25537808868484707,-0.42940559069290535
53.57,1.51673749699028,0.25565242807733535,-0.4276702563527599
53.58,1.51929538233582,0.2559242157834152,-0.4266709552707632
53.59,1.52185597280166,0.25619344975175523,-0.42143996844693815
53.6,1.52441924287692,0.2564601504010648,-0.42041301941710746
53.61,1.52698516734887,0.25672431476041113,-0.42226504136582105
53.62,1.52955372066537,0.2569859237887606,-0.41883733690427466
53.63,1.53212487733801,0.25724498725216427,-0.41686649026590483
53.64,1.53469861193539,0.2575015085742427,-0.4152927127573651
53.65,1.53727489903877,0.25775548866991776,-0.41335301602545915
53.66,1.53985371324254,0.25800692992725693,-0.4128291278006892
53.67,1.54243502915482,0.258255826570325,-0.41299987295828133
53.6799999999999,1.54501882127252,0.2585021699738325,-0.4090079064947421
53.69,1.54760506409017,0.2587459749984996,-0.40651163139742
53.7,1.55019373232848,0.25898724863458644,-0.40657267867805247
53.71,1.55278480060268,0.2592259832667569,-0.4046394837371857
53.72,1.55537824353645,0.2594621814796694,-0.4039009528944386
53.73,1.55797403576192,0.25969583922167416,-0.4046060345297735
53.74,1.56057215182484,0.25992694530567184,-0.40113656829078814
53.75,1.5631725662032,0.2601555123011616,-0.39839789459378294
53.76,1.56577525363001,0.2603815491284171,-0.3986942473579209
53.77,1.56838018872714,0.2606050474040056,-0.3972173562254751
53.78,1.57098734612095,0.2608260081346644,-0.39569441352649604
53.79,1.57359670044224,0.2610444338911666,-0.39279956014257095
53.8,1.57620822637465,0.2612603343891703,-0.39282099352897515
53.8099999999999,1.5788218986898,0.26147370279991555,-0.3927240784697713
53.82,1.58143769197473,0.2616845328377545,-0.3902868896005591
53.83,1.58405558090689,0.261892831670163,-0.38936858214123643
53.84,1.58667554017084,0.2620985987698351,-0.3880399301235905
53.85,1.58929754445826,0.2623018368629104,-0.38339807201150244
53.86,1.59192156853331,0.26250256640992975,-0.38443800531149824
53.87,1.5945475873831,0.2627007752999215,-0.38582333012171
53.88,1.59717557560037,0.2628964491218337,-0.3821899782712988
53.89,1.59980550795875,0.26308960231484213,-0.3813724034655799
53.9,1.60243735924389,0.2632802347714162,-0.38011149718748505
53.91,1.60507110425348,0.26346834765557847,-0.38002069423509194
53.92,1.60770671778564,0.26365393599009174,-0.3782943551037526
53.9299999999999,1.61034417457408,0.26383700436226065,-0.3763392948385207
53.94,1.61298344948988,0.2640175588882576,-0.375981661776832
53.95,1.61562451736393,0.26419559661633085,-0.3747804511912658
53.96,1.61826735303785,0.26437111918366507,-0.3731989519066932
53.97,1.62091193136388,0.26454412920400483,-0.3760864064951187
53.98,1.62355822718744,0.26471460487783965,-0.3732314125043744
53.99,1.62620621505617,0.2648825579556646,-0.3690752697151432
54.0,1.62885586999083,0.2650480082093269,-0.37078286034308006
54.01,1.63150716683632,0.26521094173665993,-0.36942352541440593
54.02,1.63416008044352,0.26537136065108435,-0.36898138784999746
54.03,1.63681458566929,0.2655292638707489,-0.36567718849311814
54.04,1.63947065737646,0.2656846661320008,-0.3657954981460255
54.05,1.64212827063535,0.2658375621838331,-0.3669459941972868
54.0599999999999,1.64478740023616,0.2659879406218313,-0.36447358021932663
54.07,1.64744802108483,0.26613581106643136,-0.36381091700000656
54.08,1.65011010809768,0.2662811735848425,-0.36360568437699886
54.09,1.65277363619954,0.26642402645840985,-0.3595373730583942
54.1,1.65543858032366,0.26656439042149205,-0.35795422973431223
54.11,1.65810491571766,0.26670227072749986,-0.36116054748025955
54.12,1.66077261739206,0.2668376441816611,-0.35976910269185836
54.13,1.66344166025944,0.26697051414374395,-0.35773648852323986
54.14,1.6661120193561,0.2671008893663396,-0.35695763468687913
54.15,1.66878366973273,0.26722877109257026,-0.3567122445391982
54.16,1.67145658645442,0.2673541563575854,-0.35778120355118803
54.17,1.67413074451489,0.2674770354730886,-0.35514094440124144
54.1799999999999,1.67680611885047,0.26759742090658273,-0.353143219456292
54.19,1.67948268464436,0.26771532170625223,-0.35387313371684037
54.2,1.68216041698139,0.2678307306325086,-0.35290870781221834
54.21,1.6848392909575,0.26794364985092134,-0.35163420100121
54.22,1.68751928167969,0.2680540822785053,-0.35516409891152567
54.23,1.69020036424865,0.26816200395741363,-0.35248132726362147
54.24,1.69288251343717,0.2682674280414891,-0.34841779029741815
54.25,1.69556570454245,0.26837037633300664,-0.3507082621032004
54.26,1.69824991266511,0.26847083331640875,-0.349654516946361
54.27,1.70093511291221,0.2685688013289093,-0.3495348739611679
54.28,1.70362128039728,0.2686642793511773,-0.34681919182441445
54.29,1.70630839024034,0.26875728135741794,-0.34623266292384225
54.3,1.70899641776801,0.26884780823382787,-0.3481060489222875
54.3099999999999,1.71168533811516,0.2689358460529164,-0.34684376438782377
54.32,1.71437512640778,0.2690213993285062,-0.34582124097662875
54.33,1.71706575783215,0.26910447214990957,-0.3456825121287602
54.34,1.71975720758451,0.26918506386949814,-0.34396739196334647
54.35,1.72244945087101,0.2692631837204122,-0.34127920480622875
54.36,1.72514246305432,0.2693388456981749,-0.34345390703786427
54.37,1.72783621954418,0.26941203454908064,-0.3441858877996252
54.38,1.73053069548609,0.26948274331274524,-0.34187007723460605
54.39,1.73322586617928,0.2695509838895068,-0.341583310287307
54.4,1.73592170693759,0.2696167570274059,-0.3406788586943042
54.41,1.73861819308944,0.2696800643388268,-0.34544350755018677
54.42,1.74131529992408,0.26974087571017086,-0.3420774612879027
54.4299999999999,1.74401300235054,0.26979921011151176,-0.3374858921570284
54.44,1.74671127594117,0.2698550944290834,-0.3407720837875267
54.45,1.74941009601278,0.26990850864524835,-0.3398344258203883
54.46,1.75210943789051,0.2699594557929212,-0.3391131850160336
54.47,1.75480927690783,0.27000793825734026,-0.340843800149891
54.48,1.75750958840642,0.27005394416223705,-0.340221058878337
54.49,1.76021034754918,0.2700974761706702,-0.33782754750079885
54.5,1.76291152972184,0.2701385478494134,-0.3385006294906773
54.51,1.76561311029071,0.2701771546838372,-0.3384303198720983
54.52,1.76831506459673,0.2702132956255802,-0.33845176999740395
54.53,1.77101736798624,0.27024697013174526,-0.3367960214919984
54.54,1.77371999581101,0.2702781882999957,-0.3349094845788997
54.55,1.77642292358914,0.2703069606568317,-0.33731037888730253
54.5599999999999,1.77912612682393,0.27033327175450816,-0.3378553927040208
54.57,1.78182958081078,0.27035711700241033,-0.3361399887037379
54.58,1.78453326097359,0.2703785061229943,-0.3361722815908743
54.59,1.78723714274613,0.27039743906574676,-0.33594354519562697
54.6,1.78994120157197,0.2704139169286727,-0.33538999442191186
54.61,1.79264541290993,0.2704279427599118,-0.3354014600179416
54.62,1.79534975225255,0.270439516252996,-0.3354746040718562
54.63,1.79805419505958,0.2704486367647493,-0.3350493080417041
54.64,1.80075871681881,0.27045530671390894,-0.3349592171674211
54.65,1.80346329302824,0.2704595269770886,-0.3338801737130034
54.66,1.80616789919616,0.2704613022040966,-0.33860633050114414
54.67,1.80887251084113,0.27046060360890006,-0.3373535705151177
54.6799999999999,1.81157710305744,0.27045743911334,-0.33260790853436123
54.69,1.81428165148541,0.2704518381569987,-0.3351219300580477
54.7,1.8169861316568,0.2704437871287435,-0.3352739384639386
54.71,1.81969051905717,0.27043328443791537,-0.3350321576355167
54.72,1.82239478917607,0.27042033150308326,-0.33571700053431275
54.73,1.82509891750702,0.27040492429599533,-0.33629666583652557
54.74,1.82780287947523,0.27038705985032996,-0.3352322603188412
54.75,1.83050665053493,0.2703667452695069,-0.3350912375406961
54.76,1.83321020621731,0.27034398231867524,-0.33569797379730776
54.77,1.83591352201132,0.27031876800217386,-0.3357519520116109
54.78,1.83861657340811,0.2702911026039904,-0.33576863993627676
54.79,1.84131933590107,0.2702609875950909,-0.33416216865882686
54.8,1.84402178502283,0.27022843351783843,-0.33545082978617036
54.8099999999999,1.84672389641767,0.2701934334466675,-0.3368508932776832
54.82,1.84942564551877,0.27015597967991656,-0.33572345485754684
54.83,1.85212700785499,0.2701160797886645,-0.3360624079594177
54.84,1.8548279589598,0.27007373347483676,-0.3358564292318574
54.85,1.85752847437127,0.2700289424947433,-0.3377804945725774
54.86,1.86022852963203,0.2699816965124169,-0.337394202080513
54.87,1.86292810013346,0.269931999315165,-0.33596065711235373
54.88,1.86562716147583,0.26987986118024077,-0.3372032374881356
54.89,1.86832568920385,0.26982527659701144,-0.33741504407107636
54.9,1.87102365885352,0.2697682456454113,-0.3369888144083019
54.91,1.87372104596334,0.2697087712680032,-0.34028127532948926
54.92,1.8764178260743,0.2696468341318259,-0.3422959895989037
54.9299999999999,1.87911397441793,0.2695824240621684,-0.3381243901631556
54.94,1.88180946639442,0.26951556842316576,-0.3381851841927581
54.95,1.88450427763684,0.2694462698969206,-0.3404287731104764
54.96,1.8871983836148,0.26937451677908253,-0.3404914559152506
54.97,1.88989175979334,0.2693003099167461,-0.3409075533057664
54.98,1.89258438163293,0.26922364895440865,-0.3412488280015783
54.99,1.89527622459187,0.26914453392866505,-0.3417467777283168
55.0,1.89796726412851,0.26906296400542506,-0.34225298434682067
55.01,1.90065747568654,0.2689789383649314,-0.34265069141861054
55.02,1.90334683470964,0.2688924569109241,-0.3431516830287764
55.03,1.90603531663712,0.26880351916582224,-0.3431640161806942
55.04,1.90872289690384,0.26871212650933324,-0.3462147334340237
55.05,1.91140955094024,0.26861826320066506,-0.34575762704477286
55.0599999999999,1.91409525395348,0.26852193465333374,-0.34408147831400665
55.07,1.91677998145016,0.2684231537748438,-0.34628122845893056
55.08,1.9194637088248,0.26832191076824147,-0.346704917842279
55.09,1.92214641145782,0.2682182053924879,-0.34684556850694814
55.1,1.92482806472257,0.26811203881608553,-0.3495545686887098
55.11,1.92750864398522,0.2680033968226655,-0.35175925962753113
55.12,1.93018812438607,0.2678922694156575,-0.3490781843536275
55.13,1.9328664811471,0.2677786759348433,-0.3492887003466031
55.14,1.93554368968773,0.26766261908992006,-0.35158701998084413
55.15,1.93821972528632,0.26754408839774757,-0.3519739836898754
55.16,1.94089456320904,0.2674230841359204,-0.3525994901220322
55.17,1.94356817870985,0.2672996043857475,-0.3572293146121739
55.1799999999999,1.94624054697966,0.2671736251590784,-0.35574067705382934
55.19,1.94891164292499,0.2670451589125859,-0.35355724998978416
55.2,1.95158144191107,0.26691422257608866,-0.3571698927955942
55.21,1.95424991909162,0.26678079914966846,-0.35764775983573205
55.22,1.95691704960357,0.26664488857448915,-0.35797545056784463
55.23,1.95958280856703,0.2665064915011691,-0.3619852320561335
55.24,1.96224717108541,0.26636558757275886,-0.36286909887050406
55.25,1.9649101119662,0.26622217557167316,-0.36045657272321413
55.26,1.9675716062882,0.2660762739612429,-0.3625928542183519
55.27,1.97023162912075,0.2659278750469082,-0.3642368507140722
55.28,1.97289015544646,0.26577697278382295,-0.36485993030932734
55.29,1.97554716022665,0.26562356686491617,-0.36701122472667386
55.3,1.97820261840134,0.26546764731426403,-0.3715628209752718
55.3099999999999,1.980856504736,0.2653091918788412,-0.3693041168752729
55.32,1.98350879384355,0.26514821844881853,-0.368187321199828
55.33,1.98615946073887,0.264984738762251,-0.37210823478092003
55.34,1.98880848021044,0.26481873490850816,-0.37294942348301646
55.35,1.99145582701965,0.264650205837332,-0.37297172584511684
55.36,1.99410147590077,0.2644791535674059,-0.3810602561514732
55.37,1.99674540156103,0.2643055357009205,-0.37972125021254916
55.38,1.99938757811339,0.26412936507817325,-0.37520161619014236
55.39,2.0020279804365,0.26395067341705714,-0.38102320972124126
55.4,2.00466658309515,0.2637694334493272,-0.38197325163987583
55.41,2.00730336060506,0.2635856432279186,-0.3827300189222906
55.42,2.00993828744795,0.2633993022144436,-0.38747477419950527
55.4299999999999,2.01257133807155,0.2632103866765971,-0.39131447645404077
55.44,2.01520248656134,0.26301887991165473,-0.3877471158029367
55.45,2.01783170711099,0.2628248083249981,-0.3886921387344694
55.46,2.02045897417407,0.26262817311960196,-0.3927054685471529
55.47,2.02308426197439,0.26242895664758314,-0.3938438962136331
55.48,2.02570754469419,0.26222715696266885,-0.3953152376272637
55.49,2.02832879647424,0.2620227689674996,-0.4030419697900968
55.5,2.03094799133735,0.2618157539824084,-0.40186521620389404
55.51,2.03356510284357,0.261606124664826,-0.3991482226986332
55.52,2.03618010517094,0.26139390302776233,-0.4050050245225641
55.53,2.03879297218318,0.26117906293002074,-0.40570126073750284
55.54,2.0414036776909,0.26096160370473465,-0.4111927192447886
55.55,2.04401219545165,0.26074149998016605,-0.41267653011619904
55.5599999999999,2.04661849887413,0.2605187495150818,-0.41158727706411435
55.57,2.0492225616514,0.2602933649927438,-0.4154497687246117
55.58,2.05182435734709,0.2600653318222494,-0.4172797103973759
55.59,2.0544238594362,0.2598346446295863,-0.421503117860554
55.6,2.05702104133386,0.25960128506250146,-0.42532220921265756
55.61,2.05961587619001,0.2593652382145817,-0.4247104245014033
55.62,2.06220833717007,0.2591265144678334,-0.42668173712617713
55.63,2.06479839754013,0.25888511035207695,-0.4301379656837242
55.64,2.06738603039868,0.25864101299893916,-0.43304419825006824
55.65,2.06997120877664,0.25839421068575286,-0.44028356284880277
55.66,2.07255390550228,0.2581446699981468,-0.4396096226467564
55.67,2.07513409308664,0.2578924021259329,-0.4389512461700218
55.6799999999999,2.0777117444789,0.2576374187886625,-0.4449035708432033
55.69,2.08028683233449,0.2573796953413051,-0.44586439311636794
55.7,2.08285932923044,0.25711923016860466,-0.45603197499766707
55.71,2.085429207658,0.25685597441976,-0.4562501723404504
55.72,2.08799643944675,0.2565899347409177,-0.4532192012308392
55.73,2.0905609971346,0.2563211362504962,-0.46093367117109024
55.74,2.09312285287433,0.25604954607239366,-0.4623894286398341
55.75,2.09568197872858,0.25577516097401076,-0.4700606258557326
55.76,2.0982383466699,0.2554979460189307,-0.47414323859602026
55.77,2.10079192818228,0.2552178871091382,-0.47237563537379684
55.78,2.10334269498166,0.25493500273417646,-0.4767441439984028
55.79,2.10589061876956,0.2546492788657706,-0.48092554747929306
55.8,2.10843567104004,0.25436070011858325,-0.4857871599256776
55.8099999999999,2.11097782318543,0.25406924649374146,-0.4933376818544884
55.82,2.11351704629439,0.25377488554317135,-0.4937782569949966
55.83,2.11605331122511,0.2534776238443337,-0.49550592445320946
55.84,2.1185865890923,0.2531774617010041,-0.5021543907327998
55.85,2.12111685070739,0.25287437263809,-0.5057165491273006
55.86,2.12364406674851,0.25256834530723216,-0.5109092006431896
55.87,2.12616820775822,0.2522593608556038,-0.5153511476243511
55.88,2.12868924406207,0.25194740472492816,-0.5188778814808209
55.89,2.1312071459132,0.25163246751466195,-0.5237271602921458
55.9,2.13372188342136,0.25131453308308016,-0.5285232991065609
55.91,2.13623342653078,0.2509935854279166,-0.5331250756372269
55.92,2.13874174503274,0.2506696093855306,-0.5391974171009696
55.9299999999999,2.14124680855289,0.25034258262716846,-0.5436609239073442
55.94,2.14374858647198,0.25001249163605355,-0.5478020066563293
55.95,2.14624704812944,0.24967932488167607,-0.5537636358884854
55.96,2.14874216264881,0.24934306154567043,-0.558887927722196
55.97,2.15123389898173,0.24900368488033714,-0.5645181798807427
55.98,2.15372222590482,0.2486611758668341,-0.5704621921605244
55.99,2.15620711199188,0.24831551422058729,-0.5756764971705317
56.0,2.15868852562599,0.24796668376209086,-0.5812083451015712
56.01,2.16116643504462,0.24761466695490214,-0.5873905058170025
56.02,2.16364080827529,0.24725944310118136,-0.5931643787275236
56.03,2.16611161315169,0.24690099340951938,-0.6001506937410567
56.04,2.16857881731041,0.24653929330938906,-0.6064319783662774
56.05,2.17104238811644,0.24617432228814334,-0.6119708955939762
56.0599999999999,2.17350229279616,0.2458060639977666,-0.6188148851151846
56.07,2.17595849836311,0.24543449576933662,-0.6255652711883375
56.08,2.17841097160404,0.24505959538084396,-0.6322249343920111
56.09,2.18085967908716,0.24468134087250276,-0.6407756894280017
56.1,2.18330458714286,0.24429970144199306,-0.6471854943311953
56.11,2.18574566176897,0.24391465762899633,-0.6532342451112535
56.12,2.18818286888548,0.2435261922090833,-0.66168621134823
56.13,2.19061617411264,0.243134276201847,-0.6689917974737934
56.14,2.19304554282713,0.24273888597298177,-0.6772303895772236
56.15,2.19547094015795,0.24233999366450507,-0.6859466102780697
56.16,2.1978923309312,0.24193756964993782,-0.6931586675115299
56.17,2.20030967970546,0.24153159231272703,-0.7010276738522377
56.1799999999999,2.20272295084922,0.24112203720889624,-0.7100580319454588
56.19,2.20513210842458,0.24070887435919675,-0.7183570532352376
56.2,2.20753711621909,0.2402920771428489,-0.7283350851009563
56.21,2.20993793774132,0.23987161139222465,-0.7372453133570468
56.22,2.212334536126,0.23944744880656973,-0.745294715048804
56.23,2.21472687431279,0.2390195658196796,-0.7551836675328901
56.24,2.21711491493406,0.23858793032633202,-0.7648819756966245
56.25,2.21949862030744,0.23815251124224743,-0.7742947728881447
56.26,2.22187795244404,0.23771327885309484,-0.7858827327833325
56.27,2.22425287304356,0.2372701934355866,-0.7964328014524019
56.28,2.22662334336065,0.23682322119451538,-0.805039303393996
56.29,2.22898932442805,0.2363723384002296,-0.8160438707144156
56.3,2.23135077697662,0.23591751034214664,-0.8274045541886507
56.3099999999999,2.23370766136329,0.23545870059433022,-0.8380882767855574
56.32,2.23605993760151,0.23499587593527327,-0.8509864122634692
56.33,2.23840756535585,0.23452899307018216,-0.8636268191422372
56.34,2.24075050380487,0.23405801105474966,-0.8733588498305035
56.35,2.24308871182175,0.23358290360282846,-0.8853044750791365
56.36,2.24542214800214,0.23310363461332234,-0.8986297785121227
56.37,2.24775077050167,0.23262016151425574,-0.9109103122352653
56.38,2.25007453709063,0.23213244669951413,-0.9247590117881577
56.39,2.25239340514796,0.2316404457545107,-0.9393202883315274
56.4,2.25470733156852,0.23114411204890883,-0.9511652681801349
56.41,2.25701627283425,0.23064341254375176,-0.9643098594534207
56.42,2.25932018513508,0.23013830888857595,-0.9794548099873017
56.4299999999999,2.26161902417519,0.22962875376933978,-0.9935363321943422
56.44,2.26391274522941,0.22911470492718022,-1.008734155300159
56.45,2.26620130313657,0.2285961154979884,-1.0253752290069535
56.46,2.26848465223486,0.22807293315649052,-1.0393357195246267
56.47,2.27076274635903,0.22754511887866186,-1.053985413806822
56.48,2.27303553903031,0.2270126313164959,-1.0711659666230025
56.49,2.27530298323473,0.22647541812916838,-1.0871981021472357
56.5,2.27756503148248,0.22593343238248947,-1.1041247372006733
56.51,2.27982163580089,0.2253866234014283,-1.1239150761646854
56.52,2.28207274767369,0.2248349290575824,-1.139611163294875
56.53,2.28431831795624,0.22427830692206183,-1.1554629324465844
56.54,2.28655829723837,0.22371671484194833,-1.1755389094629034
56.55,2.28879263548768,0.2231500924172014,-1.1937941773613177
56.5599999999999,2.29102128214418,0.22257838748358147,-1.2126501903840787
56.57,2.29324418611266,0.2220015461200579,-1.233712481020522
56.58,2.29546129574018,0.22141950576916777,-1.2529386613738034
56.59,2.29767255872127,0.22083221315527535,-1.2719383290678692
56.6,2.29987792232076,0.2202396170631708,-1.2935670017985748
56.61,2.30207733317867,0.21964165565565574,-1.314589814825105
56.62,2.3042707373518,0.21903827007424548,-1.3368648024104532
56.63,2.30645808029091,0.21842939738409378,-1.3586628291832135
56.64,2.30863930680977,0.2178149778234939,-1.3807536598558168
56.65,2.31081436115634,0.2171949514798414,-1.4040922318791529
56.66,2.31298318693642,0.21656925416474831,-1.4272887555198832
56.67,2.31514572712653,0.21593782321305266,-1.4512898069142564
56.6799999999999,2.31730192407152,0.2153005936972467,-1.4758213911137028
56.69,2.31945171945157,0.21465749953866928,-1.500593931186354
56.7,2.32159505429307,0.21400847480757362,-1.5259816187529691
56.71,2.32373186895429,0.2133534521980951,-1.551854182620888
56.72,2.32586210311637,0.21269236354033438,-1.578213790417968
56.73,2.3279856957742,0.21202513982950072,-1.6051367146756308
56.74,2.33010258522751,0.2113517108213503,-1.6330006231654708
56.75,2.33221270906387,0.21067200365623892,-1.6608425282266457
56.76,2.33431600413517,0.20998594693800351,-1.6891007119545232
56.77,2.33641240659673,0.20929346888485245,-1.7184397450266118
56.78,2.33850185185783,0.20859449448621764,-1.7483039494752417
56.79,2.34058427457897,0.20788894785676768,-1.7784851398452632
56.8,2.34265960865474,0.20717675328356297,-1.8091905437866664
56.8099999999999,2.3447277872292,0.20645783432857723,-1.8407192023882888
56.82,2.34678874266564,0.20573211267526464,-1.8724509783385315
56.83,2.34884240654674,0.20499951055782026,-1.9051288375177409
56.84,2.35088870967403,0.204259947812487,-1.9385018816240702
56.85,2.35292758202938,0.20351334293791473,-1.9721354682630137
56.86,2.35495895278926,0.20275961503083048,-2.0061112900956464
56.87,2.35698275031603,0.20199868335633403,-2.041223494154098
56.88,2.35899890216353,0.2012304640483113,-2.0770978518326673
56.89,2.36100733502078,0.20045487173650697,-2.1130569030853783
56.9,2.36300797474146,0.19967182244393275,-2.1494842851519986
56.91,2.36500074633109,0.19888123198243218,-2.1870236505028045
56.92,2.36698557395274,0.1980830132258545,-2.2253477139366633
56.9299999999999,2.36896238087313,0.1972770775614789,-2.2637672738901515
56.94,2.37093108949068,0.19646333785799572,-2.302410182007578
56.95,2.37289162132723,0.19564170778842244,-2.3425037297390423
56.96,2.37484389704258,0.1948120968033836,-2.3834447278462054
56.97,2.37678783635372,0.19397441264408605,-2.424349569920844
56.98,2.37872335808619,0.1931285653105149,-2.4647445238091144
56.99,2.38065038015882,0.19227446854881425,-2.5073333307505825
57.0,2.38256881964612,0.19141202892192974,-2.5511699005452098
57.01,2.3844785926073,0.19054114965650165,-2.594338771015878
57.02,2.3863796142034,0.18966173891605081,-2.636375640936906
57.03,2.38827179865828,0.18877371118493452,-2.6812231989990636
57.04,2.39015505938403,0.1878769712496675,-2.7279015214774174
57.05,2.39202930871015,0.18697141827849947,-2.772879706247769
57.0599999999999,2.3938944580684,0.18605696030461102,-2.817152903579774
57.07,2.39575041793982,0.18513351032283984,-2.8635074229597017
57.08,2.39759709798484,0.18420097435298452,-2.912341941809295
57.09,2.39943440680293,0.1832592502037711,-2.9596592879659616
57.1,2.40126225205092,0.18230824367619913,-3.0056727093882905
57.11,2.40308054044401,0.1813478680020464,-3.053083025997872
57.12,2.40488917787234,0.1803780321288288,-3.1037164824322785
57.13,2.40668806921404,0.17939863369782855,-3.1532156902130573
57.14,2.4084771183557,0.17840957664865265,-3.200572780106322
57.15,2.41025622826715,0.17741077575333203,-3.2483366267662888
57.16,2.41202530109938,0.1764021453472579,-3.3003569144644804
57.17,2.41378423807308,0.1753835841336963,-3.351763736126435
57.1799999999999,2.41553293936147,0.17435499476965433,-3.4000482913121353
57.19,2.41727130426783,0.17331629469791537,-3.447459881090602
57.2,2.41899923128502,0.17226740594074771,-3.500156119069183
57.21,2.42071661809773,0.1712082304594187,-3.5530906254381542
57.22,2.42242336128778,0.17013867045341247,-3.6017611124688864
57.23,2.42411935663478,0.1690586475010599,-3.64787972792483
57.24,2.42580449912701,0.16796809438857457,-3.700509457816346
57.25,2.42747868311144,0.1668669184883398,-3.754484711561527
57.26,2.42914180177443,0.16575502256392557,-3.802830656902803
57.27,2.43079374759554,0.16463233423125168,-3.846850925598757
57.28,2.43243441229214,0.16349879949631996,-3.898462218709577
57.29,2.43406368714537,0.16235433398866056,-3.9527346067600595
57.3,2.43568146223351,0.16119884288090155,-4.000329686857069
57.3099999999999,2.43728762704786,0.16003226103535145,-4.039342467880514
57.32,2.43888207036635,0.15885455855075836,-4.089970017628188
57.33,2.44046468088385,0.15766565801175192,-4.14563837611138
57.34,2.44203534589534,0.15646546157539837,-4.18813844847364
57.35,2.44359395231837,0.1552539249538354,-4.232047437373304
57.36,2.44514038645346,0.1540310037049279,-4.269158159647312
57.37,2.44667453435435,0.15279667799923402,-4.320662022276167
57.38,2.44819628173859,0.15155086880710433,-4.369347175846994
57.39,2.4497055132395,0.15029350694949856,-4.410751510483733
57.4,2.45120211327781,0.14902455832908057,-4.438716423089596
57.41,2.45268596583417,0.14774404543672626,-4.480345118928376
57.42,2.45415695549646,0.14645193126457956,-4.533247319481895
57.4299999999999,2.45561496553629,0.14514813052439365,-4.566495412988878
57.44,2.45705987914302,0.14383263899732474,-4.602242794701027
57.45,2.45849157934372,0.14250545036417206,-4.625071434142168
57.46,2.45990994927622,0.14116660936631664,-4.667074679992956
57.47,2.46131487255819,0.13981607717501454,-4.709654194212897
57.48,2.46270623173482,0.1384538101978213,-4.736754742688493
57.49,2.46408390975152,0.13707983515450403,-4.757250331472417
57.5,2.46544778959912,0.13569421217060063,-4.783002396777413
57.51,2.46679775525405,0.13429697421789566,-4.822488136502013
57.52,2.46813369029459,0.13288809202625468,-4.847153440132221
57.53,2.46945547840913,0.1314676003840054,-4.870371367991818
57.54,2.47076300379661,0.13003554934216308,-4.878111697786485
57.55,2.47205615122413,0.12859205760134737,-4.905472317032125
57.5599999999999,2.47333480689353,0.12713715185375118,-4.937070628492502
57.57,2.47459885627233,0.12567083736950702,-4.94853740867745
57.58,2.47584818595976,0.12419321537583776,-4.959025032987475
57.59,2.47708268326963,0.1227044001249844,-4.967280460125044
57.6,2.47830223702683,0.12120451278160305,-4.990743067500311
57.61,2.47950673679389,0.11969360080384961,-5.00474747987378
57.62,2.48069607262005,0.1181717559950779,-5.013732231639501
57.63,2.48187013591893,0.11663910395866006,-5.008201233342325
57.64,2.48302881930774,0.11509584467617555,-5.01966068826689
57.65,2.48417201782037,0.11354209147952747,-5.037577257935951
57.66,2.48529962647043,0.11197792502906831,-5.034798685236016
57.67,2.48641154224291,0.11040353437422232,-5.036190589780819
57.6799999999999,2.48750766368457,0.10881909836499468,-5.031170644589394
57.69,2.48858789140858,0.10722482868392355,-5.037832049636634
57.7,2.48965212799199,0.10562087662283615,-5.041084483669149
57.71,2.4907002772602,0.10400741341917152,-5.037101303603234
57.72,2.49173224530279,0.1023846579066549,-5.027678242301203
57.73,2.49274794028468,0.10075286629284512,-5.0247504572171975
57.74,2.49374727323903,0.09911226025323498,-5.026656649898817
57.75,2.49473015679498,0.0974630378337634,-5.018179480712613
57.76,2.4956965061548,0.09580546188875383,-5.0117000447708016
57.77,2.49664623907079,0.09413979431351546,-5.001870512917991
57.78,2.49757927601886,0.09246632203941951,-4.996344749395101
57.79,2.49849554038984,0.09078531193848309,-4.990622945970732
57.8,2.49939495806247,0.08909703871457324,-4.9806068151608445
57.8099999999999,2.50027745798705,0.0874018117967501,-4.972386148891567
57.82,2.50114297215079,0.08569993891497744,-4.96365940138118
57.83,2.50199143568079,0.0839917389909887,-4.954832835543307
57.84,2.50282278694259,0.082277540959567,-4.945826661971929
57.85,2.50363696764253,0.08055768462709538,-4.936885815757945
57.86,2.50443392292956,0.0788325178386636,-4.931915072663649
57.87,2.5052136014213,0.07710237170492167,-4.92214986454399
57.88,2.50597595503211,0.07536762327418808,-4.911536277993706
57.89,2.50672093985834,0.07362866860181802,-4.905091247739115
57.9,2.50744851563298,0.07188588415490231,-4.901544455032299
57.91,2.50815864599604,0.07013963343650195,-4.898147838482967
57.92,2.50885129803512,0.0683902941977621,-4.8880631903465135
57.9299999999999,2.50952644306308,0.06663831160181137,-4.882735866358836
57.94,2.51018405686557,0.06488411035972716,-4.879447109154305
57.95,2.51082411924742,0.06312810788892861,-4.884296890370314
57.96,2.51144661426667,0.06137066831942336,-4.881848546172455
57.97,2.51205152932521,0.059612236122286166,-4.875966435287347
57.98,2.51263885728956,0.057853303313248894,-4.881274485923327
57.99,2.51320859509587,0.056094282062561326,-4.887966029252698
58.0,2.51376074403436,0.05433558472659102,-4.8912294816559525
58.01,2.5142953094361,0.05257767812358871,-4.8941627278378315
58.02,2.51481230184421,0.05082105264089254,-4.905348504237973
58.03,2.51531173619984,0.04906613994665188,-4.918047095760963
58.04,2.51579363182737,0.04731337566625064,-4.928065777179717
58.05,2.51625801250778,0.04556324880741943,-4.9395076511096025
58.0599999999999,2.51670490722778,0.04381625784110055,-4.960065158313252
58.07,2.51713434954623,0.04207282845207402,-4.980712943426866
58.08,2.51754637719404,0.04033341031692099,-4.998611214958286
58.09,2.51794103282361,0.038598515876438665,-5.020526199089326
58.1,2.51831836420879,0.036868641483237916,-5.052625621379474
58.11,2.51867842375906,0.03514419103973025,-5.082099900748587
58.12,2.51902126769965,0.03342563433895348,-5.110087343321473
58.13,2.51934695782572,0.03171349937991878,-5.145864194635601
58.14,2.5196555606214,0.03000825286664973,-5.189169888496099
58.15,2.51994714720747,0.028310293755247816,-5.230027049570129
58.16,2.52022179240965,0.026620103615841256,-5.2715084059760775
58.17,2.52047957688109,0.024938205281403263,-5.322721305848974
58.1799999999999,2.52072058557646,0.023265028574837032,-5.378331181438333
58.19,2.52094490790818,0.021600980113141897,-5.433955247287599
58.2,2.52115263719739,0.019946534796259446,-5.492316599447942
58.21,2.52134387223495,0.01830219024706962,-5.559841234222819
58.22,2.52151871601507,0.01666835044976297,-5.631307804695145
58.23,2.52167727561997,0.015045415731251843,-5.7045722226866316
58.24,2.52181966222358,0.013433849599753245,-5.782701776830471
58.25,2.52194599201528,0.011834116007003459,-5.869384811579197
58.26,2.52205638522558,0.010246584824106602,-5.960076295602443
58.27,2.52215096571513,0.008671648188263159,-6.054703550144589
58.28,2.52222986164349,0.007109751601005096,-6.156098166570823
58.29,2.52229320557597,0.005561314232468048,-6.265161738390137
58.3,2.52234113392018,0.0040266691875808416,-6.379471351149317
58.3099999999999,2.52237378622075,0.0025061979076923535,-6.5000496782774135
58.32,2.52239130649922,0.0010003204572598772,-6.628646643174493
58.33,2.52239384245937,-0.0004906007886829045,-6.764253984646204
58.34,2.52238154537427,-0.0019662609932506276,-6.90773038789876
58.35,2.52235456931579,-0.0034263007551678846,-7.0597971470442795
58.36,2.52231307266977,-0.004870337635672536,-7.219978264426613
58.37,2.52225721691399,-0.006298066062900473,-7.388268924590831
58.38,2.52218716667615,-0.007709200533689842,-7.567209163907517
58.39,2.52210308929438,-0.009103418024902776,-7.756904941222019
58.4,2.52200515577693,-0.010480388410990157,-7.9548339897827764
58.41,2.52189353988322,-0.011839850012670036,-8.163141384411619
58.42,2.52176841799619,-0.013181549099387329,-8.385107474150443
58.4299999999999,2.52162996904998,-0.014505201990907176,-8.61955242947175
58.44,2.52147837500294,-0.01581053384094681,-8.863224366894437
58.45,2.52131382017613,-0.01709732469301247,-9.121003980201971
58.46,2.5211364910663,-0.01836534943508254,-9.39468889425002
58.47,2.52094657652002,-0.01961437150023541,-9.682450228862171
58.48,2.52074426768627,-0.02084417315782646,-9.981436211488482
58.49,2.52052975771592,-0.022054577672344276,-10.29867601672626
58.5,2.52030324141244,-0.023245398564434677,-10.635032747491527
58.51,2.52006491565006,-0.024416443560593137,-10.98608102588756
58.52,2.51981497898712,-0.02556755089089628,-11.351735542789443
58.53,2.51955363154063,-0.026698586427072644,-11.740075534055373
58.54,2.51928107464391,-0.02780940569093726,-12.150235961812356
58.55,2.51899751127563,-0.02889986593523538,-12.575854796871198
58.5599999999999,2.51870314555003,-0.029969857632009916,-13.024819789049632
58.57,2.51839818270182,-0.031019273808593116,-13.495426571908004
58.58,2.51808282896927,-0.03204801947359245,-13.988735120410105
58.59,2.51775729148658,-0.03305601097857158,-14.50531949370961
58.6,2.51742177816494,-0.03404317628200223,-15.046983546428432
58.61,2.51707649758461,-0.03500945227217593,-15.612473314284458
58.62,2.51672165890735,-0.03595478988548025,-16.2025785983149
58.63,2.51635747169852,-0.036879152888750585,-16.819705643022566
58.64,2.51598414586248,-0.03778251209390164,-17.47270323529362
58.65,2.5156018915723,-0.0386648320443291,-18.141695307521758
58.66,2.51521091934886,-0.039526111057589894,-18.832748385283445
58.67,2.51481143943488,-0.04036636613489557,-19.564074142612537
58.6799999999999,2.51440366209003,-0.04118560098541243,-20.327041867145102
58.69,2.51398779743785,-0.04198382489984202,-21.105136662506276
58.7,2.51356405549087,-0.04276107674381728,-21.903957171331985
58.71,2.51313264562958,-0.04351741202190211,-22.7452249558705
58.72,2.51269377683313,-0.04425287257017556,-23.626843613964756
58.73,2.51224765761856,-0.044967495140901814,-24.503470534507738
58.74,2.51179449611113,-0.0456613609342534,-25.392205560307247
58.75,2.51133449927049,-0.0463345688362482,-26.337772420852723
58.76,2.51086787336068,-0.046987188401659274,-27.314441854259304
58.77,2.51039482387531,-0.04761928994041857,-28.26631448742834
58.78,2.50991555555789,-0.048230990520514716,-29.2194627839752
58.79,2.50943027164102,-0.04882242228382665,-30.234692052008764
58.8,2.50893917434882,-0.0493936824903433,-31.269143875592384
58.8099999999999,2.50844246487681,-0.04994487043182468,-32.24700453818473
58.82,2.50794034334305,-0.050476135844838385,-33.21062825807166
58.83,2.50743300804668,-0.05098764008285572,-34.241658273188705
58.84,2.50692065600916,-0.05147950312266447,-35.26999911132225
58.85,2.50640348301563,-0.05195184982217382,-36.20025602062931
58.86,2.50588168346937,-0.05240485848942249,-37.09967549123419
58.87,2.50535544970702,-0.05283871412857799,-38.06722499516526
58.88,2.50482497255901,-0.05325355667816778,-38.997034932437245
58.89,2.50429044142818,-0.053649536248334684,-39.791660886747096
58.9,2.50375204404003,-0.054026853669838136,-40.539920462068686
58.91,2.50320996590498,-0.05438571145340114,-41.35122823588639
58.92,2.50266439081379,-0.05472626660452118,-42.09047879281113
58.9299999999999,2.50211550099267,-0.05504868941541563,-42.65510851307162
58.94,2.50156347673409,-0.05535320004358413,-43.166876558288656
58.95,2.50100849599723,-0.05564001443909191,-43.73782496031091
58.96,2.5004507348555,-0.05590930352293855,-44.201225891104656
58.97,2.49989036769664,-0.05616125579257873,-44.46896990756036
58.98,2.49932756675212,-0.05639610539280859,-44.68648220612876
58.99,2.4987625018653,-0.05661407742708254,-44.96681667184182
59.0,2.49819534085192,-0.0568153522988298,-45.115211007550926
59.01,2.49762624978629,-0.057000131439518174,-45.05370254378404
59.02,2.4970553923959,-0.05716866063910272,-44.96662805160905
59.03,2.49648292998988,-0.05732116979748255,-44.93959548707469
59.04,2.49590902175733,-0.057457848787512145,-44.76838201159209
59.05,2.49533382505343,-0.0575789113438215,-44.4115154762668
59.0599999999999,2.4947574947588,-0.05768460764741616,-44.04747303182845
59.07,2.4941801833629,-0.057775170161326425,-43.765224736247205
59.08,2.49360204115078,-0.05785079057240387,-43.33131861009405
59.09,2.49302321660863,-0.05791168919685082,-42.72018906072032
59.1,2.49244385559333,-0.057958123190771094,-42.1572319165131
59.11,2.49186410160692,-0.05799032239991453,-41.654779152060115
59.12,2.49128409591999,-0.05800848666448477,-41.04712743792841
59.13,2.4907039779099,-0.05801283585615084,-40.28985081566342
59.14,2.49012388441691,-0.05800362347085549,-39.58118945046518
59.15,2.48954394988502,-0.05798108131461015,-38.943477823126244
59.16,2.48896430653745,-0.05794541331658465,-38.23676792417896
59.17,2.48838508463197,-0.05789683770234255,-37.41343484579751
59.1799999999999,2.4878064119905,-0.05783560195599484,-36.633372711799296
59.19,2.4872284140337,-0.05776193770207587,-35.94300146774892
59.2,2.48665121398601,-0.05767604732533534,-35.21221331020645
59.21,2.4860749331203,-0.05757814332123153,-34.376467412351474
59.22,2.48549969036234,-0.05746846828343921,-33.59399985041002
59.23,2.48492560224289,-0.05734724977782084,-32.888585333107834
59.24,2.48435278316074,-0.057214692297739386,-32.16231721158988
59.25,2.48378134548084,-0.05707100739794265,-31.383146911939996
59.26,2.48321139934167,-0.056916424820167386,-30.633605386938918
59.27,2.48264305257808,-0.05675116739747299,-29.972315200317524
59.28,2.48207641091708,-0.05657543282424626,-29.316866086236786
59.29,2.48151157817182,-0.05638941990877555,-28.58512661107384
59.3,2.4809486560305,-0.056193354685081985,-27.897417081971597
59.3099999999999,2.48038774387449,-0.055987453554225595,-27.292051007511997
59.32,2.47982893910065,-0.05577190977365347,-26.685528263268957
59.33,2.47927233715953,-0.05554692018594117,-26.051057905447742
59.34,2.47871803148366,-0.05531269521859006,-25.44528545489116
59.35,2.47816611336088,-0.0550694403589828,-24.89366545449331
59.36,2.47761667213768,-0.0548173470726517,-24.34857888558437
59.37,2.47706979523477,-0.05455660847309973,-23.79898743634744
59.38,2.4765255681235,-0.05428742378993749,-23.2743858043907
59.39,2.47598407426421,-0.054009988422905796,-22.770185369810658
59.4,2.47544539522799,-0.05372449360516729,-22.335986999410295
59.41,2.47490961068144,-0.05343111042115749,-21.87709377612217
59.42,2.47437679869396,-0.05313002301182701,-21.384274476023815
59.4299999999999,2.47384703524251,-0.05282143195518193,-20.970005339310582
59.44,2.47332039447797,-0.05250551465776354,-20.554076662760945
59.45,2.47279694878814,-0.05218244944250605,-20.243553042660146
59.46,2.47227676881793,-0.05185238113316245,-19.84048525774179
59.47,2.47175992389529,-0.05151549249360714,-19.417429467907525
59.48,2.47124648107115,-0.05117197804632342,-19.12060032122209
59.49,2.47073650591313,-0.05082198895957809,-18.788302389229813
59.5,2.47023006232621,-0.05046569031024184,-18.48656534496027
59.51,2.46972721261092,-0.05010323999264932,-18.179926836568235
59.52,2.4692280174907,-0.04973480078185322,-17.887869820975205
59.53,2.46873253602817,-0.04936053275308069,-17.62809941494713
59.54,2.46824082575803,-0.04898058673049599,-17.34396921677631
59.55,2.46775294267993,-0.048595125864669964,-17.085066097971836
59.5599999999999,2.46726894111244,-0.0482043056890998,-16.874366585354213
59.57,2.46678887396721,-0.04780826438658403,-16.647918168174623
59.58,2.46631279273896,-0.04740714866100504,-16.421025715883513
59.59,2.46584074741848,-0.04700110769841152,-16.244012688591646
59.6,2.46537278656192,-0.04659027254025154,-16.046339878841803
59.61,2.4649089574747,-0.046174784951399005,-15.846102310768046
59.62,2.46444930589355,-0.045754790143156164,-15.686148262318856
59.63,2.46399387626569,-0.045330418030268646,-15.528740829075343
59.64,2.46354271170702,-0.044901796651083035,-15.440251960267945
59.65,2.46309585414609,-0.044469026982218995,-15.272960999622864
59.66,2.46265334453488,-0.04403224674758288,-15.104505545521826
59.67,2.46221522212644,-0.04359159633467632,-15.02778107487597
59.6799999999999,2.46178152515953,-0.04314717765573721,-14.889545837625462
59.69,2.46135229070345,-0.042699120465990635,-14.763030197297137
59.7,2.46092755446965,-0.04224755103358069,-14.701209801983621
59.71,2.46050735106332,-0.04179256675149364,-14.621782793516882
59.72,2.46009171416252,-0.04133427293274705,-14.565004448647642
59.73,2.45968067625659,-0.040872772709599214,-14.300652810405898
59.74,2.45927426876774,-0.040408266985751215,-14.245045447336516
59.75,2.45887252063023,-0.03994085659905593,-14.348202396078378
59.76,2.45847546118993,-0.03947056653066013,-14.200298274658463
59.77,2.458083118426,-0.03899754114116879,-14.101188703871836
59.78,2.45769551911758,-0.03852190357717111,-14.223634075684872
59.79,2.45731268898837,-0.03804366766570293,-14.217996405259651
59.8,2.45693465411815,-0.037562913546803266,-14.015318868374633
59.8099999999999,2.45656143855044,-0.037079821630159326,-14.035289225904442
59.82,2.45619306523976,-0.036594465468853254,-14.062576278175715
59.83,2.45582955655687,-0.03610691052207127,-14.022340620310072
59.84,2.45547093402585,-0.0356172578085993,-14.004634187988993
59.85,2.45511721810181,-0.03512559827301513,-14.042038784510211
59.86,2.45476842853631,-0.03463199465872924,-14.053144127030285
59.87,2.45442458443331,-0.034136522831262894,-14.074791539601819
59.88,2.4540857040369,-0.03363925795608995,-14.018679343402905
59.89,2.45375180484628,-0.03314032078916007,-13.929270661538038
59.9,2.4534229027948,-0.03263984675258384,-14.07423840763055
59.91,2.45309901299121,-0.03213784504075464,-14.148742462543122
59.92,2.45278015080665,-0.0316343611166429,-14.09855189026509
59.9299999999999,2.45246633034597,-0.031129510291005857,-14.156897630955672
59.94,2.45215756496688,-0.030623351611913652,-14.240104214241127
59.95,2.45185386750797,-0.030115929411367315,-14.246480851364987
59.96,2.45155525029608,-0.029607332522270845,-14.264921760015815
59.97,2.45126172450893,-0.02909764449921711,-14.34516400765469
59.98,2.45097330087723,-0.028586914289071196,-14.398878822051783
59.99,2.45068998949708,-0.0280752035920262,-14.485799490632758
60.0,2.45041179991597,-0.027562557246015494,-14.53724481842315
60.01,2.45013874124989,-0.02704904154348098,-14.589136285601553
60.02,2.44987082176923,-0.026534723251558923,-14.680743741084775
60.03,2.44960804930838,-0.026019646297507453,-14.760855893191945
60.04,2.44935043117408,-0.025503864400996022,-14.752520352777225
60.05,2.44909797404439,-0.024987484700900175,-14.870281639345169
60.0599999999999,2.44885068338543,-0.02447053608058599,-15.020383308259005
60.07,2.44860856516329,-0.023953027041108875,-15.05363872290507
60.08,2.44837162445495,-0.023435038224247272,-15.15614928585861
60.09,2.44813986584548,-0.022916612928965595,-15.213442667513362
60.1,2.44791329342986,-0.02239782124539384,-15.317315345531773
60.11,2.44769191051405,-0.021878703054441694,-15.4394556961859
60.12,2.44747572035296,-0.02135928634944273,-15.517683833278445
60.13,2.44726472559681,-0.020839628179902814,-15.617901276213045
60.14,2.44705892845387,-0.020319772278909465,-15.73612799440561
60.15,2.44685833070292,-0.0197997494132629,-15.837288032421089
60.16,2.44666293387531,-0.01927960298289492,-15.930826099645019
60.17,2.44647273889792,-0.01875938216991576,-16.04870561967054
60.1799999999999,2.44628774637182,-0.01823911911200312,-16.15954968690998
60.19,2.44610795653539,-0.017718850056884044,-16.275649858786533
60.2,2.44593336926851,-0.017198609188092316,-16.3603381449262
60.21,2.44576398407827,-0.016678454487413973,-16.487930617668756
60.22,2.44559979981743,-0.016158409508334103,-16.627290701117467
60.23,2.44544081546524,-0.015638487758177593,-16.725847001113948
60.24,2.44528702950527,-0.015118734761065955,-16.848567003966227
60.25,2.44513844011197,-0.014599178126524967,-16.964125735274752
60.26,2.4449950451626,-0.014079852395243453,-17.043567108678705
60.27,2.44485684209906,-0.0135608233393499,-17.186765551579523
60.28,2.44472382768942,-0.013042097070992131,-17.333772759864534
60.29,2.44459599912725,-0.012523674133739043,-17.426779017660362
60.3,2.44447335303664,-0.012005604813751052,-17.55054293501656
60.3099999999999,2.44435588577287,-0.01148791227373695,-17.664768328366705
60.32,2.44424359343203,-0.010970627145763986,-17.773744563914008
60.33,2.44413647176322,-0.010453784570237564,-17.899741959383174
60.34,2.44403451621693,-0.00993739890740771,-18.021312097877267
60.35,2.4439377222005,-0.009421487120175875,-18.13056828413153
60.36,2.44384608479916,-0.00890607884516855,-18.24671226199742
60.37,2.44375959887548,-0.008391194418500003,-18.35633066844966
60.38,2.44367825907819,-0.00787686014990241,-18.465610217734287
60.39,2.44360205976296,-0.007363100156646911,-18.580278274393997
60.4,2.44353099511699,-0.006849927090912811,-18.68894459580172
60.41,2.44346505920468,-0.006337358511173305,-18.793041573425267
60.42,2.44340424586286,-0.005825415593437485,-18.89920080598092
60.4299999999999,2.44334854875126,-0.0053141125258152995,-18.991334620840657
60.44,2.44329796136084,-0.004803487346653294,-19.089917670384914
60.45,2.44325247669162,-0.004293559035595251,-19.195672399811603
60.46,2.44321208786734,-0.0037843216244300613,-19.286374042927278
60.47,2.44317678788753,-0.003275795495087201,-19.375134046260882
60.48,2.44314656952305,-0.002768000410931689,-19.46331768751593
60.49,2.44312142539671,-0.0022609477287457067,-19.543332832263783
60.5,2.44310134799009,-0.0017546715949963896,-19.624979612366296
60.51,2.4430863293513,-0.0012491811820910157,-19.70457216837093
60.52,2.44307636175117,-0.0007444722914917712,-19.77584949747633
60.53,2.4430714372272,-0.00024056781173786845,-19.844970617683114
60.54,2.44307154767227,0.00026251967955766753,-19.909818271624086
60.55,2.44307668485751,0.0007647787256814809,-19.97105761076508
60.5599999999999,2.4430868404321,0.001266192326676574,-20.02727915512062
60.57,2.44310200585876,0.0017667519854880354,-20.078556836918278
60.58,2.44312217260307,0.0022664518464221572,-20.12623933088518
60.59,2.44314733198701,0.0027652786601698827,-20.168516710290795
60.6,2.44317747523653,0.0032632236271775326,-20.205079627735362
60.61,2.44321259348722,0.0037602789684084334,-20.245214938790912
60.62,2.44325267776949,0.004256417091574871,-20.270204583571374
60.63,2.44329771877448,0.004751637865744544,-20.28656866193435
60.64,2.44334770748362,0.0052459487223877055,-20.309476373991554
60.65,2.44340263465637,0.005739330541598697,-20.32082863309818
60.66,2.44346249097792,0.006231777536835903,-20.32573236428784
60.67,2.44352726706389,0.006723284265564011,-20.344473345670064
60.6799999999999,2.44359695343936,0.007213819656011941,-20.33460836461477
60.69,2.44367154023602,0.0077033875349260175,-20.312263121462625
60.7,2.44375101799624,0.008192001198481513,-20.310101623278374
60.71,2.44383537701474,0.008679639701595725,-20.289173587653963
60.72,2.4439246075253,0.00916629868465968,-20.26431176511185
60.73,2.44401869970431,0.009651972798789082,-20.238159696298744
60.74,2.44411764367064,0.010136653029250525,-20.201409157970325
60.75,2.44422142944161,0.010620336036570865,-20.157733566178507
60.76,2.44433004706019,0.011103020247586286,-20.114196214795403
60.77,2.44444348649632,0.011584699092592743,-20.06236158567962
60.78,2.44456173767861,0.012065368891522876,-20.004832710273703
60.79,2.44468479049786,0.012545026308175,-19.949118597378046
60.8,2.44481263480553,0.01302366306575505,-19.879406184649714
60.8099999999999,2.4449452603547,0.013501278191148844,-19.802057545282114
60.82,2.44508265696544,0.013977872895235926,-19.728853717736623
60.83,2.4452248143942,0.014453441714727216,-19.645619475981352
60.84,2.4453717223741,0.014927982994898208,-19.55361751537356
60.85,2.44552337061821,0.01540149623967535,-19.499383314383238
60.86,2.44567974879813,0.015873955112170417,-19.388148756665945
60.87,2.44584084623768,0.016345367952108614,-19.258132439479557
60.88,2.4460066527164,0.01681575251475757,-19.17856408460066
60.89,2.44617715781012,0.017285092161326936,-19.066308241303805
60.9,2.44635235107588,0.017753386715313457,-18.95222805171394
60.91,2.44653222205416,0.01822063509192192,-18.85055213018053
60.92,2.44671676026288,0.018686827604238086,-18.724616820860156
60.9299999999999,2.44690595509509,0.01915196634599085,-18.58949755920508
60.94,2.44709979609081,0.019616056704008233,-18.471979161635282
60.95,2.44729827271608,0.020079092591684944,-18.340171141678148
60.96,2.44750137442632,0.020541073453247037,-18.209348323012662
60.97,2.44770909066817,0.021001997871746468,-18.048887585861827
60.98,2.44792141089314,0.021461877123100475,-17.919303290075984
60.99,2.44813832470603,0.02192070546201223,-17.794407182739082
61.0,2.44835982147443,0.022378473391163983,-17.631966959746055
61.01,2.44858589066305,0.02283518882180887,-17.485217398609592
61.02,2.44881652174236,0.02329085166398922,-17.33079654794426
61.03,2.44905170419085,0.023745463598567884,-17.184870181316786
61.04,2.44929142749715,0.024199020894481265,-17.052362331654475
61.05,2.44953568106954,0.024651513821327686,-16.871094524341192
61.0599999999999,2.44978445426454,0.025102954381602448,-16.69644524144627
61.07,2.45003773667141,0.02555335104550786,-16.553190270556453
61.08,2.45029551778632,0.026002697073090886,-16.387711161916116
61.09,2.45055778711832,0.026450994707246288,-16.213059623023508
61.1,2.45082453419105,0.026898248469146385,-16.098774157593873
61.11,2.45109574854438,0.02734443681940239,-15.94321818443233
61.12,2.4513714193785,0.02778955677577022,-15.716492049657843
61.13,2.45165153619959,0.028233636055493193,-15.560608619312877
61.14,2.45193608861964,0.028676672158578498,-15.40995408700647
61.15,2.45222506614684,0.029118658547596286,-15.239144166728448
61.16,2.45251845829747,0.029559596969030988,-15.078956319939357
61.17,2.45281625459652,0.02999948642099145,-14.868922244492396
61.1799999999999,2.4531184445808,0.03043834520383889,-14.717239219511576
61.19,2.45342501804296,0.030876167566577333,-14.581805267203276
61.2,2.45373596444453,0.03131294072982553,-14.38452367428317
61.21,2.45405127339837,0.031748677229911,-14.218976818245908
61.22,2.4543709345365,0.03218337792307476,-14.051217740533636
61.23,2.45469493751113,0.03261704424722216,-13.875341209471628
61.24,2.45502327199584,0.033049681935252526,-13.673180735457162
61.25,2.45535592776342,0.03348130647033247,-13.52950711375253
61.26,2.45569289472259,0.03391191008416487,-13.381752155607163
61.27,2.45603416254869,0.034341486534613296,-13.188555041494956
61.28,2.4563797210679,0.03477004831918078,-13.024072094203923
61.29,2.45672956014175,0.03519759807974292,-12.834922334376232
61.3,2.45708366966877,0.03562414496250203,-12.76376148859231
61.3099999999999,2.45744203958608,0.03604965219699737,-12.642359718144567
61.32,2.45780465922704,0.036474105471392036,-12.350952094403615
61.33,2.45817151834427,0.036897559044594505,-12.191681733976163
61.34,2.45854260707772,0.03732001667143085,-12.080550424785308
61.35,2.45891791530617,0.037741460556654324,-11.913609520592114
61.36,2.45929743292167,0.03816189429456755,-11.782857931904628
61.37,2.45968114982907,0.03858131287740226,-11.49760288375085
61.38,2.46006905594557,0.03899976947649616,-11.385415296200243
61.39,2.46046114195208,0.03941724959884615,-11.342825454695939
61.4,2.46085739756857,0.03983371045734874,-11.111142582004513
61.41,2.46125781286121,0.04024918390727421,-10.964541613936198
61.42,2.46166237796373,0.04066367272707409,-10.810072302484164
61.4299999999999,2.46207108304449,0.04107718113407118,-10.664847281225477
61.44,2.46248391830756,0.04148970845318327,-10.590627128736209
61.45,2.46290087387576,0.04190122854900169,-10.393827849990304
61.46,2.46332193959951,0.04231176457997939,-10.196205825243633
61.47,2.46374710595421,0.04272134167318346,-10.106226878176935
61.48,2.46417636318556,0.0431299424279293,-9.957472938140747
61.49,2.46460970156338,0.04353757136675111,-9.820255831175214
61.5,2.46504711138152,0.04394423060906465,-9.67844005328088
61.51,2.46548858295788,0.04434992465230566,-9.539364264400945
61.52,2.46593410666847,0.044754657406935,-9.412975314439977
61.53,2.4663836729007,0.04515842828332062,-9.281725342280764
61.54,2.46683727203525,0.04556123922390502,-9.147488583936546
61.55,2.46729489449812,0.045963094210758434,-9.01871583541934
61.5599999999999,2.46775653074096,0.04636399564492318,-8.897481827613468
61.57,2.46822217124109,0.04676394433339078,-8.744696908680867
61.58,2.46869180650162,0.047162955239639835,-8.585023264471799
61.59,2.46916542726339,0.047561045641072074,-8.512435791836172
61.6,2.4696430242906,0.04795819739469298,-8.406642490567078
61.61,2.470124588076,0.04835440597891205,-8.255228011494903
61.62,2.47061010931514,0.04874968741233425,-8.140518314349936
61.63,2.47109957874224,0.04914404423023896,-8.016931057701436
61.64,2.47159298713104,0.049537481826914906,-7.9181944635153
61.65,2.47209032529557,0.04992999510659013,-7.843468895507721
61.66,2.47259158392255,0.050321570855075645,-7.684890660804559
61.67,2.47309675366153,0.05071223214978179,-7.549744222324656
61.6799999999999,2.47360582555611,0.051101993626094064,-7.472570837746008
61.69,2.47411879050608,0.05149084524039098,-7.359838263708316
61.7,2.47463563944382,0.051878791723506776,-7.247502444271563
61.71,2.47515636333436,0.05226583839309888,-7.163947890688983
61.72,2.47568095317553,0.052651976583654544,-7.145955286761043
61.73,2.47620939975259,0.05303717244222739,-6.970250760768161
61.74,2.47674169359962,0.05342146159209212,-6.816941046566974
61.75,2.47727782603401,0.05380487204382778,-6.785235983387177
61.76,2.47781778803584,0.05418737819825233,-6.680982152673657
61.77,2.47836157059709,0.05456898410689526,-6.597233514145787
61.78,2.47890916472047,0.05494968819375057,-6.49087033508732
61.79,2.47946056141822,0.055329503722600926,-6.246646918984172
61.8,2.48001575202163,0.05570850167817554,-6.272070740773331
61.8099999999999,2.48057472855966,0.05608663227166429,-6.292643783313143
61.82,2.48113748165061,0.05646384585117348,-6.091422437733343
61.83,2.48170400257746,0.0568401948721801,-6.021454467707817
61.84,2.48227428266189,0.05721567802824401,-5.930330107891783
61.85,2.48284831326524,0.05759030055633163,-5.844072273893617
61.86,2.48342608578946,0.05796406300400496,-5.871346108926408
61.87,2.48400759153126,0.058336917194138735,-5.719087866517131
61.88,2.48459282122957,0.05870889914918095,-5.555453971692792
61.89,2.48518176672282,0.05908005265560605,-5.555727741366199
61.9,2.48577441942404,0.05945034484398833,-5.466389099539235
61.91,2.48637077076835,0.0598197816351768,-5.39274498589335
61.92,2.48697081221253,0.06018836455460308,-5.326911603551532
61.9299999999999,2.48757453523452,0.06055609494539279,-5.15547605257606
61.94,2.48818193140685,0.0609230225991649,-5.135548033265104
61.95,2.48879299292946,0.061289124771427936,-5.139418343104237
61.96,2.48940771106015,0.06165436613790136,-5.000165566297373
61.97,2.49002607748835,0.06201878161890736,-4.939902564023732
61.98,2.49064808394142,0.06238237175567596,-4.869585763568934
61.99,2.49127372218535,0.06274514087934262,-4.772439800902591
62.0,2.49190298402547,0.06310710077659007,-4.892957471541737
62.01,2.49253586125523,0.06346816061685301,-4.739898323815905
62.02,2.49317234440727,0.06382836705550732,-4.526758895487325
62.03,2.49381242596573,0.06418780050622501,-4.592598006097753
62.04,2.49445609766281,0.06454640125944286,-4.513399134567945
62.05,2.4951033512388,0.06490417640067081,-4.454677606905164
62.0599999999999,2.4957541784407,0.06526112652949964,-4.433545310543132
62.07,2.49640857102077,0.06561724003635305,-4.185030293048239
62.08,2.49706652073503,0.06597261822792004,-4.204501596610714
62.09,2.49772802078908,0.06632722329023752,-4.307642683167528
62.1,2.49839306239983,0.06668097095050193,-4.127337655128014
62.11,2.49906163754434,0.06703392552699731,-4.0863086906722055
62.12,2.49973373826305,0.06738608613550505,-4.0311296723939485
62.13,2.5004093566316,0.06773745609536994,-3.954534739470036
62.14,2.50108848476165,0.06808804657654952,-4.013271812220965
62.15,2.5017711148017,0.06843779911533214,-3.9281235770183147
62.16,2.50245723803466,0.06878673407582452,-3.7754566116574595
62.17,2.50314684692184,0.06913491094174089,-3.789398759091953
62.1799999999999,2.50383993363367,0.06948229931619625,-3.7404967828955433
62.19,2.50453649028077,0.06982889885982133,-3.691403590295312
62.2,2.50523650898816,0.07017471160365071,-3.6555919985000767
62.21,2.50593998189458,0.0705197349679924,-3.554765521518416
62.22,2.50664690115171,0.07086400202133507,-3.5179174527977883
62.23,2.50735725939301,0.07120750970624294,-3.526901200170408
62.24,2.50807104873304,0.07155022841159875,-3.456607241128657
62.25,2.50878826138047,0.07189217346550425,-3.40743969338035
62.26,2.509508889642,0.07223335102581885,-3.3655091291983874
62.27,2.51023292584883,0.07257376293692275,-3.3140198407779597
62.28,2.51096036235682,0.07291341488059322,-3.314025794984786
62.29,2.5116911915466,0.07325228363297409,-3.2717686511856754
62.3,2.51242540543849,0.07359037175959464,-3.18479267154303
62.3099999999999,2.51316299646623,0.07392770934349832,-3.160413781747575
62.32,2.51390395710271,0.07426429034450566,-3.130377065215984
62.33,2.51464827973914,0.07460011036157788,-3.090451709294235
62.34,2.51539595678043,0.07493517153433309,-3.054543205185777
62.35,2.5161469806446,0.07526947456742243,-3.0143467214230544
62.36,2.51690134376227,0.07560302382281225,-2.957527602923641
62.37,2.51765903864577,0.07593583329208453,-2.9392602964304246
62.38,2.51842005793105,0.07626789352610519,-2.918329228303831
62.39,2.51918439399979,0.07659919655756964,-2.86779379921905
62.4,2.5199520393713,0.07692975333388012,-2.835996125123254
62.41,2.52072298658086,0.0772595644308242,-2.801929481739411
62.42,2.52149722817954,0.07758863141733574,-2.7710705240370315
62.4299999999999,2.52227475673401,0.07791695482034881,-2.725275992424021
62.44,2.52305556482642,0.0782445446048293,-2.695737550613336
62.45,2.52383964517746,0.07857140057193254,-2.6762365074272405
62.46,2.52462699037456,0.07889751614972296,-2.6380292963126077
62.47,2.5254175930505,0.0792228969695589,-2.606108994890173
62.48,2.52621144587277,0.07954754557500943,-2.575714675443645
62.49,2.52700854152679,0.07987146361725003,-2.5441499458059242
62.5,2.52780887271588,0.08019465348101384,-2.5190680692230103
62.51,2.52861243216131,0.08051711315226011,-2.5014189775231053
62.52,2.52941921253121,0.08083883654590082,-2.459735680871123
62.53,2.53022920647116,0.08115983399884878,-2.4243386460222145
62.54,2.53104240680917,0.0814801122548281,-2.406087370937343
62.55,2.53185880630513,0.08179966649455676,-2.3772563677963254
62.5599999999999,2.53267839773239,0.08211849873707526,-2.350810058317386
62.57,2.53350117387757,0.08243661029292415,-2.3177785745726305
62.58,2.53432712754024,0.08275400542876454,-2.3275352112872394
62.59,2.53515625153278,0.08307066050842193,-2.288931956989054
62.6,2.53598853832262,0.08338658568848671,-2.233371778338957
62.61,2.5368239808756,0.08370180384384233,-2.231571739158825
62.62,2.53766257200018,0.08401630086751766,-2.206098112710846
62.63,2.538504304492,0.08433007748062846,-2.182540070978111
62.64,2.53934917114972,0.08464313408366916,-2.1657830334366808
62.65,2.54019716477424,0.08495546792594381,-2.1175520210347347
62.66,2.54104827816806,0.08526709993355772,-2.0636461252952607
62.67,2.54190250448761,0.08557805339622915,-2.0906342606648094
62.6799999999999,2.54275983686465,0.08588829281218255,-2.0831641160533136
62.69,2.54362026793941,0.08619780666817567,-2.0322999659924585
62.7,2.544483790645,0.0865066169275138,-2.0149649090170314
62.71,2.54535039793023,0.08681472286307113,-1.9929368501403721
62.72,2.54622008275991,0.08712212628765685,-1.9596616080931617
62.73,2.54709283811512,0.08742883383801767,-2.0124159721956345
62.74,2.5479686569696,0.08773479155956831,-1.9564018988146066
62.75,2.54884753154719,0.08804002709726921,-1.8767171095986452
62.76,2.54972945522932,0.08834458760997496,-1.9084137571784745
62.77,2.55061442094121,0.08864843686923196,-1.8816448372053354
62.78,2.55150242160856,0.0889515786969349,-1.8634969017853995
62.79,2.5523934501568,0.08925401303225464,-1.8486769908429634
62.8,2.55328749951041,0.08955573805326338,-1.8163901606499235
62.8099999999999,2.55418456259214,0.0898567658837631,-1.7871517144738842
62.82,2.55508463252489,0.09015710577563822,-1.789935131247871
62.83,2.55598770236659,0.09045674187249109,-1.7750911302001298
62.84,2.55689376501293,0.09075567170534113,-1.7478320324175998
62.85,2.55780281347176,0.09105390369933039,-1.7296698072907433
62.86,2.55871484076161,0.09135143920966371,-1.7213652341595138
62.87,2.55962983991211,0.09164827121950955,-1.7115640455658439
62.88,2.56054780383057,0.09194439461017723,-1.681646769199594
62.89,2.5614687254771,0.09223982081350743,-1.6634144324716078
62.9,2.56239259792831,0.09253455240925135,-1.6536579329008554
62.91,2.56331941419641,0.09282858478883253,-1.635016114191523
62.92,2.56424916729594,0.09312191983533724,-1.6285962302845876
62.9299999999999,2.56518185024348,0.09341454971748542,-1.6213707419811625
62.94,2.56611745592463,0.09370646785674305,-1.594135817007164
62.95,2.56705597725983,0.09399768461782662,-1.5770153119376398
62.96,2.56799740728393,0.09428820244560636,-1.5716540249610047
62.97,2.56894173896374,0.094578014524264,-1.5425932453287763
62.98,2.56988896526244,0.09486713381772575,-1.520581150428997
62.99,2.570839079345,0.0951555672701591,-1.5245563241259747
63.0,2.57179207427588,0.09544329958026307,-1.5116218835873794
63.01,2.57274794299884,0.09573032951507576,-1.487950118246926
63.02,2.57370667854353,0.0960166650842235,-1.4900752466010678
63.03,2.57466827394439,0.09630229268702643,-1.4819129782791431
63.04,2.57563272203017,0.09658720779474791,-1.4518554003812427
63.05,2.57660001576952,0.09687142541302171,-1.4405113990534848
63.0599999999999,2.5775701482092,0.09715494493894121,-1.4329837805382337
63.07,2.57854311232707,0.09743776160108612,-1.4202198681762885
63.08,2.5795189010979,0.097719875224489,-1.4082450939240176
63.09,2.58049750748699,0.0980012854151576,-1.3958174937920287
63.1,2.58147892446162,0.09828199228783345,-1.38417556831445
63.11,2.58246314498701,0.09856199544976407,-1.3715317899421589
63.12,2.58345016202352,0.09884129513191287,-1.3656138221339793
63.13,2.58443996852822,0.09911988577933444,-1.3545947083901635
63.14,2.58543255737547,0.09939776668033881,-1.3379275368798176
63.15,2.58642792150909,0.09967494250682218,-1.3288747682540702
63.16,2.58742605386884,0.09995141131783718,-1.3181071817161574
63.17,2.58842694737436,0.10022717218940436,-1.3115980622475591
63.1799999999999,2.58943059493949,0.10050222059934111,-1.300881604999806
63.19,2.59043698941156,0.10077655614592063,-1.2866223549508204
63.2,2.59144612369452,0.10105018192474446,-1.2783327442329417
63.21,2.59245799067709,0.10132309575026088,-1.2675526273455695
63.22,2.59347258323276,0.10159529717432836,-1.2635030727041376
63.23,2.59448989422745,0.10186677985849121,-1.2527016557087913
63.24,2.59550991643648,0.10213754402140415,-1.2379782732223903
63.25,2.59653264272383,0.10240759384325301,-1.2316121011822747
63.26,2.59755806592123,0.10267692584108312,-1.2214722679404335
63.27,2.59858617884426,0.10294553947207316,-1.2169955256757707
63.28,2.59961697429899,0.10321342911059721,-1.2088987133111857
63.29,2.60065044500926,0.10348059287568583,-1.1949818976190225
63.3,2.60168658374796,0.10374703473864748,-1.1874193685835792
63.3099999999999,2.60272538329094,0.10401275279667463,-1.1792957528578039
63.32,2.60376683638379,0.10427774518250536,-1.1741131140200078
63.33,2.6048109357603,0.10454200715031745,-1.1689265100077446
63.34,2.60585767408094,0.1048055343848479,-1.1557285512104496
63.35,2.6069070440101,0.10506833067300825,-1.146751555796159
63.36,2.60795903825601,0.10533039592900048,-1.1408234943329671
63.37,2.6090136494801,0.10559172671091115,-1.1345574593424603
63.38,2.61007087032946,0.10585231953491962,-1.132146392276048
63.39,2.61113069339239,0.10611216764611076,-1.1200379398467863
63.4,2.61219311121014,0.10637127421083692,-1.1095794115038575
63.41,2.61325811640801,0.10662964103973493,-1.1057004521499585
63.42,2.61432570154912,0.10688726316509338,-1.098357834307849
63.4299999999999,2.61539585917946,0.10714413839815196,-1.098416099156602
63.44,2.61646858180193,0.10740025772368138,-1.0875043575471577
63.45,2.61754386182271,0.1076556235095801,-1.075739380229119
63.46,2.61862169176828,0.10791023931176295,-1.073676065796461
63.47,2.61970206408911,0.10816409876647967,-1.065350289257146
63.48,2.62078497121572,0.10841720090834321,-1.0678232261807115
63.49,2.62187040555025,0.10866953439567784,-1.057996642850538
63.5,2.6229583593484,0.10892110084581574,-1.0449542009945596
63.51,2.62404882502307,0.10917190556849107,-1.0445457699925602
63.52,2.62514179489678,0.10942194083249554,-1.0360224877313
63.53,2.62623726126907,0.10967120613664116,-1.0395996139492047
63.54,2.6273352164165,0.10991968903042808,-1.031607455890438
63.55,2.62843565244443,0.11016738954151192,-1.0177703778879272
63.5599999999999,2.62953856161601,0.11041431427207446,-1.0173865199773593
63.57,2.63064393612017,0.11066045569035159,-1.0109631244244235
63.58,2.63175176810977,0.1109058117185091,-1.0094166479651197
63.59,2.63286204971167,0.11115037504507708,-1.0107263578817527
63.6,2.63397477294179,0.11139413585223117,-0.9980832504336016
63.61,2.63508992977092,0.11163709976643732,-0.9896627443908992
63.62,2.6362075122815,0.11187926817426419,-0.9897914143899937
63.63,2.63732751245738,0.11212063293184102,-0.9819843432389835
63.64,2.63844992225256,0.11236119317176904,-0.990676753816564
63.65,2.63957473358758,0.112600930999159,-0.9809940866592052
63.66,2.64070193814249,0.11283984900033832,-0.9658571403070542
63.67,2.64183152785692,0.11307795624624732,-0.9700759016435787
63.6799999999999,2.64296349452724,0.11331524052748954,-0.9632133551745705
63.69,2.64409782991603,0.1135517004190049,-0.9653307121921271
63.7,2.64523452575207,0.11378732490205565,-0.9662582315852756
63.71,2.64637357360528,0.11402210480198442,-0.9531937835094613
63.72,2.64751496505299,0.11425604709393763,-0.9479039571844359
63.73,2.64865869174715,0.11448915032406341,-0.9482664812168102
63.74,2.64980474523576,0.11472140611306451,-0.9428237144567995
63.75,2.65095311702855,0.11495281135686097,-0.9531740646800241
63.76,2.65210379857062,0.11518334609117442,-0.943098584255408
63.77,2.65325678106321,0.11541301402656265,-0.9290788958524784
63.78,2.6544120559821,0.11564182389301274,-0.9349869978179383
63.79,2.6555696146372,0.11586976157473469,-0.9285852443043767
63.8,2.65672944829538,0.11609682528624192,-0.9349158393976446
63.8099999999999,2.65789154818048,0.11632299920425102,-0.9348490255446396
63.82,2.65905590529399,0.11654827546185113,-0.9209018143919828
63.83,2.66022251072157,0.11677266287308068,-0.9194098283446412
63.84,2.66139135556868,0.11699615601997726,-0.9195880040673056
63.85,2.66256243083323,0.11721874655959605,-0.9171281439999466
63.86,2.66373572746487,0.11744042812892319,-0.9288202541741016
63.87,2.66491123630394,0.11766117885771976,-0.9177071426958913
63.88,2.66608894795889,0.11788100431160779,-0.9051780555179653
63.89,2.66726885332246,0.11809991226883199,-0.9127433536937434
63.9,2.66845094309564,0.11831788648833201,-0.9067691943682584
63.91,2.66963520792568,0.11853492472841584,-0.9169023600809943
63.92,2.67082163840605,0.11875100623774208,-0.9182584249202786
63.9299999999999,2.67201022483833,0.11896612150650669,-0.9022650737375749
63.94,2.67320095764831,0.11918028258784594,-0.9025463395857739
63.95,2.67439382728298,0.11939348221583121,-0.9047793690395295
63.96,2.67558882405271,0.11960570961840888,-0.9013589569406985
63.97,2.67678593820763,0.11981695925339746,-0.9197026927890258
63.98,2.6779851598913,0.12002720056682274,-0.9085191497726608
63.99,2.67918647888129,0.12023643967319364,-0.892272919934732
64.0,2.68038988537397,0.12044468959233612,-0.9043720278424058
64.01,2.68159536930821,0.12065192844864885,-0.899141635405007
64.02,2.68280292055558,0.12085815307582015,-0.9092827834188058
64.03,2.68401252892033,0.12106334201109256,-0.915679632084807
64.04,2.68522418390183,0.12126747931893167,-0.8997665682887498
64.05,2.68643787503688,0.12147057756518218,-0.8978468215064683
64.0599999999999,2.68765359196971,0.12167263230467389,-0.9040075255731774
64.07,2.68887132415555,0.12187362803741664,-0.8988056759329273
64.08,2.69009106097463,0.1220735608594814,-0.9247300353045859
64.09,2.69131279171175,0.12227238975422625,-0.9137502588501354
64.1,2.69253650511617,0.12247012091451959,-0.8929768323969904
64.11,2.69376219051736,0.12266677380326312,-0.9101535904935928
64.12,2.69498983690977,0.12286231985780087,-0.9056311401225103
64.13,2.69621943320416,0.12305675481925442,-0.9158759132787518
64.14,2.69745096822763,0.12325005617510969,-0.9287861350038031
64.15,2.69868443048193,0.12344219916731922,-0.9122450156881222
64.16,2.69991980839092,0.12363319767081013,-0.907192743460102
64.17,2.7011570906104,0.12382305139959637,-0.9182671722071247
64.1799999999999,2.70239626553489,0.1240117385207462,-0.9112983050616486
64.19,2.70363732146574,0.1241992565167401,-0.9465142370808773
64.2,2.70488024661115,0.1243855509864944,-0.9354677968486748
64.21,2.70612502843847,0.12457062853257206,-0.907765736113262
64.22,2.70737165519835,0.12475451858643405,-0.9304539515858021
64.23,2.70862011473943,0.12493718491542276,-0.9301661248762882
64.24,2.70987039478846,0.1251186186244017,-0.9232507608682529
64.25,2.7111224829695,0.1252988170123981,-0.9712553770669389
64.26,2.71237636680398,0.1254777077816923,-0.9554601960548723
64.27,2.7136320328221,0.12565530402449676,-0.91873150774463
64.28,2.71488946867546,0.125831647992077,-0.9506036616065946
64.29,2.7161486614584,0.12600669121491936,-0.9496131751148397
64.3,2.71740959813533,0.1261804249889124,-0.9423426851153206
64.3099999999999,2.71867226555527,0.12635284651314843,-0.9982802430382397
64.32,2.71993665045175,0.12652387180149458,-0.9794441535980778
64.33,2.72120273840818,0.12669351823308972,-0.93833474767154
64.34,2.72247051634243,0.12686183470235574,-0.9765497683682342
64.35,2.72373997049274,0.1270287637454996,-0.9749847305300792
64.36,2.72501108696395,0.12719429683357708,-0.9684330959777986
64.37,2.72628385173088,0.12735842975543088,-1.029921806664911
64.38,2.72755825062752,0.12752106977508654,-1.0092708933205599
64.39,2.72883426823065,0.1276822369568424,-0.9656393960458577
64.4,2.7301118905891,0.1278419843564138,-1.008238154147155
64.41,2.7313911029887,0.12800024789165015,-1.0068279512491058
64.42,2.73267189056915,0.12815701833324886,-1.0011171682985642
64.4299999999999,2.73395423832405,0.1283122896755029,-1.0692718438954345
64.44,2.73523813107191,0.12846595871327526,-1.0464179079177562
64.45,2.73652355224972,0.12861804877333238,-0.9994454985023349
64.46,2.73781048692892,0.1287686182863938,-1.0470512277093738
64.47,2.73909891932733,0.1289175956197523,-1.0459616071136222
64.48,2.74038883349842,0.1290649705137555,-1.0413401109060394
64.49,2.74168021333135,0.12921073472775085,-1.1164161904648877
64.5,2.74297304249943,0.12935477407043372,-1.0912244664821646
64.51,2.74426730316808,0.12949711535943007,-1.0409824783159545
64.52,2.74556297930381,0.12963782235514792,-1.0938549761681806
64.53,2.74686005392326,0.12977681539790842,-1.0931472794271335
64.54,2.74815850985825,0.1299140830875123,-1.0892266763041034
64.55,2.74945832975585,0.13004961494239575,-1.176627999668702
64.5599999999999,2.75075949599403,0.1301832779843378,-1.146621453930103
64.57,2.75206198921641,0.1303151060918495,-1.0891119719579492
64.58,2.75336579218461,0.130445174215658,-1.1510294641514738
64.59,2.75467088654947,0.13057338945033176,-1.1503271857625015
64.6,2.75597725375263,0.1306997393552815,-1.1485784893620006
64.61,2.75728487502653,0.13082420971614792,-1.2415363599591471
64.62,2.75859373127846,0.1309466582071428,-1.2098683886350718
64.63,2.75990380159017,0.131067121315324,-1.1510046409002526
64.64,2.76121506727689,0.131185676635448,-1.2174932594118932
64.65,2.76252750845613,0.1313022239131693,-1.2175797225634926
64.66,2.76384110500989,0.13141674896483363,-1.2176467237088269
64.67,2.76515583658459,0.13152923369560052,-1.3222870584428246
64.6799999999999,2.76647168242879,0.13163951760026826,-1.2859969168700172
64.69,2.76778861976386,0.13174764411107986,-1.2212696745041713
64.7,2.76910662833202,0.13185370014691483,-1.2966488696941847
64.71,2.7704256865171,0.13195757216910575,-1.2970156314685817
64.72,2.77174577243708,0.1320592445881008,-1.2991536627145475
64.73,2.77306686394405,0.1321586945964885,-1.4202930873379396
64.74,2.77438893839705,0.13225573641241958,-1.3769550756852027
64.75,2.77571197084528,0.13235042404609415,-1.3032148564799604
64.76,2.77703593927743,0.1324428585278481,-1.3910030144855139
64.77,2.77836082010156,0.13253290806989337,-1.3914303270395052
64.78,2.77968658942395,0.13262055564475425,-1.3967727421019382
64.79,2.78101322304905,0.1327057722737483,-1.5324332706318395
64.8,2.78234069617998,0.13278834967899908,-1.4830651295871633
64.8099999999999,2.78366898147695,0.1328683510549415,-1.4027226855723163
64.82,2.78499805488567,0.13294588804449634,-1.5017983615300212
64.83,2.78632789056798,0.13302081206756355,-1.5027859708015876
64.84,2.78765846234288,0.13309310404291028,-1.5122328580932145
64.85,2.78898974368652,0.13316272749391844,-1.6625047800868238
64.86,2.79032170734884,0.13322945156741078,-1.6070903388292543
64.87,2.79165432331639,0.13329334876576912,-1.520936838736205
64.88,2.79298756519375,0.13335454023549742,-1.6316184914333511
64.89,2.79432140459391,0.1334128601947408,-1.6333534754246886
64.9,2.79565581274074,0.13346828724866885,-1.6476394377082078
64.91,2.79699076046894,0.13352077576074634,-1.8189783629864114
64.92,2.79832621772415,0.13357006295982393,-1.753987556945249
64.9299999999999,2.7996621513699,0.13361623602324108,-1.658044422539788
64.94,2.80099853239324,0.13365943172887196,-1.7851309741154315
64.95,2.80233532949887,0.13369946042473732,-1.7879168471825617
64.96,2.80367251094845,0.1337362978183247,-1.806560504939662
64.97,2.80501004456061,0.13376989092502475,-1.9892487352680253
64.98,2.80634789714896,0.13379995758581176,-1.9408259665525471
64.99,2.80768603219195,0.13382655906042004,-1.8490133989571904
65.0,2.80902441708887,0.13384982533724,-1.9752766538285016
65.01,2.81036301699264,0.13386956681082918,-1.9914449525958073
65.02,2.81170179651401,0.13388573754824495,-2.042549975683852
65.03,2.81304071957577,0.13389825198450261,-2.0597721791980885
65.04,2.81437974924812,0.13390707424799642,-2.076152138556034
65.05,2.81571884862738,0.13391217136847766,-2.110515218694965
65.0599999999999,2.81705798001713,0.13391347935841996,-2.174580629297108
65.07,2.81839710516363,0.13391088023292363,-2.307464594418649
65.08,2.81973618401511,0.13390416623850765,-2.2567728762150003
65.09,2.82107517498327,0.13389340345817402,-2.231296487029705
65.1,2.82241403862563,0.13387862635632447,-2.31962476235656
65.11,2.82375273363281,0.13385969126539593,-2.410487885977385
65.12,2.82509121804867,0.1338364359608398,-2.5350752245445802
65.13,2.82642944741574,0.13380866573260802,-2.4699224220107676
65.14,2.82776737657377,0.1337764686646555,-2.4732600768000443
65.15,2.8291049619457,0.13373983801724018,-2.5644774765910285
65.16,2.83044215804859,0.1336986249336869,-2.658801680025405
65.17,2.83177891865223,0.13365266829402275,-2.7409854282320922
65.1799999999999,2.83311519523397,0.13360183727171293,-2.7108559810762705
65.19,2.83445093923346,0.13354616850689655,-2.755281108014433
65.2,2.83578610222582,0.1334855941623414,-2.811980349347863
65.21,2.8371206343662,0.1334200108127681,-2.9636198249976533
65.22,2.83845448499641,0.13334917676899688,-3.0348416690013273
65.23,2.83978760010065,0.13327297852048967,-2.9742714571584634
65.24,2.84111992688914,0.13319149956884102,-3.0558352529694384
65.25,2.84245141208558,0.13310462214665142,-3.1018431891228406
65.26,2.84378200092759,0.1330122513157339,-3.32457910748961
65.27,2.84511163775065,0.13291404178531474,-3.3861904252607222
65.28,2.84644026205181,0.13280989293450451,-3.305026171081253
65.29,2.8477678160651,0.13269991715252338,-3.4476542583734
65.3,2.84909424029105,0.13258390614065235,-3.529923888807079
65.3099999999999,2.85041947360627,0.1324617210164118,-3.6225920482061467
65.32,2.85174345364429,0.13233321378011514,-3.707991671274608
65.33,2.85306611636905,0.13219824964397037,-3.7757781083913446
65.34,2.85438739673968,0.1320567200986463,-3.866711299124983
65.35,2.85570722841211,0.13190848379884454,-3.960846145846103
65.36,2.85702554357693,0.1317533942204278,-4.044879337202349
65.37,2.85834227301119,0.131591320193436,-4.134788625508842
65.38,2.85965734622587,0.13142212223056599,-4.238527315446202
65.39,2.86097069118042,0.1312456408532503,-4.336653170392292
65.4,2.8622822342631,0.13106172528167445,-4.42772272643963
65.41,2.86359190040664,0.13087023300115316,-4.557264250171641
65.42,2.86489961300183,0.13067096439483747,-4.691981503171868
65.4299999999999,2.86620529313012,0.1304637155767489,-4.764653273408233
65.44,2.86750886032356,0.13024837450926383,-4.867945639209637
65.45,2.86881023311127,0.13002478720432661,-4.996640457813045
65.46,2.87010932790992,0.12979275729615808,-5.139866528195311
65.47,2.87140605935648,0.1295520611414358,-5.318502141415729
65.48,2.8727003394097,0.12930243083549472,-5.398228291084778
65.49,2.87399207777254,0.12904374392859186,-5.5027899442062305
65.5,2.87528118353814,0.12877584439625983,-5.673888137767952
65.51,2.87656756311257,0.12849847691192018,-5.8113922614861195
65.52,2.87785112080239,0.12821142919334413,-5.966686272852008
65.53,2.87913175865711,0.12791446727916655,-6.106689869499075
65.54,2.88040937639126,0.12760737914015627,-6.250501753752704
65.55,2.88168387175003,0.12728994726876425,-6.410424575824706
65.5599999999999,2.88295514004893,0.12696192972730946,-6.567312132501671
65.57,2.88422307424622,0.12662308572247336,-6.74347361420177
65.58,2.8854875647935,0.126273147303931,-6.898071439620315
65.59,2.88674849941989,0.12591187739976845,-7.052947234127671
65.6,2.88800576376182,0.12553903807648686,-7.228562998311715
65.61,2.88925924070481,0.12515435903056224,-7.392327735789154
65.62,2.89050881050368,0.1247575704315144,-7.699818480511295
65.63,2.8917543502711,0.12434819745032281,-7.826313466073517
65.64,2.89299573184036,0.123926033438256,-7.914327683308636
65.65,2.89423282770421,0.123490930090527,-8.180757872460939
65.66,2.89546550595597,0.12304247233534404,-8.34036506483351
65.67,2.89669363158512,0.12258037154284271,-8.676587452705913
65.6799999999999,2.8979170662074,0.12210408458315966,-8.828483248570093
65.69,2.89913566513051,0.12161334309540954,-8.92168896336568
65.7,2.90034928416911,0.12110796629207776,-9.208300268536087
65.71,2.90155777410735,0.12058747410500874,-9.401224028607306
65.72,2.90276098206707,0.12005150689657167,-9.600143476433454
65.73,2.90395875142159,0.11949969521507509,-9.804122782160695
65.74,2.90515092185544,0.11893165087791444,-10.010031739970556
65.75,2.9063373289885,0.11834697144277317,-10.20656965357074
65.76,2.907517804497,0.11774525722790438,-10.401229006480031
65.77,2.90869217598094,0.1171260990217323,-10.592804399372104
65.78,2.90986026692761,0.11648907771057981,-10.782481891206936
65.79,2.91102189655077,0.11583376213993117,-10.95387695231726
65.8,2.91217687973037,0.11515972842216875,-11.172279997721331
65.8099999999999,2.91332502694623,0.11446644751033075,-11.40582865066975
65.82,2.91446614268063,0.11375334478327392,-11.520813448782913
65.83,2.91560002645161,0.11302003188166099,-11.645399775742753
65.84,2.91672647439942,0.1122660784437383,-11.868114846912675
65.85,2.91784527687075,0.11149081584349574,-12.24676888720174
65.86,2.9189562166205,0.11069325391341127,-12.291343053888411
65.87,2.92005906631903,0.109872995152512,-12.301324704662207
65.88,2.92115359951605,0.10902968993650546,-12.582920260835692
65.89,2.92223958061685,0.10816245236050515,-12.428773555193073
65.9,2.92331676821068,0.10727118764849441,-12.592764770268689
65.91,2.92438492159281,0.1063551231553106,-12.840868805846071
65.92,2.92544378480591,0.10541322560484827,-12.814924349534088
65.9299999999999,2.92649309860005,0.10444502662931843,-12.613651891344988
65.94,2.92753259719602,0.10345045531832502,-12.628888854737571
65.95,2.92856201751817,0.10242888230067212,-12.80086139237527
65.96,2.92958108151267,0.10137923098400374,-12.59499559149724
65.97,2.93058950725717,0.1003012364631739,-12.771645823509362
65.98,2.93158700738994,0.09919359291508112,-12.915679292207349
65.99,2.93257327616075,0.09805494596006141,-12.679904341238288
66.0,2.9335480015915,0.09688492807174987,-12.59039149100215
66.01,2.93451086735444,0.09568273634309825,-12.536117426427742
66.02,2.93546154557085,0.09444733062183852,-12.460137773975978
66.03,2.93639969963438,0.09317760879966608,-12.399097149578619
66.04,2.9373249801564,0.09187240927800064,-11.831361979168433
66.05,2.93823703098288,0.09053234295500016,-11.69325790493955
66.0599999999999,2.93913550724549,0.08915643993244368,-11.683213072803245
66.07,2.9400200351925,0.08774303216015171,-11.365032349930827
66.08,2.94089024104147,0.08629159049040233,-11.139014184667523
66.09,2.9417457374915,0.0848012549536925,-10.779186733322419
66.1,2.94258613477864,0.08327168460059801,-10.66635051040862
66.11,2.94341103449542,0.08170116860305814,-10.58433203010303
66.12,2.94422001492076,0.08008754613308966,-10.309778464829913
66.13,2.94501263839609,0.07842966971579232,-9.852282442501442
66.14,2.94578846044803,0.07672760941283738,-9.622180561295734
66.15,2.94654703834769,0.07497992358658223,-9.440175607807753
66.16,2.94728790140402,0.07318469437505767,-8.941167066102398
66.17,2.94801057521362,0.07134250717976502,-8.629205661741134
66.1799999999999,2.94871459205046,0.06945261012050916,-8.41560842889879
66.19,2.94939946265764,0.06751320461266068,-8.119329871097897
66.2,2.95006468774172,0.06552321182976181,-7.765938572622267
66.21,2.95070975619018,0.06348225639259594,-7.578604091633762
66.22,2.95133415489121,0.061387883624663964,-7.354725835623533
66.23,2.95193732908645,0.05923787141130695,-7.024316751156869
66.24,2.95251872487692,0.057031585347822045,-6.701595556644523
66.25,2.9530777715065,0.054768656435081706,-6.449720671864321
66.26,2.95361390400987,0.05244752544900274,-6.210336102195035
66.27,2.95412652337784,0.05006651071501149,-5.869739314517015
66.28,2.95461503679376,0.047626464371749076,-5.621062277165764
66.29,2.95507885249182,0.04512655731660302,-5.425218211035742
66.3,2.9555173611971,0.04256445754872903,-5.185357158586022
66.3099999999999,2.95592993172657,0.039939301635738556,-4.935946931428938
66.32,2.95631593576591,0.03725102934335478,-4.7618509125107265
66.33,2.95667473284601,0.03449678905157831,-4.5617260536800455
66.34,2.95700564663142,0.03167487204459215,-4.343322682939602
66.35,2.95730800396446,0.02878510154590656,-4.147435659789034
66.36,2.95758112006816,0.025826872566336867,-3.9731328531167214
66.37,2.95782430815442,0.022798457685269113,-3.790871754106456
66.38,2.95803685544314,0.019699797509420414,-3.6129938944465914
66.39,2.95821807204207,0.01653174780182528,-3.462723679165383
66.4,2.95836725546823,0.013293239024155431,-3.31725848845024
66.41,2.95848369861892,0.009983114376421742,-3.1754696438921663
66.42,2.95856667937504,0.006601490864603192,-3.042286873853528
66.4299999999999,2.95861548957138,0.003148506374576569,-2.919857622448466
66.44,2.95862940418416,-0.00037830019800437026,-2.799816889201697
66.45,2.95860767632693,-0.003979482946510812,-2.687793781044054
66.46,2.9585495694432,-0.007654036399899293,-2.58246484839296
66.47,2.95845434959728,-0.011402332766637565,-2.4795004560584015
66.48,2.95832127471495,-0.015225553309002512,-2.39619030765982
66.49,2.95814959843293,-0.019120622966499006,-2.3143129206592588
66.5,2.95793862652548,-0.023086113789161367,-2.2308344014963524
66.51,2.9576876388375,-0.027122968727322228,-2.156310340485437
66.52,2.95739593160621,-0.031230614024768677,-2.091580154308451
66.53,2.95706279532605,-0.03540764201598694,-2.0318730865481336
66.54,2.95668755211685,-0.03965249641024737,-1.9680219013142715
66.55,2.95626951996454,-0.04396514511602797,-1.9150560819361842
66.5599999999999,2.95580802828336,-0.04834422608217907,-1.873770413574129
66.57,2.95530242207205,-0.05278721149774753,-1.8289976060876754
66.58,2.95475207610679,-0.05729256866204846,-1.785426027463744
66.59,2.95415636793171,-0.06185902786174739,-1.7619043812564705
66.6,2.95351470340009,-0.0664830174690878,-1.732445150168588
66.61,2.95282652376186,-0.07116211112982256,-1.7037088890323857
66.62,2.95209128484428,-0.07589422206133827,-1.6846119112101379
66.63,2.95130847282081,-0.0806763298105806,-1.6705959984742853
66.64,2.95047760251905,-0.08550512241083386,-1.6563528965616339
66.65,2.94959822473729,-0.09037760430375594,-1.6436485861087562
66.66,2.94866991486542,-0.09529086700200326,-1.64138824356056
66.67,2.94769228410822,-0.10024109193350247,-1.6382378855675128
66.6799999999999,2.94666498152673,-0.10522478128276078,-1.638372344678061
66.69,2.94558768905979,-0.11023834789359126,-1.6441867559371994
66.7,2.94446012823191,-0.11527783556489757,-1.6531661095612016
66.71,2.94328205949689,-0.12033919867315465,-1.6660433007746047
66.72,2.94205328529132,-0.12541825322474054,-1.681861301123165
66.73,2.94077364937585,-0.13051080543883636,-1.6976040788720839
66.74,2.93944303765056,-0.13561288404544403,-1.7226107330220166
66.75,2.93806137502347,-0.1407199471706718,-1.7496279387408793
66.76,2.93662863655773,-0.14582756455958634,-1.7697081481425452
66.77,2.93514483429369,-0.15093213311816087,-1.80669887067852
66.78,2.93361001955947,-0.15602894294108144,-1.8403554044096888
66.79,2.93202429501157,-0.1611138172270062,-1.870520823270374
66.8,2.9303877954537,-0.1661831222398269,-1.9177664046445333
66.8099999999999,2.92870069951477,-0.1712322409303117,-1.9563074114542787
66.82,2.92696323025385,-0.17625746647883894,-1.9986049645216362
66.83,2.92517564232441,-0.18125510977465842,-2.055342293476027
66.84,2.92333823390828,-0.1862208371510928,-2.0950163093640572
66.85,2.92145134192317,-0.19115171274524853,-2.1471017409363786
66.86,2.91951532750206,-0.19604428202764462,-2.213296632862713
66.87,2.91753059660408,-0.2008945534188733,-2.254928622374877
66.88,2.91549758519888,-0.20570026501223565,-2.314070732095193
66.89,2.91341674990799,-0.21045841631831913,-2.3832035283124697
66.9,2.91128858573481,-0.21516574099048985,-2.430543096960749
66.91,2.90911361084972,-0.21982038246807223,-2.4930016388827316
66.92,2.90689236165158,-0.22441994891544415,-2.560472620080585
66.9299999999999,2.90462540313832,-0.22896202919565622,-2.6145950431544622
66.94,2.90231331791346,-0.23344506145713448,-2.6769235767557955
66.95,2.89995670444824,-0.23786730837867348,-2.7399861284366174
66.96,2.8975561795058,-0.2422271728502401,-2.7978796324563504
66.97,2.89511237288248,-0.24652344505083912,-2.8563658653321995
66.98,2.89262592612941,-0.25075503559049234,-2.914361069315463
66.99,2.89009749084322,-0.25492099472315494,-2.9710993661169796
67.0,2.88752772746258,-0.25902053966636585,-3.0216341887701588
67.01,2.88491730291462,-0.26305320575426006,-3.070013345465572
67.02,2.88226688746057,-0.267018651640305,-3.1268255154268707
67.03,2.87957715551765,-0.2709163294552656,-3.1675328904239954
67.04,2.87684878648366,-0.27474627965285253,-3.1953615896390253
67.05,2.87408245463397,-0.27850891712171516,-3.2560729641071307
67.0599999999999,2.87127883394947,-0.28220370030483943,-3.2865785386049677
67.07,2.86843860529874,-0.28583100500823766,-3.2929380955509124
67.08,2.8655624358384,-0.28939184545809055,-3.342179087041243
67.09,2.8626509903464,-0.29288603313436523,-3.3701176518136493
67.1,2.85970493578572,-0.2963139401258993,-3.3668588944848348
67.11,2.85672492885342,-0.2996767188168178,-3.383576955684947
67.12,2.85371161670967,-0.30297494535935776,-3.413303027336719
67.13,2.85066564399602,-0.3062088496198453,-3.404231234403584
67.14,2.84758765036964,-0.30937955237148784,-3.389109310033078
67.15,2.84447826008756,-0.3124882229750011,-3.4161101416041735
67.16,2.84133809172657,-0.3155350453238152,-3.4006201130272324
67.17,2.83816776160846,-0.31852109446373067,-3.3626780275406722
67.1799999999999,2.8349678679757,-0.3214478386653378,-3.3811303497136698
67.19,2.83173900141625,-0.32431552299074795,-3.359523206061029
67.2,2.82848175082873,-0.3271251584393342,-3.3124551374119733
67.21,2.82519668719159,-0.3298782104905825,-3.3068431260381828
67.22,2.82188437319114,-0.33257526844464963,-3.2864837776146936
67.23,2.8185453655744,-0.33521714857643514,-3.241937313704827
67.24,2.81518021010457,-0.3378050919301545,-3.2072499011180065
67.25,2.8117894403282,-0.340340094943011,-3.1872716370464897
67.26,2.80837358225316,-0.3428228384082003,-3.143290588310836
67.27,2.80493315415628,-0.3452543984183376,-3.0943009670895374
67.28,2.80146866133819,-0.3476358934640637,-3.068657328974889
67.29,2.79798060081864,-0.34996799661101513,-3.0236310964094795
67.3,2.79446946276773,-0.3522516785569363,-2.9698639088527408
67.3099999999999,2.79093572518592,-0.3544880240262375,-2.937526057470289
67.32,2.78737985770326,-0.35667772590415686,-2.8923870645973824
67.33,2.78380232318603,-0.35882165833158364,-2.8386805363084373
67.34,2.78020357387711,-0.3609208152391667,-2.7966063055149615
67.35,2.77658405357651,-0.3629759703372352,-2.7555470088346574
67.36,2.7729441986558,-0.3649878548066495,-2.7055291599995774
67.37,2.76928443785602,-0.3669573290896011,-2.655773839210839
67.38,2.76560519068999,-0.3688852326973506,-2.61191646847936
67.39,2.76190686934078,-0.37077229222352015,-2.5645971740945006
67.4,2.75818987845756,-0.37261927017783564,-2.517364011288244
67.41,2.7544546150634,-0.37442691566071573,-2.471800614043603
67.42,2.75070146889229,-0.37619593866326334,-2.426063711358665
67.4299999999999,2.74693082269791,-0.3779270404198491,-2.379874270660752
67.44,2.74314305217323,-0.379620919456584,-2.3348905449378954
67.45,2.7393385261613,-0.3812782464938288,-2.2909486795513256
67.46,2.7355176069342,-0.3828996678642597,-2.2469562798962417
67.47,2.73168065036493,-0.3844858235112677,-2.203824963526841
67.48,2.72782800594598,-0.386037335687491,-2.160440431053225
67.49,2.72396001707689,-0.38755482461489965,-2.1187124442422585
67.5,2.72007702091238,-0.3890388800528277,-2.0788219258730285
67.51,2.71617934904992,-0.3904900610558408,-2.0371187770878976
67.52,2.71226732733656,-0.3919089513287603,-1.9965001834197749
67.53,2.70834127579703,-0.393296115766321,-1.958774259139926
67.54,2.70440150904871,-0.39465207264393437,-1.9211331317574833
67.55,2.70044833663908,-0.3959773385107594,-1.8815200885885317
67.5599999999999,2.69648206279023,-0.39727245801540007,-1.8455635846742644
67.57,2.69250298635048,-0.39853791982341996,-1.8117226326294218
67.58,2.68851140170176,-0.39977418202284953,-1.7734933866588967
67.59,2.68450759831013,-0.40098176887305437,-1.7377026879208823
67.6,2.68049186031017,-0.40216116873805774,-1.706300258976991
67.61,2.67646446748253,-0.4033128027656689,-1.6734722745885429
67.62,2.67242569532953,-0.4044371132295018,-1.6400002371228106
67.63,2.66837581479689,-0.4055345544373553,-1.6088748336797025
67.64,2.66431509241259,-0.4066055466342792,-1.578966929173881
67.65,2.66024379067949,-0.4076504928226643,-1.548090177786747
67.66,2.65616216798644,-0.4086698120894757,-1.5182369608643047
67.67,2.65207047852641,-0.409663909421909,-1.490748501292359
67.6799999999999,2.64796897263869,-0.41063315480242374,-1.4638624972932381
67.69,2.64385789702812,-0.41157791411794803,-1.4327750742824186
67.7,2.63973749457641,-0.4124986166434752,-1.4068100361789528
67.71,2.63560800372232,-0.41339561646941786,-1.3837595605839468
67.72,2.63146966018951,-0.4142692251998296,-1.3558310619195995
67.73,2.62732269590925,-0.41511982944514303,-1.3298767314173234
67.74,2.62316733909583,-0.4159477906638546,-1.3066160830111886
67.75,2.6190038145063,-0.41675342946050725,-1.2835652502314119
67.76,2.61483234384557,-0.4175370647478009,-1.2594481025795257
67.77,2.61065314544243,-0.418299033642929,-1.2370682318776087
67.78,2.60646643435461,-0.41903964965559853,-1.2155483397384648
67.79,2.60227242261577,-0.4197592148798927,-1.1935705678890436
67.8,2.59807131919096,-0.420458040700585,-1.1718746819818533
67.8099999999999,2.59386332991882,-0.42113643555308966,-1.1523365725728
67.82,2.58964865766308,-0.4217946762906063,-1.1332276139342659
67.83,2.5854275026591,-0.42243303472949323,-1.113542451613995
67.84,2.58120006226807,-0.4230517980020684,-1.090426647397141
67.85,2.57696653092628,-0.42365130471935614,-1.0735486005525712
67.86,2.57272709956077,-0.42423179932814525,-1.058547887326637
67.87,2.56848195756702,-0.42479349722017357,-1.0393976206229376
67.88,2.56423129131337,-0.4253366823175897,-1.0185238893367206
67.89,2.5599752846135,-0.42586166846548074,-1.0021062203097162
67.9,2.55571411781072,-0.4263687003736731,-0.9886882945769706
67.91,2.55144796976168,-0.4268579776388134,-0.9705075968975361
67.92,2.54717701654365,-0.4273297724604756,-0.9548627283648349
67.9299999999999,2.5429014317936,-0.4277843239594274,-0.9394306016514522
67.94,2.53862138676134,-0.4282218673662741,-0.924477537727482
67.95,2.53433705037833,-0.42864263188134855,-0.9099387124695963
67.96,2.53004858930544,-0.4290468418832331,-0.895478041555453
67.97,2.52575616797216,-0.4294347224616561,-0.8808812134950011
67.98,2.52145994853797,-0.4298065014060641,-0.867791913899739
67.99,2.51716009093397,-0.43016238418135033,-0.8551229021901432
68.0,2.51285675316865,-0.43050257051107843,-0.8423166956173294
68.01,2.50855009111936,-0.43082726952130557,-0.8241691690479831
68.02,2.50424025848242,-0.4311367706353357,-0.8131884920358645
68.03,2.49992740578669,-0.4314312530484421,-0.8048326611448686
68.04,2.49561168298353,-0.43171085514157975,-0.7894062476479431
68.05,2.49129323749405,-0.43197582212599617,-0.7794697016043592
68.0599999999999,2.48697221475829,-0.4322263218728121,-0.7679494066310776
68.07,2.48264875863989,-0.4324625448606678,-0.7554892444708757
68.08,2.47832301077499,-0.43268469738466653,-0.7454796926210263
68.09,2.47399511101093,-0.4328929510491464,-0.7335224323018553
68.1,2.46966519741277,-0.4330875076449285,-0.7216947161994578
68.11,2.46533340586803,-0.43326856706233563,-0.712956102979574
68.12,2.46099987054918,-0.43343628172642557,-0.7031525397898779
68.13,2.45666472414969,-0.43359082004859795,-0.6925904263468534
68.14,2.45232809747322,-0.43373236343408805,-0.6836461070139921
68.15,2.44799011966618,-0.43386107015308173,-0.6739335373219839
68.16,2.44365091829319,-0.433977110254824,-0.6643931260827206
68.17,2.43931061912782,-0.4340806518053242,-0.6561529875947743
68.1799999999999,2.43496934639692,-0.43417184628831895,-0.6446589540687492
68.19,2.43062722271266,-0.434250893905593,-0.6365915136615873
68.2,2.42628436852651,-0.434317942281263,-0.630037085867249
68.21,2.42194090343321,-0.4343731152581724,-0.620362124047751
68.22,2.41759694523507,-0.4344165853749046,-0.6118198941519047
68.23,2.41325261021212,-0.434448510761809,-0.6036373026422686
68.24,2.40890801300278,-0.4344690427646773,-0.5962249937976504
68.25,2.40456326686631,-0.43447832120882734,-0.5882835332519932
68.26,2.40021848360035,-0.434476493987405,-0.5808283612631575
68.27,2.39587377353774,-0.4344637021090225,-0.5737502018687971
68.28,2.39152924565271,-0.4344400812169913,-0.5662686012162687
68.29,2.38718500753827,-0.434405773460822,-0.5591656884737193
68.3,2.38284116535063,-0.43436091578317926,-0.5524002312453736
68.3099999999999,2.3784978239364,-0.4343056416274231,-0.5440772189166428
68.32,2.37415508673173,-0.43424010756097553,-0.5379912393424957
68.33,2.36981305558236,-0.43416443560415263,-0.5324560727506724
68.34,2.36547183142563,-0.4340787388249094,-0.52535497653286
68.35,2.3611315137601,-0.43398315558476436,-0.518293855773598
68.36,2.35679220081264,-0.43387782483158926,-0.5121978943561408
68.37,2.35245398934861,-0.4337628697964946,-0.5067279782909386
68.38,2.3481169751135,-0.43363840408730725,-0.5002612794541522
68.39,2.34378125254256,-0.43350455658529946,-0.4944231568202513
68.4,2.33944691485472,-0.4333614475002542,-0.48863698064302236
68.41,2.33511405406861,-0.43320919590007134,-0.48297703061802844
68.42,2.33078276102193,-0.43304791901293366,-0.4774716871473786
68.4299999999999,2.32645312538825,-0.4328777319682657,-0.4718924327992331
68.44,2.32212523569339,-0.43269875151357906,-0.4661263596761872
68.45,2.31779917927648,-0.43251109702449797,-0.46113639136024287
68.46,2.3134750423094,-0.4323148758397455,-0.45621611662414074
68.47,2.30915290995927,-0.43211019408665086,-0.450941577553496
68.48,2.30483286625648,-0.431897163782898,-0.4457132529029905
68.49,2.30051499414352,-0.43167589643564597,-0.44091156472957216
68.5,2.29619937543735,-0.4314464967082765,-0.43632271345297297
68.51,2.29188609097851,-0.4312090658385263,-0.4316055887909183
68.52,2.28757522054139,-0.4309637077631656,-0.4263183043279992
68.53,2.28326684287646,-0.43071053517516056,-0.4217416788496648
68.54,2.27896103555253,-0.4304496495026733,-0.417819654907214
68.55,2.27465787528865,-0.43018114192892404,-0.41317685942767723
68.5599999999999,2.27035743777923,-0.42990511463966896,-0.4085762053046828
68.57,2.26605979772153,-0.42962166999300777,-0.4040583962333539
68.58,2.26176502877233,-0.429330908580583,-0.40010167484634424
68.59,2.25747320363261,-0.4290329222308209,-0.3960148819973589
68.6,2.25318439409754,-0.42872780458507176,-0.3917616617003282
68.61,2.24889867099091,-0.42841565211858557,-0.3875817025691258
68.62,2.24461610418894,-0.42809656014666614,-0.38368544862190374
68.63,2.24033676261804,-0.427770619408178,-0.37988345321346334
68.64,2.23606071433218,-0.4274379190433312,-0.37601321503879853
68.65,2.23178802646581,-0.4270985496021599,-0.3718151553339303
68.66,2.2275187652563,-0.42675260639217416,-0.368163357777101
68.67,2.22325299596326,-0.4264001761890161,-0.36478845897563605
68.6799999999999,2.21899078307884,-0.4260413413352297,-0.3610114753790198
68.69,2.21473219018881,-0.4256761904512407,-0.3570691220738562
68.7,2.21047728002093,-0.42530481491075783,-0.3534095612141122
68.71,2.20622611435413,-0.4249273013063437,-0.3502592530440694
68.72,2.20197875419069,-0.4245437283461051,-0.34672910856278444
68.73,2.19773525970365,-0.4241541802448216,-0.3431511517716943
68.74,2.19349569021862,-0.42375874236614636,-0.3395609844925919
68.75,2.18926010420695,-0.42335749997559996,-0.3363014039459987
68.76,2.18502855930103,-0.4229505331278231,-0.33307821043244185
68.77,2.18080111236,-0.42253792120558653,-0.3296013199127427
68.78,2.17657781941836,-0.42211974723927276,-0.3263433500621709
68.79,2.17235873569026,-0.42169609098399174,-0.3231750313193356
68.8,2.16814391561182,-0.42126703064392,-0.31991343586203497
68.8099999999999,2.16393341282576,-0.420832645759243,-0.31660606707038413
68.82,2.15972728017963,-0.4203930163946712,-0.31349993483284594
68.83,2.15552556972385,-0.4199482193958345,-0.31048700075788127
68.84,2.1513283327639,-0.4194983302276449,-0.30714594069853624
68.85,2.14713561982742,-0.4190434290068231,-0.304012476166898
68.86,2.14294748063551,-0.41858359268065104,-0.3010822633017354
68.87,2.13876396417755,-0.41811889495990684,-0.29797700654418746
68.88,2.13458511868662,-0.4176494120075073,-0.29478114006098294
68.89,2.13041099163149,-0.41717522122191786,-0.2917824706497297
68.9,2.12624162970793,-0.41669639688317606,-0.2888655507208756
68.91,2.12207707889466,-0.4162130119371795,-0.28571465164256477
68.92,2.11791738441796,-0.41572514255392806,-0.2826681508336175
68.9299999999999,2.11376259074419,-0.4152328632691697,-0.2797504826675695
68.94,2.10961274161064,-0.41473624647650664,-0.27678246068139517
68.95,2.1054678800284,-0.4142353652490642,-0.2736029645836563
68.96,2.10132804826882,-0.4137302954963988,-0.2706500967471437
68.97,2.09719328783952,-0.41322110964143366,-0.26780387438806885
68.98,2.09306363955917,-0.41270787839007655,-0.26467456409036627
68.99,2.08893914350817,-0.4121906763213298,-0.26161373350884465
69.0,2.08481983902483,-0.4116695769236604,-0.25868995963531616
69.01,2.08070576472336,-0.41114465140158485,-0.25574065994421685
69.02,2.07659695851153,-0.41061597117703075,-0.25259938159798206
69.03,2.07249345756996,-0.41008361017825423,-0.24960510757193474
69.04,2.06839529833887,-0.40954764004883515,-0.24667107239718816
69.05,2.06430251656347,-0.40900813133007236,-0.24357325620497372
69.0599999999999,2.06021514726547,-0.4084651566713301,-0.2404769924263956
69.07,2.05613322474237,-0.4079187885126586,-0.2374675049619588
69.08,2.05205678257063,-0.40736909775501706,-0.23446620146364752
69.09,2.04798585362627,-0.4068161550170868,-0.23126863016751079
69.1,2.04392047006727,-0.4062600333921548,-0.2281832186569801
69.11,2.03986066331754,-0.40570080417675997,-0.22515649010778357
69.12,2.03580646410785,-0.4051385375480036,-0.2219957070540429
69.13,2.03175790245212,-0.4045733052707538,-0.21883445666001855
69.14,2.02771500764967,-0.4040051789089875,-0.2156970270346569
69.15,2.02367780828459,-0.4034342293785853,-0.21254705423895534
69.16,2.01964633223669,-0.4028605274573346,-0.20936460636453083
69.17,2.01562060667371,-0.40228414407517493,-0.20617499047245935
69.1799999999999,2.01160065805751,-0.40170514998699725,-0.20295184070784855
69.19,2.00758651214017,-0.4011236160855858,-0.19972725762164456
69.2,2.00357819396681,-0.40053961294459856,-0.19651681749748076
69.21,1.99957572787838,-0.39995321062691325,-0.19325160284720186
69.22,1.99557913751654,-0.39936447962290644,-0.1899495311608276
69.23,1.99158844581324,-0.39877349056200256,-0.18670262345904792
69.24,1.98760367500044,-0.39818031296840845,-0.18342828627412702
69.25,1.98362484661702,-0.39758501637716476,-0.1800794629559319
69.26,1.97965198150299,-0.39698767092492726,-0.17680204956291912
69.27,1.9756850997989,-0.3963883454111713,-0.17352281831976957
69.28,1.97172422096647,-0.3957871082875042,-0.17013141957487166
69.29,1.9677693637742,-0.3951840290565112,-0.16684034369121178
69.3,1.96382054629989,-0.39457917551199984,-0.16353916755182393
69.3099999999999,1.95987778595304,-0.393972615165078,-0.1601332263437448
69.32,1.95594109945863,-0.39336441643934206,-0.15684321178852112
69.33,1.95201050286393,-0.39275464584083153,-0.15352479105823286
69.34,1.94808601155973,-0.3921433698115928,-0.150101955849832
69.35,1.94416764026274,-0.3915306556227442,-0.14686988490041206
69.36,1.9402554030265,-0.39091656764224475,-0.14356815971812986
69.37,1.93634931327282,-0.3903011706884193,-0.14012648703146632
69.38,1.93244938375744,-0.3896845308181629,-0.1369730485673601
69.39,1.92855562659287,-0.3890667099505807,-0.1337029861947171
69.4,1.92466805328508,-0.38844777099374767,-0.13029007134362924
69.41,1.92078667468801,-0.38782777810483043,-0.12721820665172978
69.42,1.91691150103781,-0.387206790658586,-0.12399248111908424
69.4299999999999,1.91304254198729,-0.38658486943123904,-0.12065244622211356
69.44,1.90917980655835,-0.38596207606243127,-0.11767434077370222
69.45,1.90532330318408,-0.3853384671614261,-0.11452589269394974
69.46,1.90147303973962,-0.3847141009059085,-0.11128355860628988
69.47,1.89762902349682,-0.38408903604691774,-0.10843151677421277
69.48,1.89379126116898,-0.38346332597117283,-0.10539692103429939
69.49,1.88995975894459,-0.38283702575150164,-0.1022782577064908
69.5,1.88613452243832,-0.3822101909006707,-0.09956633015406521
69.51,1.88231555674172,-0.3815828713975863,-0.09667409203788949
69.52,1.8785028664541,-0.38095511883291894,-0.0937260015339063
69.53,1.87469645563854,-0.38032698488725447,-0.0911700646052744
69.54,1.87089632787283,-0.37969851592190573,-0.08845034720529692
69.55,1.86710248627803,-0.3790697596823267,-0.08570378490014244
69.5599999999999,1.86331493348065,-0.37844076364567103,-0.08333345836224244
69.57,1.85953367166298,-0.37781157020283324,-0.08081605036544716
69.58,1.85575870258991,-0.37718222291099524,-0.07829972487754734
69.59,1.85199002757645,-0.3765527647299224,-0.07614011278402609
69.6,1.84822764753773,-0.37592323381108556,-0.07385462530090726
69.61,1.84447156301313,-0.3752936692083301,-0.07159976286405347
69.62,1.84072177414068,-0.3746641090466648,-0.06967026539547325
69.63,1.83697828070505,-0.3740345870614281,-0.06764544107931315
69.64,1.83324108215869,-0.37340513752926463,-0.06567997976270479
69.65,1.82951017760458,-0.3727757934868274,-0.06400145670893899
69.66,1.82578556584043,-0.3721465840819024,-0.06226332516654963
69.67,1.82206724537739,-0.3715175385986684,-0.06060948565654038
69.6799999999999,1.818355214431,-0.37088868482409815,-0.05920438943142775
69.69,1.81464947096098,-0.37026004715282984,-0.057775487623613654
69.7,1.81095001268804,-0.36963164972856716,-0.056447565791409735
69.71,1.80725683709205,-0.36900351504317774,-0.05533950102720991
69.72,1.80356994144699,-0.36837566258026333,-0.05424321454399701
69.73,1.79988932283776,-0.36774811120099027,-0.053254290886134384
69.74,1.79621497816335,-0.36712087809415705,-0.05245405166095302
69.75,1.79254690416705,-0.3664939778510864,-0.05170770417847565
69.76,1.78888509745261,-0.3658674240027545,-0.05107471826139198
69.77,1.78522955449397,-0.3652412283949876,-0.050593514274419236
69.78,1.78158027165904,-0.3646154007503455,-0.05020916928167722
69.79,1.77793724522589,-0.3639899493019202,-0.04994034890474823
69.8,1.77430047139801,-0.3633648806318224,-0.04978770639532398
69.8099999999999,1.77066994632196,-0.3627401996544988,-0.049773712561948714
69.82,1.76704566610342,-0.3621159093915009,-0.0498747181993133
69.83,1.76342762682771,-0.3614920112818258,-0.050055723070809625
69.84,1.75981582457099,-0.36086850555441996,-0.05041648072480118
69.85,1.75621025541634,-0.36024539016200063,-0.05088885346112136
69.86,1.75261091547899,-0.35962266157458606,-0.051408082406417956
69.87,1.74901780091115,-0.35900031547207634,-0.05214377184579797
69.88,1.74543090791842,-0.3583783449365811,-0.052982230299529455
69.89,1.74185023278843,-0.357756741729585,-0.05383765166035832
69.9,1.73827577188962,-0.35713549719824844,-0.05494794370308129
69.91,1.7347075216883,-0.3565145997408407,-0.05617256763889011
69.92,1.73114547878117,-0.35589403639749717,-0.05733527781490632
69.9299999999999,1.72758963988973,-0.3552737946999951,-0.058799365659861255
69.94,1.72404000186876,-0.3546538587980856,-0.06043088709247725
69.95,1.72049656175302,-0.354034210997665,-0.061885837735550016
69.96,1.71695931674326,-0.35341483535824375,-0.06368698345942302
69.97,1.71342826420545,-0.3527957121710834,-0.06571557291350694
69.98,1.70990340173119,-0.3521768193236556,-0.06746335268960957
69.99,1.70638472711699,-0.3515581375834224,-0.06958594426241582
70.0,1.70287223835442,-0.35093964375091935,-0.07198434766172784
70.01,1.6993659337013,-0.3503213117829011,-0.07404008010550467
70.02,1.69586581165578,-0.3497031191868357,-0.07646148783069641
70.03,1.69237187094182,-0.3490850397124305,-0.07917933065515424
70.04,1.688884110581,-0.3484670440904262,-0.08159430722222846
70.05,1.68540252986855,-0.3478491062378297,-0.084265779305937
70.0599999999999,1.68192712836047,-0.34723119753666637,-0.0872577592659582
70.07,1.67845790592612,-0.3466132861530691,-0.09006002246347429
70.08,1.67499486274596,-0.34599534232884016,-0.09294871078938112
70.09,1.67153799929084,-0.3453773355629223,-0.09619742352881203
70.1,1.66808731635769,-0.344759231821562,-0.09936520536949446
70.11,1.66464281508751,-0.34414099808566434,-0.10246111638153227
70.12,1.66120449693791,-0.3435226022316662,-0.1059459240403832
70.13,1.65777236370288,-0.34290400840134944,-0.10945177196725676
70.14,1.65434641754845,-0.3422851807745042,-0.11274768336435412
70.15,1.65092666097999,-0.34166608582948954,-0.11644887781424074
70.16,1.64751309684773,-0.34104668623691586,-0.12026103317004279
70.17,1.64410572839666,-0.3404269438637586,-0.12374993820832342
70.1799999999999,1.64070455923024,-0.3398068240049087,-0.1276496748883717
70.19,1.63730959330372,-0.33918628818200663,-0.1317342516077197
70.2,1.6339208349848,-0.3385652964415046,-0.13540918421773807
70.21,1.63053828901498,-0.3379438131010752,-0.1394902095921065
70.22,1.6271619604933,-0.337321798837914,-0.14381264712374398
70.23,1.62379185494385,-0.33669921236024747,-0.1476659308523529
70.24,1.62042797827631,-0.33607601721290514,-0.15191347735799077
70.25,1.61707033676229,-0.33545217350724654,-0.15642228997157276
70.26,1.61371893710637,-0.3348276392260911,-0.16048142250996286
70.27,1.6103737864052,-0.334202377007764,-0.16485574790219357
70.28,1.60703489212672,-0.3335763468979884,-0.169494786462235
70.29,1.60370226216602,-0.3329495067784886,-0.1738320454537799
70.3,1.60037590482069,-0.3323218178306627,-0.17825288996542019
70.3099999999999,1.59705582877038,-0.3316932408888251,-0.1829784368467171
70.32,1.59374204310128,-0.3310637342740952,-0.18761190828507285
70.33,1.5904345573174,-0.3304332576622623,-0.19206531237630695
70.34,1.58713338130974,-0.32980177285882134,-0.1968630371278824
70.35,1.58383852535753,-0.32916923886732546,-0.20173006491890458
70.36,1.58055000016538,-0.3285356145550737,-0.2062458903373041
70.37,1.5772678168266,-0.3279008624918293,-0.21110639357323116
70.38,1.57399198680891,-0.3272649425260121,-0.21613953765784008
70.39,1.57072252200479,-0.3266278134388253,-0.22073881945762655
70.4,1.56745943469402,-0.32598943844500683,-0.2256627010008632
70.41,1.56420273752014,-0.32534977831099043,-0.23077813907643602
70.42,1.56095244354511,-0.3247087925464002,-0.23553905073838532
70.4299999999999,1.55770856621083,-0.32406644438701304,-0.24047499345897105
70.44,1.55447111932511,-0.32342269604367924,-0.24560188632878366
70.45,1.55124011708658,-0.32277750846833414,-0.2505722967354908
70.46,1.54801557407635,-0.32213084457640523,-0.2554937750594314
70.47,1.54479750523695,-0.3214826682663374,-0.2606359925622323
70.48,1.54158592587724,-0.32083294197342205,-0.265753718556763
70.49,1.53838085168566,-0.32018162893591534,-0.2706577907747975
70.5,1.53518229870284,-0.3195286948052508,-0.2758367312891209
70.51,1.53199028331406,-0.3188741033179214,-0.28109979983717254
70.52,1.52880482228107,-0.31821781804166616,-0.2860561477792833
70.53,1.52562593270965,-0.317559805851921,-0.29111576599624733
70.54,1.52245363203256,-0.31690003328266325,-0.2964064527263744
70.55,1.51928793802821,-0.31623846529266386,-0.3016657505938206
70.5599999999999,1.51612886882347,-0.31557506780692246,-0.3065508976785915
70.57,1.51297644287205,-0.3149098105725834,-0.31176684991669606
70.58,1.50983067892011,-0.314242661014084,-0.3171601746864091
70.59,1.50669159607004,-0.3135735855476607,-0.3222346063180367
70.6,1.50355921372908,-0.312902553968338,-0.32729387874215743
70.61,1.50043355160953,-0.3122295368623444,-0.33254863994010203
70.62,1.49731462971223,-0.31155450361632,-0.3378811483110163
70.63,1.49420246835872,-0.310877423558914,-0.34295597621470314
70.64,1.49109708815656,-0.3101982688174132,-0.34811176523142034
70.65,1.48799850999124,-0.30951701146366883,-0.35339289443820504
70.66,1.48490675503048,-0.308833623025497,-0.3586570759839452
70.67,1.48182184472572,-0.3081480758129899,-0.3637381979167604
70.6799999999999,1.47874380079546,-0.30746034426710017,-0.3689619497304237
70.69,1.47567264520864,-0.30677040223101215,-0.3742658420904367
70.7,1.47260840020589,-0.3060782234487451,-0.3794402304527534
70.71,1.46955108827688,-0.3053837833616661,-0.38458204080000125
70.72,1.46650073215523,-0.3046870583070035,-0.38982061363981174
70.73,1.46345735480676,-0.30398802438266576,-0.3950990408294685
70.74,1.46042097944177,-0.3032866579700052,-0.4002432953278097
70.75,1.45739162949512,-0.3025829371568367,-0.40542257635740353
70.76,1.45436932861851,-0.3018768403615776,-0.4106766273430656
70.77,1.4513541006795,-0.3011683459625103,-0.41590922184078666
70.78,1.4483459697602,-0.30045743311484985,-0.42108435418044177
70.79,1.44534496014414,-0.2997440820770877,-0.4262491468601901
70.8,1.44235109630941,-0.29902827378649466,-0.4314850266252856
70.8099999999999,1.43936440292243,-0.298309989191579,-0.43672067699289807
70.82,1.4363849048409,-0.2975892098405005,-0.4418987858034082
70.83,1.43341262709905,-0.2968659183591719,-0.44708110158638703
70.84,1.43044759490323,-0.2961400979552461,-0.45229279886067975
70.85,1.42748983362417,-0.29541173219041483,-0.4575109674947224
70.86,1.42453936879649,-0.29468080517790674,-0.4626946381675229
70.87,1.42159622610798,-0.2939473018880849,-0.4679226307359657
70.88,1.41866043139506,-0.29321120756941044,-0.473117674138384
70.89,1.4157320106393,-0.29247250832541427,-0.47830113075899866
70.9,1.41281098995538,-0.2917311909598449,-0.4835017332377265
70.91,1.40989739558959,-0.29098724270950804,-0.48877256957195214
70.92,1.40699125391256,-0.2902406508806669,-0.4939730158867041
70.9299999999999,1.40409259142188,-0.28949140393658146,-0.4991272762484502
70.94,1.40120143471938,-0.2887394913029251,-0.5043562025005847
70.95,1.39831781051654,-0.28798490241124797,-0.5096382698181962
70.96,1.39544174562619,-0.2872276268626554,-0.5148780262969586
70.97,1.39257326696571,-0.28646765521282797,-0.5200370262379214
70.98,1.38971240153626,-0.28570497923493166,-0.5252671550497521
70.99,1.38685917642264,-0.2849395907500922,-0.5305712079483804
71.0,1.38401361878982,-0.2841714815806603,-0.5358647671795886
71.01,1.3811757558842,-0.28340064425809536,-0.541047153822952
71.02,1.37834561501842,-0.2826270727542435,-0.5462777588562963
71.03,1.37552322356241,-0.28185076127274317,-0.5516107332469877
71.04,1.37270860894601,-0.28107170380167007,-0.5569757000737363
71.05,1.36990179865765,-0.2802898947181757,-0.5621952800073655
71.0599999999999,1.36710282023654,-0.2795053300843268,-0.5674299657088474
71.07,1.36431170125283,-0.2787180064435957,-0.5728081662746698
71.08,1.36152846931757,-0.2779279198124115,-0.578287561941215
71.09,1.35875315207912,-0.2771350661113318,-0.5835303761069267
71.1,1.35598577722435,-0.2763394435933357,-0.5887618422321669
71.11,1.35322637244043,-0.2755410512121618,-0.5941800554933817
71.12,1.35047496543925,-0.2747398871050041,-0.5996926693174554
71.13,1.34773158394378,-0.2739359492358281,-0.6052116499009312
71.14,1.34499625570375,-0.27312923624659424,-0.6104244352706353
71.15,1.34226900846473,-0.27231974953257543,-0.6158236944503349
71.16,1.33954986995644,-0.2715074898462474,-0.6212716913676652
71.17,1.33683886790921,-0.2706924579315003,-0.6270984423911861
71.1799999999999,1.33413603004114,-0.26987465258709137,-0.632539362682933
71.19,1.33144138409411,-0.26905407594999636,-0.6377359235291911
71.2,1.32875495774609,-0.26823073243407347,-0.6434465539855515
71.21,1.32607677866281,-0.2674046235941678,-0.6489985105984921
71.22,1.32340687448283,-0.26657575231407626,-0.6549291041389557
71.23,1.32074527281933,-0.2657441197245036,-0.660397635520309
71.24,1.31809200127594,-0.2649097306936743,-0.6657958886551664
71.25,1.31544708737463,-0.26407259118367093,-0.6716312142214452
71.26,1.31281055860847,-0.2632327047784248,-0.677449542176445
71.27,1.31018244242161,-0.262390075555996,-0.6833888532506633
71.28,1.30756276622519,-0.26154470758199916,-0.6889398761766533
71.29,1.30495155737511,-0.2606966080862657,-0.6946594906284573
71.3,1.30234884314631,-0.25984578384901647,-0.7005487766292641
71.3099999999999,1.29975465076092,-0.2589922409182507,-0.7067411111195817
71.32,1.29716900737355,-0.2581359839788244,-0.7126648039454558
71.33,1.29459194010322,-0.25727702016617265,-0.7183084208936124
71.34,1.29202347596217,-0.2564153590206712,-0.7244247009724116
71.35,1.28946364188982,-0.2555510077190108,-0.7304484066630165
71.36,1.28691246474883,-0.254683974295411,-0.7369168176023373
71.37,1.28436997132278,-0.25381426474982616,-0.7429020890767624
71.38,1.2818361883413,-0.25294188877966567,-0.7487741084693159
71.39,1.27931114239956,-0.2520668574165904,-0.7551770515426918
71.4,1.27679486001663,-0.2511891789382492,-0.7615595864406095
71.41,1.27428736761541,-0.25030886208790387,-0.7681808043601641
71.42,1.27178869154069,-0.24942591498776462,-0.7742423194194626
71.4299999999999,1.26929885804259,-0.2485403498351635,-0.7804907015928413
71.44,1.2668178932326,-0.24765217833108144,-0.7871525711298278
71.45,1.26434582313091,-0.24676141022076012,-0.7935729607131565
71.46,1.26188267364698,-0.2458680569020729,-0.8008726098962459
71.47,1.25942847058412,-0.24497212543241703,-0.8072208802300954
71.48,1.25698323968653,-0.24407362925325712,-0.8133627242373157
71.49,1.2545470064992,-0.24317258366532796,-0.8205753892959182
71.5,1.25211979647801,-0.24226899833467708,-0.8271916896856462
71.51,1.2497016349558,-0.2413628864738282,-0.8347232178512107
71.52,1.24729254713949,-0.24045425683349442,-0.8417199200499185
71.53,1.2448925581679,-0.23954312204533443,-0.8481141981430026
71.54,1.24250169299483,-0.2386294988935722,-0.8554399888358549
71.55,1.24011997644396,-0.23771339951182968,-0.8626309055458782
71.5599999999999,1.2377474332152,-0.2367948370650038,-0.8700842998264257
71.57,1.23538408787228,-0.2358738237805802,-0.8778523556574657
71.58,1.23302996486919,-0.23495037097640745,-0.8848173332251955
71.59,1.23068508852955,-0.2340244952075891,-0.8920630310511989
71.6,1.22834948299053,-0.23309621213499407,-0.8999173204550411
71.61,1.22602317226791,-0.23216553458441463,-0.9074542326413131
71.62,1.22370618023227,-0.2312324773857529,-0.9158664037896878
71.63,1.2213985306136,-0.23029705150233912,-0.9234146590554709
71.64,1.21910024704234,-0.22935927337724613,-0.9308017950460693
71.65,1.21681135292875,-0.22841916100232082,-0.9392288646767314
71.66,1.21453187155874,-0.2274767274365967,-0.9471439405322679
71.67,1.21226182606508,-0.22653198870241642,-0.9558620850221362
71.6799999999999,1.21000123942537,-0.22558495739407788,-0.9641788262554625
71.69,1.20775013450608,-0.22463564903493033,-0.972042864493038
71.7,1.20550853397403,-0.22368408225907355,-0.9807182887200455
71.71,1.20327646033855,-0.2227302721517462,-0.9893198950183516
71.72,1.20105393595622,-0.22177423458215792,-0.9982008244943638
71.73,1.19884098302181,-0.22081598458399782,-1.0073942308225527
71.74,1.19663762358997,-0.21985553644807698,-1.0159255832902756
71.75,1.19444387955863,-0.21889290864475036,-1.024747444754666
71.76,1.19225977262455,-0.21792811888041536,-1.0341419024136
71.77,1.19008532433582,-0.2169611825677542,-1.0433009332798155
71.78,1.18792055607314,-0.2159921166536701,-1.0534220051552223
71.79,1.18576548905548,-0.21502093424250654,-1.0625861495490454
71.8,1.18362014438027,-0.21404765406242143,-1.0716335490991342
71.8099999999999,1.18148454290196,-0.21307229615376752,-1.081870809100232
71.82,1.17935870533247,-0.21209487540366964,-1.0916277824676879
71.83,1.17724265221153,-0.2111154094968167,-1.1017443960415672
71.84,1.17513640390527,-0.21013391502650766,-1.112600344114069
71.85,1.17303998062398,-0.20915040594143286,-1.1224006882086106
71.86,1.17095340243525,-0.20816490217482148,-1.1323324957054113
71.87,1.16887668916434,-0.2071774237963268,-1.143388967204437
71.88,1.16680986048913,-0.20618798622075904,-1.1539439216334961
71.89,1.16475293591058,-0.20519660768499315,-1.1651138831172143
71.9,1.16270593475166,-0.20420330431566436,-1.1766358984224672
71.91,1.16066887618678,-0.20320809156108566,-1.1872298224712794
71.92,1.15864177921661,-0.20221099009550456,-1.1982967150093082
71.9299999999999,1.15662466261751,-0.20121201920599296,-1.2101681436523741
71.94,1.15461754500896,-0.200211195173422,-1.2216551705950869
71.95,1.1526204448303,-0.19920853656124987,-1.2339481136173562
71.96,1.15063338033974,-0.19820405916466205,-1.2461713119819697
71.97,1.1486563696511,-0.19719778007598981,-1.2577448436208465
71.98,1.14668943067512,-0.19618972020883735,-1.2701001481572305
71.99,1.14473258112246,-0.19517989782684525,-1.282839765080098
72.0,1.14278583853568,-0.1941683301900051,-1.2954158144800965
72.01,1.1408492202748,-0.19315503596374536,-1.308747621446081
72.02,1.13892274351664,-0.19214003143957678,-1.3218794263771276
72.03,1.13700642528579,-0.19112333473541393,-1.3347580105291792
72.04,1.13510028239635,-0.19010496597166582,-1.3484005960990049
72.05,1.13320433148073,-0.1890849428809238,-1.3620909608116953
72.0599999999999,1.13131858899276,-0.18806328367716268,-1.3762278340254779
72.07,1.12944307120278,-0.18704000563600037,-1.3902885678572943
72.08,1.12757779421401,-0.1860151273180973,-1.4044043543168665
72.09,1.12572277392705,-0.18498866796965996,-1.4190790277810297
72.1,1.12387802606509,-0.183960645431334,-1.433798941887866
72.11,1.12204356616778,-0.18293107816641324,-1.4489592617079485
72.12,1.12021940959161,-0.18189998382465897,-1.4641102666436343
72.13,1.11840557151918,-0.18086738106991204,-1.4794121180329216
72.14,1.11660206693525,-0.17983328891441425,-1.4951844387133657
72.15,1.11480891064529,-0.17879772542334083,-1.5110922640608093
72.16,1.11302611727022,-0.1777607089864186,-1.527478143431961
72.17,1.11125370124974,-0.176722257135666,-1.5437872712504657
72.1799999999999,1.10949167684922,-0.17568238874001535,-1.560297447368457
72.19,1.10774005813357,-0.17464112288890776,-1.5773392122185208
72.2,1.10599885898966,-0.17359847756974375,-1.5945651870767474
72.21,1.10426809311993,-0.17255447097617727,-1.612228281365712
72.22,1.10254777404847,-0.1715091207228292,-1.6298258961647965
72.23,1.10083791512119,-0.17046244575725233,-1.6477195151831996
72.24,1.09913852948648,-0.16941446496058776,-1.6661206109753928
72.25,1.09744963011488,-0.16836519630274255,-1.6847781058779838
72.26,1.09577122979326,-0.16731465779849336,-1.703779679130101
72.27,1.09410334113176,-0.16626286732716786,-1.7228313395244461
72.28,1.09244597655734,-0.16520984370333264,-1.7422727756524807
72.29,1.09079914830678,-0.1641556054158259,-1.7621231185572448
72.3,1.08916286843782,-0.16310017051567316,-1.7823243214214155
72.3099999999999,1.0875371488255,-0.16204355687974847,-1.8028081621952816
72.32,1.08592200116898,-0.16098578254816015,-1.823455801161929
72.33,1.08431743698163,-0.15992686613850265,-1.844554931295017
72.34,1.08272346759264,-0.1588668258228343,-1.8659918491905927
72.35,1.0811401041514,-0.1578056796892528,-1.8878876356345347
72.36,1.07956735762588,-0.1567434453952521,-1.910014820396876
72.37,1.07800523881026,-0.15568014102200028,-1.9323732805921994
72.38,1.07645375831095,-0.1546157850655779,-1.9552627467037076
72.39,1.0749129265546,-0.15355039541141888,-1.9784398390923652
72.4,1.07338275378847,-0.15248399011491554,-2.0022113219551616
72.41,1.07186325007979,-0.15141658647382927,-2.0261218699429997
72.42,1.07035442532626,-0.1503482026119089,-2.0503105347876733
72.4299999999999,1.06885628923378,-0.14927885699149898,-2.0751670884179534
72.44,1.06736885133382,-0.1482085671213403,-2.1002514713153784
72.45,1.06589212097925,-0.14713735096708408,-2.1259802096131017
72.46,1.06442610734458,-0.14606522570342156,-2.1519195455348163
72.47,1.06297081943591,-0.14499220916933675,-2.1781376447933467
72.48,1.06152626607151,-0.14391831963858442,-2.20503347682843
72.49,1.06009245589501,-0.14284357453182758,-2.232244668303444
72.5,1.05866939737401,-0.14176799154507944,-2.260060645665374
72.51,1.05725709879973,-0.1406915878252498,-2.288201796357261
72.52,1.05585556829468,-0.13961438090184428,-2.316652373344196
72.53,1.0544648137994,-0.13853638873741286,-2.345746749759225
72.54,1.05308484307959,-0.1374576286807446,-2.375260588037523
72.55,1.0517156637275,-0.1363781181464981,-2.405337555279399
72.5599999999999,1.05035728316117,-0.13529787424033843,-2.4358457530072632
72.57,1.04900970862962,-0.13421691421424872,-2.4667178101534244
72.58,1.04767294720539,-0.1331352556811642,-2.498198933743027
72.59,1.04634700578697,-0.13205291587367238,-2.5301847401257085
72.6,1.04503189110171,-0.13096991195240548,-2.5627266873849393
72.61,1.04372760970502,-0.12988626089866323,-2.5957780213626678
72.62,1.04243416798408,-0.12880197970642032,-2.6292431433765615
72.63,1.04115157215377,-0.12771708567991444,-2.6633122836441965
72.64,1.03987982825648,-0.1266315958781646,-2.697952206187714
72.65,1.03861894216581,-0.12554552721250242,-2.7331592862324143
72.66,1.03736891958578,-0.12445889648992625,-2.7689442458228504
72.67,1.03612976605367,-0.12337172043624389,-2.805181997434294
72.6799999999999,1.03490148693815,-0.12228401607416081,-2.842035456994341
72.69,1.03368408743712,-0.12119580026193252,-2.879521307125324
72.7,1.03247757258228,-0.1201070896499179,-2.9175881905270904
72.71,1.03128194723814,-0.11901790084898889,-2.956295689753474
72.72,1.0300972161043,-0.11792825031692322,-2.9954967950249585
72.73,1.02892338371516,-0.11683815479008319,-3.035329104755473
72.74,1.02776045443647,-0.11574763090540693,-3.0758481497427197
72.75,1.02660843247031,-0.11465669505158853,-3.1169735133422822
72.76,1.02546732185415,-0.11356536360591271,-3.158794681778081
72.77,1.02433712646279,-0.11247365274540215,-3.201130567752741
72.78,1.02321785000902,-0.11138157896150766,-3.244124560770211
72.79,1.02210949603872,-0.11028915867058453,-3.287872361158716
72.8,1.02101206793697,-0.10919640796491956,-3.332213547856784
72.8099999999999,1.01992556892686,-0.10810334305608553,-3.3772871555795407
72.82,1.01885000206993,-0.1070099799321711,-3.4230541710084745
72.83,1.01778537026913,-0.10591633449733204,-3.4693673841849275
72.84,1.01673167626699,-0.10482242298308261,-3.5164179491157967
72.85,1.01568892264302,-0.10372826143808893,-3.5642377932503333
72.86,1.01465711181902,-0.10263386565024421,-3.612689145456621
72.87,1.01363624605794,-0.10153925151832888,-3.6619326971439707
72.88,1.01262632746438,-0.10044443466290891,-3.711852970360823
72.89,1.0116273579881,-0.09934943075533739,-3.762380164946971
72.9,1.01063933941985,-0.09825425570784141,-3.8137106416466557
72.91,1.00966227339234,-0.09715892516159452,-3.8657900685292352
72.92,1.00869616138324,-0.09606345462883081,-3.9185529298371096
72.9299999999999,1.00774100471461,-0.09496785967215335,-3.972126257663609
72.94,1.00679680455347,-0.09387215560159128,-4.026372816143254
72.95,1.00586356191484,-0.09277635784193014,-4.081295471772832
72.96,1.00494127765727,-0.09168048192465343,-4.137042889905381
72.97,1.00402995248604,-0.09058454310716577,-4.193515035866421
72.98,1.00312958695403,-0.08948855662391972,-4.250710227966692
72.99,1.00224018146178,-0.08839253769849509,-4.3087026161373725
73.0,1.00136173625806,-0.08729650136429605,-4.367380929822911
73.01,1.0004942514421,-0.08620046274935105,-4.426775408993971
73.02,0.999637726960305,-0.0851044369921968,-4.486973340511386
73.03,0.998792162609662,-0.08400843901640495,-4.547880262925256
73.04,0.997957558037619,-0.08291248375718227,-4.609522306857971
73.05,0.997133912742581,-0.08181658609530777,-4.671923243428799
73.0599999999999,0.996321226074519,-0.08072076078990409,-4.735017099682372
73.07,0.995519497236299,-0.07962502263557196,-4.798823188846449
73.08,0.994728725282151,-0.07852938639754947,-4.863380637595841
73.09,0.993948909119905,-0.07743386669768945,-4.9286289866108515
73.1,0.993180047511073,-0.0763384781449078,-4.994581691071876
73.11,0.992422139071398,-0.07524323528651697,-5.061237630062844
73.12,0.991675182271484,-0.07414815258914853,-5.128558068571468
73.13,0.990939175437575,-0.07305324451214734,-5.196548324238235
73.14,0.990214116751187,-0.07195852546523589,-5.265214534199035
73.15,0.98950000425048,-0.07086400976243634,-5.334518385526196
73.16,0.988796835830552,-0.06976971168415613,-5.404454862087437
73.17,0.988104609243988,-0.06867564545729825,-5.475006596438331
73.1799999999999,0.98742332210135,-0.06758182525775369,-5.546163181773419
73.19,0.98675297187174,-0.06648826519469742,-5.617900430253576
73.2,0.986093555883499,-0.06539497932669207,-5.690196994597862
73.21,0.985445071324544,-0.0643019816670809,-5.763038415406922
73.22,0.984807515242984,-0.06320928616839103,-5.836399194358854
73.23,0.98418088454767,-0.06211690673048794,-5.910256067303642
73.24,0.983565176008715,-0.061024857199500536,-5.984594482698071
73.25,0.98296038625805,-0.05993315135073285,-6.059320258900679
73.26,0.982366511789964,-0.05884180305319083,-6.134528657880602
73.27,0.981783548959751,-0.057750825944870764,-6.210154821791211
73.28,0.981211493988705,-0.05666023353099181,-6.286061853723074
73.29,0.980650342961362,-0.055570039462761,-6.362323547432944
73.3,0.980100091826571,-0.054480257268619645,-6.4388760719325315
73.3099999999999,0.97956073639821,-0.05339090041746597,-6.515682748682119
73.32,0.979032272355723,-0.05230198232489085,-6.592715197069547
73.33,0.978514695244674,-0.051213516337036046,-6.669887940703428
73.34,0.978008000477271,-0.05012551586428179,-6.747159552291222
73.35,0.977512183331038,-0.049037994358254,-6.824680938027328
73.36,0.977027238950348,-0.047950964776334135,-6.9022132023802065
73.37,0.976553162352281,-0.046864440134844476,-6.9796462792726786
73.38,0.976089948420375,-0.04577843370408008,-7.057110826218903
73.39,0.975637591907435,-0.04469295851156445,-7.134475551710738
73.4,0.97519608743607,-0.04360802755008035,-7.211700260843827
73.41,0.974765429499229,-0.04252365375885155,-7.288767172284943
73.42,0.974345612460736,-0.041439849959119354,-7.365388592511787
73.4299999999999,0.973936630555825,-0.04035662952190008,-7.441938800311155
73.44,0.973538477883933,-0.03927400504288766,-7.51823656547443
73.45,0.973151148427433,-0.03819198873853032,-7.593858265026555
73.46,0.972774636038746,-0.03711059359171136,-7.6691121241943
73.47,0.972408934442953,-0.03602983225377462,-7.743837421184154
73.48,0.972054037239098,-0.03494971729634255,-7.8179679330349305
73.49,0.971709937900702,-0.03387026124498742,-7.891457668468707
73.5,0.9713766297763,-0.032791476540724084,-7.9641718325230775
73.51,0.971054106089968,-0.03171337580545793,-8.036044605348222
73.52,0.970742359938113,-0.030635971808840035,-8.107309212901171
73.53,0.970441384291861,-0.02955927637600479,-8.17759812427619
73.54,0.970151172008505,-0.028483301501644465,-8.246748336965114
73.55,0.969871715818225,-0.02740805975535998,-8.314963878443974
73.5599999999999,0.969603008329222,-0.026333563270521575,-8.382052034820104
73.57,0.96934504202824,-0.02525982416671328,-8.447961606978398
73.58,0.969097809281088,-0.0241868545114284,-8.512654377015622
73.59,0.968861302333159,-0.02311466623548068,-8.575861173986056
73.6,0.968635513309946,-0.022043272012332398,-8.637885796961474
73.61,0.968420434207362,-0.02097268351603232,-8.698548857076817
73.62,0.968216056916192,-0.019902911934029564,-8.757476588202982
73.63,0.96802237320505,-0.018833969480596312,-8.814912403210187
73.64,0.967839374723534,-0.017765867958102755,-8.870707464671108
73.65,0.96766705300377,-0.016698619079523934,-8.924793599167621
73.66,0.967505399460924,-0.015632234515340165,-8.977117473554886
73.67,0.967354405393713,-0.014566725851464235,-9.027578970609275
73.6799999999999,0.967214061984919,-0.013502104871262096,-9.076121460947181
73.69,0.967084360297906,-0.01243838352902038,-9.122837780059603
73.7,0.96696529127902,-0.011375572765461492,-9.167511611142128
73.71,0.966856845770003,-0.010313683705483653,-9.210046266278553
73.72,0.96675901449355,-0.009252728103560186,-9.250521322802891
73.73,0.966671788058804,-0.008192717248274122,-9.288824641461094
73.74,0.966595156961856,-0.007133662419890145,-9.32491591411108
73.75,0.966529111586245,-0.006075574848298423,-9.35875923220798
73.76,0.966473642203464,-0.00501846558957723,-9.390245781123632
73.77,0.966428738973463,-0.003962346812418546,-9.419463261213874
73.78,0.96639439193035,-0.0029072291757479647,-9.44631735800155
73.79,0.966370591018824,-0.001853122694001989,-9.470693667147462
73.8,0.966357326067442,-0.0008000389786109545,-9.492652959372434
73.8099999999999,0.966354586793479,0.00025201098330004024,-9.512139376167394
73.82,0.966362362805023,0.0013030163114352566,-9.529128159565602
73.83,0.966380643601476,0.002352966161810651,-9.543598043775594
73.84,0.966409418574046,0.0034018497399581258,-9.555531415674608
73.85,0.966448677006246,0.004449656301107793,-9.564898521460563
73.86,0.966498408074388,0.005496375300946081,-9.57179191058484
73.87,0.966558600848079,0.006541994878851247,-9.576054144556425
73.88,0.966629244272596,0.00758650445700874,-9.577624547854649
73.89,0.966710327206448,0.008629895010189848,-9.576749035235721
73.9,0.966801838406499,0.009672155696655953,-9.573312897121
73.91,0.96690376651808,0.010713275629850583,-9.56727154227247
73.92,0.967016100082053,0.011753244442009685,-9.558682918129618
73.9299999999999,0.967138827535297,0.012792051759143627,-9.54755279662743
73.94,0.967271937211194,0.01382968725562132,-9.53390000144378
73.95,0.967415417340111,0.014866140654486623,-9.517711752424558
73.96,0.967569256049891,0.015901401849185058,-9.499216788283894
73.97,0.967733441366335,0.016935459762366472,-9.478269868895195
73.98,0.967907961199083,0.017968303575020366,-9.45447585512758
73.99,0.968092803362163,0.018999924824070202,-9.428519857839973
74.0,0.968287955587512,0.020030313805786498,-9.400438224923056
74.01,0.968493405494879,0.021059459661162037,-9.369850021033924
74.02,0.968709140604116,0.022087352522823234,-9.337022207113328
74.03,0.968935148335655,0.02311398247245485,-9.301966431851165
74.04,0.969171416010981,0.024139339638988105,-9.26473213387314
74.05,0.969417930853105,0.025163414198751493,-9.225341136013864
74.0599999999999,0.969674679987038,0.026186196442253472,-9.183976785321372
74.07,0.969941650440261,0.027207676246053063,-9.1408707537069
74.08,0.970218829135159,0.028227842690944915,-9.095054418582231
74.09,0.970506202888546,0.02924668751564108,-9.04744591844415
74.1,0.970803758450405,0.030264202058436867,-8.998573229875573
74.11,0.971111482460352,0.031280375663990855,-8.947522110413649
74.12,0.971429361462594,0.03229519893467869,-8.894796989510944
74.13,0.971757381906379,0.03330866239766306,-8.84039844844887
74.14,0.97209553014646,0.0343207566267952,-8.784392914440584
74.15,0.972443792443561,0.03533147224209314,-8.72683601466603
74.16,0.972802154964835,0.0363407999315298,-8.667764748559568
74.17,0.973170603784328,0.03734873041451685,-8.607912969636448
74.1799999999999,0.973549124880812,0.03835525287807969,-8.545727770233999
74.19,0.973937704121635,0.039360359228601816,-8.48218223874197
74.2,0.974336327317922,0.040364041630461256,-8.41837277600164
74.21,0.974744980173775,0.04136628975448531,-8.352863563752816
74.22,0.975163648302276,0.04236709465016605,-8.28635031962811
74.23,0.975592317225929,0.04336644728349289,-8.218813570723595
74.24,0.976030972377134,0.04436433866582083,-8.150321711080824
74.25,0.97647959909862,0.045360759852953556,-8.080943872439013
74.26,0.976938182643906,0.04635570194641281,-8.010607589225808
74.27,0.97740670817775,0.04734915627868745,-7.940322180443536
74.28,0.977885160776604,0.04834111246238467,-7.868328159840694
74.29,0.978373525406762,0.04933156247933039,-7.795383714372747
74.3,0.978871786980516,0.0503204990779077,-7.722965510937456
74.3099999999999,0.979379930311526,0.0513079125352182,-7.649509497459838
74.32,0.979897940125367,0.05229379421759772,-7.575619655955128
74.33,0.980425801061344,0.05327813553235121,-7.501324873133133
74.34,0.980963497672948,0.05426092792003105,-7.42667570382838
74.35,0.981511014428292,0.0552421628644569,-7.351730027025312
74.36,0.982068335710547,0.056221831894433714,-7.27642765924593
74.37,0.982635445818401,0.05719992672424864,-7.201574160570496
74.38,0.983212328966488,0.058176437820264826,-7.125966008771569
74.39,0.983798969268911,0.059151356996574776,-7.049691022365887
74.4,0.984395350776195,0.06012467730381703,-6.974229772598705
74.41,0.985001457456468,0.06109639005234998,-6.898653439921092
74.42,0.985617273190487,0.06206648672639111,-6.822960572139658
74.4299999999999,0.986242781776965,0.06303495918406621,-6.7473746637513194
74.44,0.986877966933004,0.06400179928515068,-6.671903859542012
74.45,0.987522812294516,0.06496699893331163,-6.596591955709829
74.46,0.988177301416677,0.06593055007649007,-6.521383088223092
74.47,0.988841417774352,0.06689244481833483,-6.44690383427893
74.48,0.989515144762513,0.06785267432196837,-6.3724870241648475
74.49,0.990198465683004,0.0688112302628117,-6.2974395172106785
74.5,0.990891363767257,0.06976810619381268,-6.223400132855583
74.51,0.991593822180766,0.07072329439019864,-6.15007586291453
74.52,0.992305824001352,0.0716767863889171,-6.076748937448774
74.53,0.993027352228941,0.07262857449958082,-6.003895587517838
74.54,0.993758389785987,0.07357865099611265,-5.931474547455888
74.55,0.994498919517896,0.07452700819536306,-5.859512294935434
74.5599999999999,0.995248924193459,0.07547363845707793,-5.788036501216239
74.57,0.996008386505274,0.07641853418251614,-5.716962158946751
74.58,0.996777289070161,0.07736168794128899,-5.646954410722497
74.59,0.99755561442961,0.07830309128915025,-5.577376966071811
74.6,0.998343345035193,0.07924273612926007,-5.5071703689051565
74.61,0.999140463270831,0.08018061671177432,-5.438277347701621
74.62,0.999946951464417,0.08111672593604329,-5.370530668660016
74.63,1.00076279185799,0.08205105558461434,-5.302869652215679
74.64,1.00158796662014,0.08298359843530445,-5.2359073557687354
74.65,1.00242245784646,0.08391434720842658,-5.169570197436486
74.66,1.00326624755994,0.08484329466400357,-5.103870809062372
74.67,1.00411931771138,0.0857704336045854,-5.0388232979089
74.6799999999999,1.00498165017982,0.08669575687474766,-4.974341040135784
74.69,1.00585322677295,0.08761925747557224,-4.911003126528533
74.7,1.00673402922753,0.08854092749950304,-4.848355117939053
74.71,1.00762403919599,0.08946075914066376,-4.78513608373904
74.72,1.0085232382642,0.0903787470708332,-4.7232502746288745
74.73,1.00943160796943,0.09129488477874574,-4.6627253594860445
74.74,1.01034912976655,0.09220916440466817,-4.602328111049872
74.75,1.01127578504134,0.0931215791686794,-4.5427139207971
74.76,1.01221155511092,0.09403212222465762,-4.483791525144668
74.77,1.01315642122415,0.09494078676907658,-4.425568402015955
74.78,1.01411036456207,0.09584756603717345,-4.368047656693178
74.79,1.01507336623825,0.09675245330533581,-4.311153357418203
74.8,1.01604540729926,0.09765544198658827,-4.25532688041072
74.8099999999999,1.01702646872503,0.09855652477366676,-4.200329252919445
74.82,1.01801653141792,0.09945569423415734,-4.144872638145302
74.83,1.01901557621469,0.10035294528858615,-4.090611872940411
74.84,1.02002358390844,0.10124827194324579,-4.037741751591167
74.85,1.02104053521456,0.10214166678867431,-3.98502474035287
74.86,1.02206641078369,0.1030331234704196,-3.933081660144816
74.87,1.02310119120205,0.10392263556982714,-3.8818204667898253
74.88,1.02414485699191,0.10481019671000902,-3.8312441380616455
74.89,1.02519738861194,0.10569580055015959,-3.781347971790827
74.9,1.02625876645761,0.10657944079266457,-3.7320655412723065
74.91,1.02732897086163,0.10746111126350155,-3.6837486031294064
74.92,1.02840798209431,0.10834080517875082,-3.636325381022661
74.9299999999999,1.02949578035392,0.10921851541933296,-3.588419707708691
74.94,1.03059234577448,0.11009423727608529,-3.541569328859878
74.95,1.03169765845267,0.11096796529475039,-3.4961210696893033
74.96,1.03281169841118,0.11183969244049445,-3.4507712528093446
74.97,1.03393444561215,0.11270941278066493,-3.4061449487265985
74.98,1.03506587995746,0.11357712031366263,-3.3621453162721755
74.99,1.03620598128923,0.11444280908275428,-3.318775313223415
75.0,1.03735472939018,0.11530647316475388,-3.276027780813275
75.01,1.03851210398398,0.11616810667641198,-3.2338442109299033
75.02,1.03967808473569,0.11702770384776073,-3.192490193063853
75.03,1.04085265125214,0.1178852584181711,-3.1520428009563437
75.04,1.04203578307373,0.11874076360314975,-3.111099330212711
75.05,1.04322745967812,0.11959421502375686,-3.0710433554922667
75.0599999999999,1.04442766051115,0.12044560773333823,-3.0323440533468586
75.07,1.04563636494865,0.12129493508592123,-2.993683361055875
75.08,1.04685355230997,0.1221421915621653,-2.9556703064105148
75.09,1.04807920185837,0.12298737157541151,-2.9182161692776574
75.1,1.04931329280145,0.12383046957366584,-2.881315141011639
75.11,1.05055580429144,0.12467148004425832,-2.844961564958528
75.12,1.05180671542569,0.12551039751533452,-2.8091080619470126
75.13,1.05306600524698,0.12634721661433276,-2.7739547555622845
75.14,1.05433365274393,0.1271819315614246,-2.7397182005168395
75.15,1.05560963684364,0.12801453583057842,-2.7048927721508513
75.16,1.0568939364116,0.12884502546290366,-2.6708090381177
75.17,1.05818653028867,0.12967339605826078,-2.6380689598773546
75.1799999999999,1.05948739724862,0.13049964128509783,-2.6052696409308886
75.19,1.06079651601281,0.1313237560370754,-2.5730455417961
75.2,1.06211386525051,0.1321457351271686,-2.541301152095367
75.21,1.06343942357934,0.13296557340749526,-2.5100358177233706
75.22,1.0647731695656,0.1337832657632506,-2.4792425488921235
75.23,1.06611508172463,0.1345988071199141,-2.44885071933685
75.24,1.06746513852124,0.13541219254574005,-2.4191468113768946
75.25,1.06882331837007,0.13622341646516434,-2.3906485484988127
75.26,1.07018959962363,0.1370324717327472,-2.360596985812513
75.27,1.07156396056793,0.1378393560541665,-2.331383721882564
75.28,1.07294637949619,0.138644066282508,-2.304176089741118
75.29,1.07433683462405,0.13944659540583068,-2.276334152999347
75.3,1.07573530411869,0.14024693883791056,-2.2490703734917568
75.3099999999999,1.07714176609923,0.1410450917908368,-2.222212964927269
75.32,1.07855619863708,0.1418410495091671,-2.1957591234796
75.33,1.07997857975627,0.1426348072778416,-2.1697021868399786
75.34,1.08140888743391,0.14342636042316376,-2.1440408968954743
75.35,1.08284709960053,0.14421570430091143,-2.118764295826794
75.36,1.08429319414038,0.14500283430791683,-2.0938681147134868
75.37,1.08574714889192,0.14578774587833226,-2.06935887275017
75.38,1.08720894164808,0.14657043448250326,-2.0449426283281666
75.39,1.08867855015673,0.14735089608092777,-2.0224563442079275
75.4,1.09015595212096,0.1481291226787492,-1.9994027428620513
75.41,1.09164112514525,0.14890510895067174,-1.9741477812002781
75.42,1.09313404683479,0.1496788563401556,-1.9515286903685365
75.4299999999999,1.09463469479329,0.15045036044882276,-1.9300550899418716
75.44,1.09614304654446,0.15121961445525395,-1.9078283923505033
75.45,1.09765907956875,0.15198661436158595,-1.886112298475773
75.46,1.09918277130384,0.152751355907003,-1.864714946551166
75.47,1.10071409914494,0.15351383486124823,-1.843636243878801
75.48,1.10225304044514,0.1542740470315866,-1.8228703897997989
75.49,1.1037995725158,0.15503198826474773,-1.802414709730535
75.5,1.10535367262693,0.15578765444049608,-1.7822633547415863
75.51,1.10691531800749,0.15654104147384182,-1.7624097826531193
75.52,1.1084844858458,0.1572921453194228,-1.7428737690623501
75.53,1.1100611532899,0.15804096196533335,-1.7231056030905298
75.54,1.11164529744788,0.158787488335919,-1.7068656120753014
75.55,1.11323689538829,0.1595317128328296,-1.6868830138848214
75.5599999999999,1.11483592403261,0.1602736352287489,-1.6657293713268204
75.57,1.1164423604278,0.16101325960191465,-1.6494409387818643
75.58,1.11805618153651,0.16175057714908347,-1.631623557030273
75.59,1.11967736426726,0.16248558350366316,-1.6139485938257891
75.6,1.1213058854904,0.16321827499700867,-1.5965902909937433
75.61,1.12294172203848,0.16394864786876315,-1.5794838488079694
75.62,1.12458485070663,0.1646766983909846,-1.5626266117798955
75.63,1.12623524825285,0.16540242287242196,-1.546015094775927
75.64,1.12789289139844,0.1661258176568407,-1.5296463748239464
75.65,1.12955775682827,0.16684687911999546,-1.513514003007772
75.66,1.13122982119117,0.16756560367659307,-1.4976197591393356
75.67,1.13290906110029,0.1682819877735775,-1.4818998054546308
75.6799999999999,1.13459545313341,0.16899602803423694,-1.4663993885601767
75.69,1.13628897383336,0.16970772066826068,-1.4535591795406926
75.7,1.13798959969162,0.17041705516775973,-1.4365230611018731
75.71,1.13969730708578,0.17112403439982588,-1.4198641839713235
75.72,1.14141207253264,0.17182866097900096,-1.4074003572583444
75.73,1.14313387243354,0.1725309253273429,-1.392692909979655
75.74,1.14486268315622,0.17323082478024426,-1.378557941099879
75.75,1.14659848103514,0.17392835602583018,-1.364609124269097
75.76,1.14834124237181,0.17462351578767338,-1.3508585420386834
75.77,1.15009094343516,0.17531630082408917,-1.3373038504490598
75.78,1.15184756046186,0.1760067079253247,-1.3239411216891055
75.79,1.15361106965665,0.17669473391581833,-1.3107670343913755
75.8,1.15538144719269,0.17738037565484532,-1.297779232886505
75.8099999999999,1.1571586692119,0.1780636300342457,-1.2849835695810037
75.82,1.15894271182528,0.1787444939792456,-1.2721647816640305
75.83,1.16073355111326,0.17942296487775494,-1.2605852379749938
75.84,1.16253116312606,0.18009903662257742,-1.249240719766621
75.85,1.16433552383281,0.18077270332851336,-1.2350859396582166
75.86,1.16614660918697,0.18144396891416892,-1.2227029468565647
75.87,1.16796439520112,0.18211283224114733,-1.2121559471090408
75.88,1.16978885780284,0.18277928641224905,-1.2003403059171474
75.89,1.17161997289083,0.18344332901750193,-1.1889135499969592
75.9,1.17345771633518,0.18410495721416326,-1.1776348742932812
75.91,1.17530206397774,0.18476416819333172,-1.16651169166683
75.92,1.17715299163242,0.1854209591789909,-1.1555411592143547
75.9299999999999,1.17901047508555,0.186075327428753,-1.1447226057528026
75.94,1.18087449009618,0.18672727022817637,-1.1340512344741343
75.95,1.18274501239637,0.18737678489874807,-1.1235245619190881
75.96,1.1846220176916,0.18802386879817243,-1.1131590141408927
75.97,1.18650548166106,0.18866851930975925,-1.1025720898959455
75.98,1.18839537995792,0.18931073463466785,-1.0943152858889111
75.99,1.19029168820976,0.18995050573682634,-1.0838909934086243
76.0,1.19219438192504,0.19058783180498917,-1.0718678275572866
76.01,1.1941034367096,0.19122271825540532,-1.0631183602637182
76.02,1.19601882814004,0.19185515963267194,-1.0539578146266715
76.03,1.19794053173911,0.1924851518192494,-1.0444276385123366
76.04,1.1998685230052,0.1931126926332405,-1.0351271239740685
76.05,1.20180277741257,0.19373777968024014,-1.0259455079620243
76.0599999999999,1.20374327041173,0.19436041059984754,-1.0168872049255868
76.07,1.20568997742972,0.1949805830600023,-1.0079489433952395
76.08,1.20764287387042,0.1955982947616508,-0.99912861697373
76.09,1.20960193511489,0.1962135434394996,-0.9904260190593915
76.1,1.21156713652169,0.19682632685609586,-0.9818388118000324
76.11,1.21353845342714,0.19743664280557627,-0.9733709676590129
76.12,1.21551586114569,0.1980444891458248,-0.9646241059743975
76.13,1.21749933497022,0.19864986455491174,-0.9588881339436296
76.14,1.21948885016883,0.19925275771825457,-0.9490420521499068
76.15,1.22148438186567,0.19985317298999994,-0.9389092096131253
76.16,1.2234859053831,0.20045111642416624,-0.9330687008026995
76.17,1.22549339592558,0.2010465784712423,-0.9248992676291112
76.1799999999999,1.22750682867721,0.20163955791940674,-0.9171918129125715
76.19,1.229526178802,0.20223005277151634,-0.9095682775227181
76.2,1.23155142144413,0.20281806106549802,-0.9020430122998669
76.21,1.23358253172836,0.20340358087015215,-0.8946164248626454
76.22,1.23561948476023,0.20398661027808962,-0.88728350572775
76.23,1.23766225562638,0.20456714741866797,-0.8800452252048713
76.24,1.23971081939492,0.20514519044933327,-0.8728997237932199
76.25,1.24176515111564,0.2057207375568267,-0.865851010705027
76.26,1.24382522582039,0.2062937869594994,-0.8587646569397482
76.27,1.24589101852332,0.20686433724666684,-0.8523327049228117
76.28,1.24796250422122,0.2074323845330813,-0.846895176374196
76.29,1.25003965785268,0.20799792192650973,-0.8383633321964207
76.3,1.2521224543113,0.2085609551680745,-0.8308270076044241
76.3099999999999,1.25421086861278,0.20912148658482899,-0.8257064364463716
76.32,1.25630487568185,0.20967950903225305,-0.8190166408194595
76.33,1.2584044504269,0.21023502151699866,-0.8126614740608208
76.34,1.26050956774039,0.21078802245732553,-0.8063763454828474
76.35,1.26262020249906,0.2113385102966751,-0.8001692792869768
76.36,1.26473632956425,0.21188648350907355,-0.7940393558577125
76.37,1.26685792378218,0.21243194059832882,-0.7879859473731774
76.38,1.26898495998426,0.21297488009582682,-0.7820077651656783
76.39,1.27111741298734,0.21351530056125112,-0.7761028999111972
76.4,1.27325525759403,0.2140532005856751,-0.7702849189554697
76.41,1.27539846859299,0.21458857878608462,-0.7642344615455288
76.42,1.27754702075918,0.2151214346092556,-0.7600280169082132
76.4299999999999,1.27970088885421,0.2156517603380037,-0.7545327710148682
76.44,1.28186004753068,0.21617955430749403,-0.7467819323397923
76.45,1.28402447152443,0.21670482472791094,-0.7416769245119852
76.46,1.28619413560404,0.21722756916567704,-0.7370320196565033
76.47,1.28836901447374,0.2177477829670686,-0.7315372702507829
76.48,1.29054908282528,0.21826546533299704,-0.726266701160141
76.49,1.2927343153383,0.21878061506484156,-0.7210542720204277
76.5,1.29492468668056,0.2192932309869907,-0.7159046113103739
76.51,1.2971201715082,0.21980331195250633,-0.710817088343039
76.52,1.29932074446604,0.22031085684235027,-0.7057906207546679
76.53,1.30152638018784,0.22081586456591715,-0.7008252205383679
76.54,1.3037370532966,0.2213183340573281,-0.6959192080148923
76.55,1.30595273840477,0.22181826427892978,-0.6910863261645936
76.5599999999999,1.3081734101146,0.22231565422291916,-0.6859594133262451
76.57,1.31039904301837,0.22281050385899634,-0.6831097630330999
76.58,1.31262961169865,0.22330280402115638,-0.6774223149798604
76.59,1.31486509061409,0.2237925583494967,-0.671046339968495
76.6,1.31710545439782,0.224279773941836,-0.6678784301104471
76.61,1.31935067760979,0.22476444405591195,-0.6632914961832866
76.62,1.32160073479123,0.22524656777190843,-0.6588213129227376
76.63,1.32385560047466,0.22572614431283222,-0.6544226876158105
76.64,1.32611524918415,0.2262031728483327,-0.6500745783304211
76.65,1.32837965543561,0.2266776525746602,-0.6457780007546449
76.66,1.33064879373703,0.22714958271250105,-0.6415315409739804
76.67,1.33292263858874,0.2276189625100104,-0.6373348752018507
76.6799999999999,1.33520116448369,0.2280857912412356,-0.6331874494192256
76.69,1.33748434590769,0.22855006820549456,-0.6290912472524661
76.7,1.33977215733968,0.22901179272916683,-0.6249849672937674
76.71,1.342064573252,0.22947096436875353,-0.6210454135893883
76.72,1.34436156811067,0.22992758170100233,-0.6186477783823174
76.73,1.34666311635136,0.23038163702934397,-0.6133827610903368
76.74,1.34896919233044,0.23083313615666254,-0.6083245645084588
76.75,1.35127977056664,0.23128208432989794,-0.6058503457193285
76.76,1.35359482549411,0.23172847496708004,-0.6018627187139052
76.77,1.35591433154113,0.23217230814484568,-0.5981515499704131
76.78,1.35823826313031,0.23261358330992077,-0.5944742157597055
76.79,1.36056659467886,0.23305229993075088,-0.590839702378654
76.8,1.36289930059876,0.23348845749789904,-0.5872464483580939
76.8099999999999,1.36523635529704,0.23392205552833686,-0.5836937231575184
76.82,1.367577733176,0.23435309355675135,-0.5802305424695163
76.83,1.36992340863338,0.23478157099717975,-0.5765074401880055
76.84,1.37227335606267,0.23520748864966357,-0.573158687711107
76.85,1.37462754987074,0.23563084571723847,-0.5700326702253146
76.86,1.37698596443692,0.23605164052649305,-0.5665344034999875
76.87,1.37934857414131,0.2364698733788399,-0.5631959135967033
76.88,1.38171535336405,0.23688554412066853,-0.559925314622277
76.89,1.38408627648232,0.23729865243816523,-0.5566848906311752
76.9,1.38646131787052,0.23770919806349786,-0.5534810517459722
76.91,1.38884045190049,0.2381171807548414,-0.5503133771150578
76.92,1.39122365294179,0.23852260029449773,-0.5471836312023828
76.9299999999999,1.3936108953619,0.23892545648632008,-0.5440512596741096
76.94,1.39600215352646,0.23932574928083872,-0.5411448960504319
76.95,1.39839740179949,0.23972347766533603,-0.5383521730285907
76.96,1.40079661452881,0.24011864038816685,-0.5349666140288055
76.97,1.40319976606086,0.24051123933058566,-0.5318764945346541
76.98,1.40560683077084,0.24090127514392878,-0.5292070231452309
76.99,1.40801778301606,0.24128874650857965,-0.526273354537592
77.0,1.41043259715314,0.24167365350765876,-0.5234179588890384
77.01,1.41285124753823,0.24205599610832945,-0.5205932676787689
77.02,1.41527370852728,0.24243577429724494,-0.517800169915221
77.03,1.41769995447618,0.24281298808367197,-0.5150381275349514
77.04,1.42012995974107,0.24318763750158512,-0.5123123245384167
77.05,1.42256369867851,0.24355972262525838,-0.5093904143282707
77.0599999999999,1.42500114564573,0.24392924419565828,-0.5081144888162892
77.07,1.42744227499843,0.24429619527541008,-0.5047323433136855
77.08,1.42988706099695,0.24466057979492345,-0.5009805311112261
77.09,1.43233547805522,0.24502240385807506,-0.499439607947118
77.1,1.43478750052466,0.245381662558745,-0.49674074425470244
77.11,1.43724310275714,0.24573835647966336,-0.49424228711927265
77.12,1.43970225910526,0.2460924857005775,-0.491766559086203
77.13,1.44216494392246,0.2464440503110806,-0.4893195569912689
77.14,1.44463113156315,0.24679305039509622,-0.4870127457873397
77.15,1.44710079638293,0.24713948577351208,-0.4837960576040008
77.16,1.44957391274161,0.24748336083915876,-0.48189227383352856
77.17,1.45205045505732,0.2478246733306655,-0.48022357542887284
77.1799999999999,1.45453039765757,0.248163419848485,-0.4772921840936743
77.19,1.45701371491093,0.24849960367533397,-0.4750951228728856
77.2,1.45950038118867,0.2488332247766012,-0.47282008127241754
77.21,1.46199037086508,0.2491642834608343,-0.47057587230114745
77.22,1.46448365831758,0.24949278004907835,-0.4683575821099548
77.23,1.46698021792691,0.24981871487183377,-0.46620312189187896
77.24,1.46948002407742,0.25014208820650274,-0.46367050205928295
77.25,1.47198305115918,0.2504629023413437,-0.46173607278199275
77.26,1.47448927359096,0.25078115654482147,-0.4599044038289952
77.27,1.47699866575427,0.2510968496545807,-0.45752972961109234
77.28,1.47951120205276,0.2514099835186782,-0.4554924644005252
77.29,1.48202685689503,0.2517205584951573,-0.45343226684197474
77.3,1.4845456046948,0.25202857510899235,-0.45139736287915566
77.3099999999999,1.48706741987117,0.2523340339074106,-0.44937322899958276
77.32,1.4895922768488,0.25263693553192657,-0.4472657169405954
77.33,1.49212015005814,0.2529372807589211,-0.44651218354495287
77.34,1.49465101392673,0.25323506363732484,-0.443958786397389
77.35,1.49718484280354,0.2535302880684191,-0.44110339660887593
77.36,1.49972161117552,0.25382295984075304,-0.44006405740035326
77.37,1.50226129348025,0.25411307513483383,-0.4380870652120962
77.38,1.50480386415952,0.2544006348191778,-0.43627399695271735
77.39,1.50734929765936,0.2546856393084107,-0.43448806966689163
77.4,1.5098975684301,0.25496808902749823,-0.43255102790625055
77.41,1.51244865092788,0.2552479852961642,-0.43088099865915047
77.42,1.51500251962438,0.25552532810008505,-0.4292707289525821
77.4299999999999,1.51755914897806,0.2558001172068466,-0.42744555044621163
77.44,1.52011851345953,0.25607235367674325,-0.42576712982810194
77.45,1.52268058754426,0.25634203794441257,-0.42412974332460496
77.46,1.52524534571277,0.2566091703162465,-0.4226014871249992
77.47,1.52781276245065,0.25687375145341806,-0.4187512330023723
77.48,1.5303828122727,0.25713579413967347,-0.41838301187631116
77.49,1.53295546984929,0.2573952919645998,-0.4185149226112654
77.5,1.53553070960513,0.257652235621166,-0.4153815524719071
77.51,1.53810850607434,0.2579066339148321,-0.4140502199257586
77.52,1.54068883379856,0.25815848674858866,-0.4124289505935129
77.53,1.54327166732695,0.2584077950594936,-0.4111687522992156
77.54,1.54585698121618,0.258654558039075,-0.4095395639279844
77.55,1.54844475000816,0.25889877705957964,-0.4078087242183011
77.5599999999999,1.55103494828355,0.25914045419917675,-0.40651557023681767
77.57,1.55362755061876,0.25937958922758186,-0.4050407327201798
77.58,1.55622253159708,0.2596161829467425,-0.4034930139586218
77.59,1.55881986580909,0.2598502365015835,-0.4026658504661467
77.6,1.56141952785258,0.26008174722783794,-0.40119547722362664
77.61,1.56402149228257,0.26031071627032887,-0.39922969357379334
77.62,1.56662573371758,0.26053714773568254,-0.39814135460615585
77.63,1.56923222677665,0.2607610409621708,-0.39686402705054974
77.64,1.57184094607694,0.26098239615457985,-0.39570755473019487
77.65,1.57445186624199,0.2612012133728433,-0.39358137124240167
77.66,1.57706496190175,0.2614174982595918,-0.39202532933539425
77.67,1.57968020777039,0.26163125305340706,-0.39184497823729425
77.6799999999999,1.58229757851299,0.26184247216641254,-0.390514412682808
77.69,1.5849170487655,0.26205115650341043,-0.38890795472288087
77.7,1.58753859320266,0.26225730897675437,-0.3878810549370628
77.71,1.59016218650734,0.26246092962117407,-0.3861001692076101
77.72,1.5927878033705,0.2626620229041643,-0.3841581051519381
77.73,1.59541541855368,0.2628605939344072,-0.38406179503134097
77.74,1.59804500682488,0.2630566372389176,-0.38326045453075586
77.75,1.60067654287025,0.26325015131574336,-0.3814593807193099
77.76,1.60331000143439,0.2634411407551662,-0.38039424557989127
77.77,1.60594535727187,0.2636296062584975,-0.37933396775864364
77.78,1.60858258514722,0.26381554820749853,-0.37859230760890783
77.79,1.61122165982187,0.2639989654302418,-0.37717514972710825
77.8,1.61386255604949,0.2641798607778264,-0.37583676019974127
77.8099999999999,1.6165052486384,0.2643582367948446,-0.37505629483383474
77.82,1.61914971238612,0.26453409286375335,-0.37395965736680187
77.83,1.62179592209953,0.2647074301240726,-0.37291927070038366
77.84,1.62444385259488,0.26487824946258937,-0.37223921316333036
77.85,1.62709347869359,0.26504654987992704,-0.3710532437807442
77.86,1.62974477520309,0.2652123334244953,-0.36981699623926406
77.87,1.63239771697962,0.2653756025633373,-0.36908725653035007
77.88,1.63505227887218,0.2655363569145771,-0.3680963364205434
77.89,1.63770843573871,0.2656945975052524,-0.36736881848964936
77.9,1.64036616244606,0.2658503244676684,-0.36535168019054937
77.91,1.64302543387003,0.2660035451401699,-0.36495048862045887
77.92,1.64568622498662,0.2661542574560749,-0.36498235772692644
77.9299999999999,1.64834851064637,0.2663024568079264,-0.36334088602960063
77.94,1.65101226576205,0.26644814837741837,-0.36258860317822417
77.95,1.65367746525652,0.2665913327298301,-0.3617543025239284
77.96,1.65634408406253,0.26673201071876024,-0.36094188861951015
77.97,1.65901209712263,0.2668701836072448,-0.359032104062106
77.98,1.66168147940468,0.2670058587510719,-0.35891276526161775
77.99,1.66435220596085,0.26713903299182923,-0.3589546056471416
78.0,1.66702425171816,0.2672697021919209,-0.3573653838146103
78.01,1.66969759167145,0.2673978718945943,-0.3567123537302413
78.02,1.67237220082645,0.2675235427165838,-0.35590182581312774
78.03,1.67504805419982,0.26764671590032524,-0.3552650606194218
78.04,1.67772512681913,0.2677673916319031,-0.354951341781061
78.05,1.68040339370485,0.2678855684746721,-0.35380094293437986
78.0599999999999,1.68308282987086,0.2680012500631731,-0.3528000546331644
78.07,1.6857634103967,0.2681144392884231,-0.35244893144068556
78.08,1.68844511034635,0.26822513521450414,-0.35171168469585623
78.09,1.69112790479416,0.268333339092669,-0.351011932095744
78.1,1.6938117688248,0.2684390520950856,-0.35052063344439083
78.11,1.69649667753318,0.2685422741911655,-0.35003241984676287
78.12,1.6991826060071,0.26864300551292153,-0.34911741650063727
78.13,1.70186952934962,0.26874124883558376,-0.348442438464498
78.14,1.70455742269477,0.2688370056210809,-0.3479955428623903
78.15,1.70724626117427,0.26893027597274893,-0.34738128726491485
78.16,1.70993601992977,0.2690210609878193,-0.346879327821815
78.17,1.71262667411289,0.2691093613895061,-0.3459731381658198
78.1799999999999,1.71531819888519,0.26919518032875367,-0.3453844484115577
78.19,1.71801056945089,0.26927851903583344,-0.34527346047720914
78.2,1.72070376099432,0.26935937592325043,-0.344661064474115
78.21,1.72339774870163,0.2694377524218269,-0.3440358147893044
78.22,1.72609250778032,0.26951365027983454,-0.3435600414331728
78.23,1.72878801344827,0.2695870704504999,-0.34296244484233374
78.24,1.73148424093386,0.26965801439292614,-0.343047472591843
78.25,1.73418116547589,0.26972647973290687,-0.3424258228794762
78.26,1.73687876227413,0.26979246847141186,-0.34143567965928523
78.27,1.73957700660248,0.2698559849403352,-0.34131250827734916
78.28,1.74227587373001,0.26991702840858023,-0.3409035071765207
78.29,1.74497533893009,0.2699755996621608,-0.34048436452620806
78.3,1.74767537748598,0.27003169975316677,-0.3399857885704682
78.3099999999999,1.75037596469078,0.2700853300032521,-0.3402925965729944
78.32,1.75307707584515,0.27013648723767103,-0.3395726189927696
78.33,1.75577868620306,0.2701851745553356,-0.33864331130494746
78.34,1.7584807711157,0.27023139643917266,-0.338787967172707
78.35,1.76118330590854,0.2702751510402409,-0.33838025922961584
78.36,1.76388626591629,0.27031643957683243,-0.33803926470610773
78.37,1.76658962648295,0.27035526309833746,-0.33776353482618565
78.38,1.76929336296176,0.2703916220414308,-0.3381670706758827
78.39,1.7719974507005,0.2704255131331601,-0.33738216311837843
78.4,1.77470186501172,0.2704569403724988,-0.3365851904007389
78.41,1.77740658130665,0.27048590797349636,-0.3368571404184254
78.42,1.78011157496626,0.27051241377257973,-0.3365357942094271
78.4299999999999,1.78281682138,0.2705364589413358,-0.33624381068969655
78.44,1.78552229594581,0.2705580446202449,-0.3362939292346051
78.45,1.78822797407009,0.27057716974467905,-0.336708808188146
78.46,1.79093383113255,0.27059383145325855,-0.33580178401136457
78.47,1.79363984250456,0.27060803498724456,-0.3352399494957363
78.48,1.79634598364718,0.27061978367207884,-0.3356005611137712
78.49,1.79905222998866,0.2706290752183464,-0.33537517214977525
78.5,1.8017585569647,0.27063591071058346,-0.33507656005362085
78.51,1.80446494001852,0.2706402915864048,-0.3357534044710668
78.52,1.80717135460079,0.2706422134167534,-0.33613577519277527
78.53,1.80987777608701,0.2706416740263266,-0.3347996976909599
78.54,1.81258417990261,0.2706386817805958,-0.3346169507443897
78.55,1.81529054154992,0.270633238316013,-0.33510667903464114
78.5599999999999,1.8179968364904,0.27062534090256757,-0.33496642295955936
78.57,1.82070304019141,0.2706149905199943,-0.3348568007659954
78.58,1.82340912812622,0.270602188084342,-0.33525027704279703
78.59,1.82611507577408,0.2705869316097417,-0.33523121336221495
78.6,1.82882085858164,0.2705692217638297,-0.3347658623939523
78.61,1.8315264520416,0.27054906201192297,-0.33493258895249856
78.62,1.83423183165472,0.27052645213475246,-0.3350508262276622
78.63,1.83693697291729,0.27050139207391855,-0.33510139956628965
78.64,1.83964185133099,0.27047388245041903,-0.33451945134114125
78.65,1.84234644240289,0.27044392629756997,-0.3380443166042559
78.66,1.84505072164547,0.2704115032138521,-0.33681066707602236
78.67,1.84775466427742,0.27037662183616584,-0.33377774365340224
78.6799999999999,1.85045824594157,0.2703393019407493,-0.33610110046497677
78.69,1.85316144215135,0.27029953147933994,-0.3361098693040894
78.7,1.85586422840402,0.27025731072049347,-0.3362625133497321
78.71,1.8585665801995,0.270212640084568,-0.33603545074846947
78.72,1.86126847304031,0.27016552142066963,-0.3382955155058832
78.73,1.86396988243152,0.27011594214467194,-0.33841202864171727
78.74,1.8666707836897,0.2700639031334144,-0.336255163344932
78.75,1.86937115233726,0.2700094191796602,-0.33726084278722274
78.76,1.87207096391022,0.2699524864148317,-0.3379735995267779
78.77,1.87477019389412,0.2698931017957466,-0.3381584647981415
78.78,1.8774688177748,0.26983126577625843,-0.3381205618110365
78.79,1.88016681103841,0.26976697971524877,-0.33996639557542263
78.8,1.88286414917139,0.2697002336548293,-0.3412453202960202
78.8099999999999,1.88556080750101,0.26963102194242733,-0.3390933078162836
78.82,1.88825676143702,0.2695593597620838,-0.33921824319296945
78.83,1.89095198653036,0.2694852490105001,-0.3407113940952932
78.84,1.89364645823474,0.26940868272158913,-0.340910412148978
78.85,1.89634015200151,0.2693296614474964,-0.34111337210532483
78.86,1.89903304327963,0.26924818585800464,-0.3422954999285796
78.87,1.90172510751578,0.2691642500701641,-0.34493715419024423
78.88,1.90441632004594,0.26907784061417916,-0.34324091784108224
78.89,1.90710665612357,0.2689889702330769,-0.3423209515099029
78.9,1.90979609126825,0.26889764742298505,-0.3445279258270426
78.91,1.91248460086629,0.26880386183884925,-0.34465480038444585
78.92,1.91517216029694,0.2687076144035849,-0.3457496181477204
78.9299999999999,1.91785874493243,0.2686089006694111,-0.3475282691505765
78.94,1.92054433006894,0.2685077127233223,-0.34682583715110715
78.95,1.92322889096196,0.26840405763024305,-0.34670913541273185
78.96,1.92591240300638,0.2682979392313489,-0.3482956401227457
78.97,1.92859484151632,0.2681893511606692,-0.3486161862096473
78.98,1.93127618179606,0.26807829377974435,-0.35002683685085056
78.99,1.93395639914012,0.26796476106265565,-0.3520653397764811
79.0,1.93663546874321,0.2678487440032481,-0.35117515385698506
79.01,1.939313365766,0.2677302511970089,-0.35114502887552296
79.02,1.94199006552271,0.2676092864476639,-0.3529982867415425
79.03,1.94466554323248,0.2674858422731778,-0.353314213179472
79.04,1.94733977410133,0.26735991922333485,-0.3553355587783631
79.05,1.95001273332218,0.26723150783466804,-0.3579628920443467
79.0599999999999,1.95268439593351,0.26710059609616665,-0.35641449018410576
79.07,1.95535473694976,0.2669671969534937,-0.35634849636439997
79.08,1.95802373159043,0.26683131502441837,-0.3587603088737782
79.09,1.96069135494312,0.2666929400074162,-0.3591074106924526
79.1,1.96335758207746,0.2665520724215831,-0.36154823898717886
79.11,1.96602238804511,0.2664087007792526,-0.36430529854369414
79.12,1.96868574771576,0.26626281279750386,-0.36264769550487747
79.13,1.97134763595601,0.2661144224466727,-0.3628551717576173
79.14,1.97400802782896,0.26596353320658683,-0.3654615299929069
79.15,1.97666689825711,0.26581013407833515,-0.3659305246647761
79.16,1.97932422213977,0.26565422520740495,-0.3687313935260716
79.17,1.98197997435309,0.26549579352975194,-0.3715015707494634
79.1799999999999,1.98463412957191,0.26533482720417595,-0.3698970103630661
79.19,1.98728666249066,0.2651713402671507,-0.3704612759113789
79.2,1.98993754797583,0.2650053345742513,-0.37316662552272606
79.21,1.99258676075239,0.2648367990135107,-0.37379557512987305
79.22,1.99523427551684,0.2646657332376642,-0.3768774739912709
79.23,1.99788006693712,0.2644921230643249,-0.37981870494216363
79.24,2.00052410946515,0.2643159560620112,-0.3785995914652642
79.25,2.00316637757115,0.2641372442503528,-0.37958105951285603
79.26,2.00580684586164,0.26395598737890547,-0.38243428796047574
79.27,2.008445488799,0.26377217375599765,-0.38380768986235947
79.28,2.01108228080248,0.26358579986540676,-0.385298744780187
79.29,2.01371719624715,0.26339686181392485,-0.3876850411470234
79.3,2.01635020946299,0.26320535063867706,-0.38961454746827273
79.3099999999999,2.01898129466541,0.26301126033964434,-0.3904540217607189
79.32,2.02161042607192,0.26281459134415525,-0.39234141283803536
79.33,2.02423757787783,0.2626153382680241,-0.3944691978596396
79.34,2.02686272420105,0.26241349413117143,-0.396299462060327
79.35,2.02948583910629,0.2622090537645616,-0.39802939857464115
79.36,2.03210689660386,0.26200201238290777,-0.400943097918942
79.37,2.03472587064856,0.2617923587081683,-0.40295650730469423
79.38,2.03734273505326,0.2615800869053294,-0.4039782761783052
79.39,2.03995746365651,0.26136519695933635,-0.4064243015332068
79.4,2.04257003023882,0.2611476809809332,-0.40875913192660684
79.41,2.04518040849792,0.2609275314010932,-0.4109240846678967
79.42,2.04778857206683,0.26070474184033043,-0.41298667584023296
79.4299999999999,2.05039449451246,0.26047930629308585,-0.4162250082785003
79.44,2.0529981493343,0.2602512124580662,-0.4183742255950251
79.45,2.05559950988251,0.2600204544240814,-0.41986683778517847
79.46,2.05819854953226,0.25978703014960897,-0.4228074007362437
79.47,2.06079524156525,0.2595509296623111,-0.4253466572312245
79.48,2.06338955917827,0.2593121449510627,-0.42789237794327983
79.49,2.06598147549111,0.25907066831741454,-0.43020380757987525
79.5,2.06857096354501,0.25882649288569615,-0.43442240587085423
79.51,2.07115799630108,0.2585796017324153,-0.43657840703273554
79.52,2.07374254651175,0.25832998970097093,-0.43802479349739615
79.53,2.07632458701714,0.25807765578975683,-0.44186438354100094
79.54,2.07890409050937,0.25782258595526597,-0.44465888837114764
79.55,2.08148102958727,0.2575647714274987,-0.4476176149929711
79.5599999999999,2.08405537675816,0.25730420306908275,-0.4503652180874541
79.57,2.08662710443616,0.25704087224542504,-0.4554398618233618
79.58,2.0891961849322,0.25677475827873647,-0.45768520267635965
79.59,2.09176259031014,0.256505856380825,-0.45931091908047694
79.6,2.09432629275655,0.256234165412513,-0.46397611227930163
79.61,2.09688726426526,0.25595966780325535,-0.46714181653709325
79.62,2.09944547672366,0.2556823535415753,-0.4705622336971133
79.63,2.10200090191063,0.25540221184743306,-0.4740009508030804
79.64,2.10455351149452,0.25511923130983793,-0.47929553163867195
79.65,2.10710327701045,0.25483339115699444,-0.48200704574661585
79.66,2.10965016976504,0.2545446849861688,-0.48443717935302855
79.67,2.11219416113595,0.2542531081820898,-0.48946928558407554
79.6799999999999,2.11473522230018,0.25395864221641196,-0.493198487598589
79.69,2.11727332430972,0.25366127512125675,-0.49712709097781027
79.7,2.11980843808923,0.2533609943548565,-0.5013362517804978
79.71,2.1223405344338,0.25305778544857754,-0.507080237930023
79.72,2.12486958397024,0.252751626453814,-0.5102173877015684
79.73,2.12739555710397,0.2524425097638505,-0.5134096967585886
79.74,2.12991842427613,0.25213042776942585,-0.5190014477311494
79.75,2.13243815570926,0.25181536015955375,-0.5233541217236476
79.76,2.13495472148023,0.2514972928656397,-0.5278384874985806
79.77,2.13746809151762,0.2511762114868625,-0.5330376771575798
79.78,2.13997823559913,0.2508520974513262,-0.5395828419279749
79.79,2.14248512328204,0.2505249259743233,-0.542931523056905
79.8,2.14498872390143,0.25019468960867747,-0.5468327068787444
79.8099999999999,2.1474890068191,0.24986137834659788,-0.5533013886872531
79.82,2.14998594114257,0.24952496866715487,-0.5583513369253968
79.83,2.15247949580957,0.2491854441744934,-0.5634941263386947
79.84,2.15496963958513,0.2488427882805011,-0.5698907020598534
79.85,2.15745634105864,0.24849697762798773,-0.577029765958057
79.86,2.15993956854147,0.2481479859674396,-0.5808054598366066
79.87,2.16241929014493,0.2477958050556876,-0.5858153996307365
79.88,2.16489547395936,0.24744042064590208,-0.5930665100307744
79.89,2.16736808779508,0.24708180674388736,-0.5989684632256255
79.9,2.16983709926516,0.24671994417434878,-0.6048972833501896
79.91,2.17230247578206,0.2463548137808321,-0.6126344915448433
79.92,2.17476418455428,0.24598638713999588,-0.6202695188803753
79.9299999999999,2.17722219245434,0.24561463733751382,-0.6247215023580109
79.94,2.1796764661866,0.24523955429867814,-0.6311492218978317
79.95,2.18212697236012,0.24486111830675691,-0.6391572297927479
79.96,2.18457367728468,0.24447930133541335,-0.6460661859483441
79.97,2.18701654704217,0.24409408102956295,-0.652991009019156
79.98,2.18945554748275,0.24370543507550302,-0.661849769737804
79.99,2.19189064422113,0.2433133316957714,-0.669889997770994
80.0,2.1943218025073,0.24291774408964723,-0.6756690017148519
80.01,2.19674898743508,0.2425186573666675,-0.6836842852727764
80.02,2.19917216390359,0.24211604587690932,-0.6923486711014092
80.03,2.20159129650745,0.2417098805019095,-0.7004513524709232
80.04,2.20400634958103,0.24130013541678136,-0.7080037481158268
80.05,2.20641728719437,0.24088678663267324,-0.720604273443159
80.0599999999999,2.20882407314894,0.24046978594047438,-0.7294673352340368
80.07,2.21122667065481,0.24004910504341614,-0.7339497257730961
80.08,2.21362504295169,0.23962473806550627,-0.7444977137057578
80.09,2.21601915301116,0.2391966498787479,-0.7547090306450435
80.1,2.21840896343188,0.2387648059228457,-0.7641107354560426
80.11,2.22079443651088,0.23832917642724327,-0.7733835149696785
80.12,2.22317553423871,0.23788973209049047,-0.785933341496378
80.13,2.22555221829453,0.23744642852840578,-0.7956339418208271
80.14,2.22792444985022,0.23699923613615578,-0.8035448051704541
80.15,2.23029218997955,0.23654813462341923,-0.8154864152134804
80.16,2.23265539938253,0.23609308480057786,-0.8264736530082223
80.17,2.2350140383982,0.23563405165740736,-0.8375400840944897
80.1799999999999,2.23736806702335,0.23517100090394058,-0.8477703501594452
80.19,2.23971744490722,0.23470390087016274,-0.8650363029968496
80.2,2.24206213134622,0.23423268810165063,-0.8748618085297417
80.21,2.24440208487674,0.23375733592774228,-0.8819949335144562
80.22,2.24673726420731,0.23327783127443288,-0.8979662179084601
80.23,2.24906762748461,0.2327941199120202,-0.9102381558580875
80.24,2.25139313245625,0.2323061637424869,-0.9231204466506078
80.25,2.25371373647882,0.2318139235888121,-0.9356477472311587
80.26,2.25602939651189,0.23131736105709289,-0.953442218795829
80.27,2.25834006909907,0.2308164147994322,-0.9652160068662511
80.28,2.2606457100914,0.23031105277143324,-0.9757083778323666
80.29,2.26294627533897,0.22980124970282864,-0.9930361806039805
80.3,2.26524172009852,0.22928694928889087,-1.0072230887130853
80.3099999999999,2.26753199919169,0.22876810906659792,-1.0221003326689004
80.32,2.26981706699849,0.228244684960847,-1.0370789952874344
80.33,2.27209687745074,0.22771663140624215,-1.0578959822580454
80.34,2.27437138397562,0.2271838781840933,-1.0709579524419948
80.35,2.27664053923998,0.2266463920102509,-1.0831678988963633
80.36,2.27890429593032,0.22610414444564908,-1.1034964520081088
80.37,2.28116260604711,0.22555707078542783,-1.1199341064989001
80.38,2.28341542109918,0.22500512319009552,-1.1371668200807317
80.39,2.28566269209661,0.22444825198575752,-1.1550898974397628
80.4,2.28790436954351,0.22388640393473658,-1.1771194058107062
80.41,2.29014040336346,0.2233195091731477,-1.1934941388722906
80.42,2.29237074276181,0.22274752459264802,-1.2096744986925632
80.4299999999999,2.29459533674223,0.22217040905416763,-1.2316429394045307
80.44,2.29681413362255,0.2215880964135238,-1.251008426133246
80.45,2.29902708116288,0.2210005318195781,-1.2715461680295805
80.46,2.30123412655739,0.22040765687668293,-1.2925062535438858
80.47,2.3034352164026,0.21980941235009527,-1.3131802864646833
80.48,2.30563029671511,0.21920574132691106,-1.3345956400543804
80.49,2.30781931294263,0.21859658469391235,-1.3567908386424288
80.5,2.3100022099184,0.21798188091766887,-1.3789805530739632
80.51,2.31217893186565,0.21736156920333002,-1.402763006102133
80.52,2.31434942238915,0.21673558310134253,-1.426021687506951
80.53,2.31651362440423,0.216103859696933,-1.4489748096160264
80.54,2.31867148025488,0.21546633859580444,-1.4736789352241604
80.55,2.32082293162786,0.21482295307076646,-1.498481971683428
80.5599999999999,2.32296791954669,0.21417363686950427,-1.52363834574693
80.57,2.32510638437022,0.21351832305075796,-1.5510382921490036
80.58,2.32723826576942,0.21285693669243674,-1.5766183580636024
80.59,2.32936350264361,0.2121894120718985,-1.602228789230493
80.6,2.33148203333072,0.21151568468106657,-1.6306494936799096
80.61,2.33359379541199,0.2108356794380854,-1.65827275179086
80.62,2.33569872575473,0.21014932531367622,-1.6872537860937493
80.63,2.33779676050312,0.20945654695499658,-1.717295276791489
80.64,2.33988783502212,0.20875726621582363,-1.7458915549292184
80.65,2.34197188391651,0.20805141255468101,-1.7755348218166187
80.66,2.34404884111595,0.20733891254400838,-1.8070272706209405
80.67,2.3461186397472,0.20661968632016414,-1.838328679787525
80.6799999999999,2.34818121216236,0.20589365611610363,-1.8700381553871412
80.69,2.35023648992937,0.20516074414317725,-1.9025507258532086
80.7,2.35228440383938,0.20442087072557089,-1.9359589629797165
80.71,2.35432488386618,0.20367395400107496,-1.96963586649288
80.72,2.35635785916977,0.20291991252966435,-2.0039472346817253
80.73,2.35838325809236,0.20215866386789813,-2.039235324733305
80.74,2.36040100814526,0.20139012377651996,-2.0726873907310934
80.75,2.36241103600595,0.2006142166814051,-2.109651424958838
80.76,2.36441326762531,0.19983085412424256,-2.148129440583665
80.77,2.36640762793099,0.1990399430748339,-2.184183924819553
80.78,2.36839404105067,0.19824140186152084,-2.2225858354195185
80.79,2.37037243023985,0.19743514180416608,-2.2607199388121937
80.8,2.37234271787281,0.1966210771454202,-2.2979331512353403
80.8099999999999,2.37430482549161,0.1957991270337763,-2.339363752752152
80.82,2.3762586738073,0.19496919514492284,-2.3811731689495583
80.83,2.37820418247172,0.19413118523775585,-2.4208593577141557
80.84,2.3801412702963,0.1932850113154176,-2.463441627314027
80.85,2.38206985517508,0.19243057897515942,-2.502854094117852
80.86,2.38398985407633,0.19156780787458566,-2.544470027208805
80.87,2.38590118323494,0.19069660993801252,-2.5914968467642305
80.88,2.38780375783023,0.1898168770453975,-2.635410566343131
80.89,2.38969749201372,0.18892851488157375,-2.6788364403646767
80.9,2.39158229906112,0.18803143338974224,-2.725599505286831
80.91,2.39345809129627,0.18712553310076635,-2.764844825009913
80.92,2.39532478008386,0.1862107447118455,-2.812172454311417
80.9299999999999,2.39718227622355,0.18528696826764318,-2.8640139886129115
80.94,2.39903048911394,0.18435408746733106,-2.9078364176100084
80.95,2.40086932734479,0.1834120188904461,-2.955446861707414
80.96,2.4026986985577,0.18246066875405126,-2.9994547317564293
80.97,2.40451850950678,0.18149995748224884,-3.049717679975432
80.98,2.40632866615937,0.18052978228974004,-3.101125879029118
80.99,2.40812907326028,0.1795500371509144,-3.1486140085461267
81.0,2.40991963471093,0.1785606338022568,-3.195761989023776
81.01,2.41170025346115,0.1775614882660907,-3.243224058546099
81.02,2.41347083171006,0.17655251553908569,-3.296643096191824
81.03,2.41523127066139,0.1755336084759714,-3.3474609491393323
81.04,2.41698147044816,0.17450467082617366,-3.3983275628858913
81.05,2.41872133034883,0.17346561067243713,-3.440772810141762
81.0599999999999,2.42045074871044,0.1724163697442216,-3.49288956897392
81.07,2.42216962347894,0.17135685203415094,-3.5507466574191917
81.08,2.42387785111973,0.17028693981790965,-3.5977313941184614
81.09,2.42557532737905,0.16920655877532553,-3.648528643047941
81.1,2.42726194713317,0.16811562560301957,-3.690189719397409
81.11,2.42893760453342,0.1670140913395124,-3.74517285356428
81.12,2.43060219328233,0.16590185477147007,-3.8019859320216742
81.13,2.43225560561159,0.16477880747567397,-3.8484043036074382
81.14,2.43389773318595,0.16364488459676974,-3.893569271083931
81.15,2.4355284668653,0.16250003057782053,-3.9378178168739884
81.16,2.4371476971604,0.16134419131982697,-3.9945006088728667
81.17,2.43875531373785,0.16017726321605846,-4.044826448292381
81.1799999999999,2.44035120520797,0.15899916701399935,-4.092740059289198
81.19,2.44193525965993,0.15780983914140956,-4.127225498494602
81.2,2.44350736449536,0.1566092699263962,-4.176187903685692
81.21,2.44506740734,0.155397389652423,-4.234233380139007
81.22,2.44661527425736,0.15417409132159426,-4.273748592219066
81.23,2.44815085099764,0.15293934223143957,-4.318656856706062
81.24,2.44967402279789,0.15169309600516767,-4.348781226589784
81.25,2.45118467459647,0.15043536293682935,-4.398266165551313
81.26,2.45268269152738,0.14916607259628512,-4.450159842611833
81.27,2.45416795728114,0.14788514294617658,-4.4852437898343975
81.28,2.4556403555637,0.14659256373466362,-4.518660337608188
81.29,2.45709976973349,0.14528833766668248,-4.549251788995542
81.3,2.45854608349802,0.14397247485230896,-4.597513771758622
81.3099999999999,2.4599791802357,0.1426449094968215,-4.636539801220975
81.32,2.4613989425991,0.14130561217777043,-4.670452706745136
81.33,2.46280525340251,0.13995458289366436,-4.6867389393195
81.34,2.46419799537117,0.13859189772199207,-4.721010878694489
81.35,2.46557705246502,0.13721755145532644,-4.767409214396236
81.36,2.46694230737254,0.13583148421024335,-4.788907957714101
81.37,2.46829364323883,0.13443374342627287,-4.8168982473081705
81.38,2.46963094345642,0.13302435904833562,-4.826544367276064
81.39,2.47095409192491,0.13160343837717398,-4.858820873897277
81.4,2.47226297377538,0.1301709850263455,-4.893988924821911
81.41,2.47355747318525,0.12872698713773206,-4.908050951138246
81.42,2.47483747533598,0.12727153174549866,-4.9219915546351265
81.4299999999999,2.47610286595318,0.1258047152145096,-4.931627618333237
81.44,2.47735353210936,0.1243266494643384,-4.95933171631693
81.45,2.47858936154655,0.12283736017509132,-4.977859362880005
81.46,2.47981024214722,0.12133691431466254,-4.989625112648486
81.47,2.48101606303505,0.11982542013125874,-4.986821284923986
81.48,2.4822067142996,0.11830305988652276,-4.998746373029375
81.49,2.48338208834984,0.11676994108898257,-5.021569877554338
81.5,2.48454207747916,0.11522611662997766,-5.022558527802562
81.51,2.48568657554085,0.11367174885651052,-5.02881291160725
81.52,2.48681547783208,0.11210698613693208,-5.0212194111011526
81.53,2.48792868131042,0.11053204725905985,-5.0300194821858195
81.54,2.48902608529929,0.10894706619780647,-5.041102280238507
81.55,2.49010758960744,0.1073521655871749,-5.035969688477684
81.5599999999999,2.4911730962645,0.1057475591482615,-5.032558579575217
81.57,2.49222250916164,0.10413346225141007,-5.025743999181517
81.58,2.4932557346351,0.10251010924392512,-5.029416996245511
81.59,2.49427268110207,0.10087767907126881,-5.02805944917254
81.6,2.49527325867867,0.09923638176985161,-5.021574728250179
81.61,2.49625738002165,0.09758646566982258,-5.011390746498312
81.62,2.49722496017936,0.09592820829481541,-5.005678983807206
81.63,2.49817591722721,0.0942618645253505,-5.0038338528186985
81.64,2.49911017132777,0.0925876716254844,-4.994286241965803
81.65,2.50002764546589,0.09090591947465236,-4.986466968228959
81.66,2.50092826549374,0.0892168978951946,-4.976906355259187
81.67,2.50181196021801,0.0875209145142275,-4.96905799756518
81.6799999999999,2.50267866159731,0.08581827384367784,-4.961446465384331
81.69,2.50352830455274,0.08410928737235443,-4.951572305738465
81.7,2.50436082731034,0.08239429026108229,-4.943457964008933
81.71,2.50517617143757,0.0806736157414778,-4.935793804253286
81.72,2.50597428184462,0.07894760380524243,-4.926392632296408
81.73,2.506755106938,0.07721661771558457,-4.91706452571603
81.74,2.50751859885715,0.07548103082241446,-4.911712666639808
81.75,2.50826471341194,0.07374119849200926,-4.905440400164086
81.76,2.50899340993745,0.07199749483278359,-4.896606740941005
81.77,2.50970465176136,0.07025032705808935,-4.88958755064018
81.78,2.51039840627258,0.06850010098800412,-4.888421106551547
81.79,2.51107464484601,0.06674718926768705,-4.884077520340821
81.8,2.51173334249609,0.06499200441098715,-4.877526976028484
81.8099999999999,2.51237447883732,0.06323499322668329,-4.875511737052711
81.82,2.51299803767374,0.061476579710662005,-4.879214729028999
81.83,2.51360400708001,0.059717153436241364,-4.878367598503828
81.84,2.51419237887233,0.05795716179143688,-4.875836702846866
81.85,2.51476315001369,0.056197085641429556,-4.88098772158221
81.86,2.51531632172821,0.05443735461613253,-4.889956760479765
81.87,2.51585189965008,0.05267837867956778,-4.894607385216932
81.88,2.51636989340951,0.050920631634154834,-4.89863486230754
81.89,2.51687031802254,0.04916461487592949,-4.911890011924228
81.9,2.51735319291179,0.04741076016826866,-4.927565690968465
81.91,2.51781854188321,0.04565949390515171,-4.93926667513121
81.92,2.51826639307468,0.043911311598025346,-4.95220588705402
81.9299999999999,2.51869678005704,0.0421667216601714,-4.9750225064341
81.94,2.51910974091067,0.04042615045815416,-4.998427577142934
81.95,2.51950531797191,0.03869004273391689,-5.019134747509621
81.96,2.51988355833866,0.03695890839125286,-5.043326223439867
81.97,2.52024451435289,0.035233248455734945,-5.077214165191184
81.98,2.52058824295156,0.033513476275426335,-5.110205670429732
81.99,2.52091480506042,0.03180005116225626,-5.141858491987532
82.0,2.52122426684585,0.03009349249224469,-5.1794222661244245
82.01,2.52151669936774,0.02839428221857269,-5.226448133367859
82.02,2.52179217831105,0.02670280777503272,-5.270896038561712
82.03,2.52205078291579,0.02501954465501388,-5.315633392494788
82.04,2.52229259829725,0.02334501988163762,-5.369234671048476
82.05,2.52251771389874,0.021679680006999234,-5.430207669112049
82.0599999999999,2.52272622378885,0.020023896738008418,-5.490394818755957
82.07,2.52291822524775,0.01837813038081393,-5.55158109393274
82.08,2.52309382148077,0.01674290187232419,-5.622437413544339
82.09,2.5232531197884,0.015118632847244129,-5.699884510932413
82.1,2.52339623188937,0.013505679357828093,-5.778758021831989
82.11,2.52352327257488,0.011904478959430994,-5.860480522546263
82.12,2.52363436224967,0.010315525052240204,-5.951317968204
82.13,2.52372962519567,0.008739215057092705,-6.048581319847888
82.14,2.52380918984942,0.007175885956352731,-6.149714607363159
82.15,2.52387318756603,0.005625946421668656,-6.255839401056907
82.16,2.52392175489779,0.004089854192412812,-6.37056688239489
82.17,2.52395503201203,0.002567978263379178,-6.491870934801426
82.1799999999999,2.52397316291433,0.0010606301670268437,-6.619633158818338
82.19,2.52397629430674,-0.00043181551682147656,-6.7547592680488755
82.2,2.52396457763543,-0.001908941167102126,-6.89826923938323
82.21,2.52393816764285,-0.0033704118550748063,-7.048754086168046
82.22,2.52389722254326,-0.004815945395086896,-7.208517661156923
82.23,2.52384190299199,-0.006245205948414897,-7.37830868090345
82.24,2.52377237387596,-0.007657821270686446,-7.556542155152929
82.25,2.52368880301826,-0.009053494829495506,-7.74263734234122
82.26,2.5235913613059,-0.010431975283316705,-7.940978837758217
82.27,2.52348022181105,-0.01179296925413927,-8.152222346491309
82.28,2.52335556125228,-0.01313615529360268,-8.372461064671292
82.29,2.5232175588998,-0.014461277643836498,-8.602123103335947
82.3,2.52306639665113,-0.015768117781437645,-8.847027852028384
82.3099999999999,2.52290225831911,-0.01705642736369306,-9.10781343342134
82.32,2.52272533074053,-0.01832593884241544,-9.378888667121041
82.33,2.52253580289864,-0.01957643900798815,-9.66167389781223
82.34,2.52233386594846,-0.02080774461409307,-9.962670857986867
82.35,2.52211971266351,-0.022019653947247253,-10.282557984901327
82.36,2.52189353821318,-0.023211954422423336,-10.614816282574473
82.37,2.52165553949007,-0.024384476979422143,-10.962081440648287
82.38,2.52140591509163,-0.025537074594820613,-11.33021949873397
82.39,2.52114486492864,-0.026669592907272815,-11.719977299558833
82.4,2.52087259067312,-0.02778187495315517,-12.125178735402223
82.41,2.52058929529086,-0.028873796278601947,-12.549992289593346
82.42,2.52029518298377,-0.029945245842677437,-12.997569587767556
82.4299999999999,2.51999045896727,-0.030996116220560754,-13.468642956382887
82.44,2.51967532958552,-0.03202630581639795,-13.959492256568078
82.45,2.51935000205133,-0.03303573405660787,-14.475943464865468
82.46,2.51901468435422,-0.03402432519183929,-15.015735030438174
82.47,2.51866958520366,-0.034992017199830805,-15.57905562355967
82.48,2.51831491382718,-0.03593876262066864,-16.168048306010686
82.49,2.51795087989899,-0.036864523226820545,-16.78820605914195
82.5,2.51757769343134,-0.037769260655666034,-17.432957334387293
82.51,2.51719556482416,-0.038652953170092985,-18.097852679102804
82.52,2.51680470450722,-0.03951560314458351,-18.792836688107837
82.53,2.51640532288644,-0.0403572160565228,-19.525530479195364
82.54,2.51599763030693,-0.04117779028967039,-20.284287665898663
82.55,2.51558183714862,-0.041977339508910326,-21.054410866517806
82.5599999999999,2.51515815343942,-0.04275591137990661,-21.85538744715762
82.57,2.51472678868743,-0.04351355500367878,-22.701612604669926
82.58,2.514287951983,-0.04425030369582898,-23.575708570839765
82.59,2.5138418520977,-0.044966201242261736,-24.4438949608824
82.6,2.51338869716508,-0.045661335969945004,-25.337488246417916
82.61,2.51292869429314,-0.046335799195669956,-26.284231809889913
82.62,2.51246204986291,-0.046989656976999715,-27.260588407418606
82.63,2.51198896958382,-0.047622978671498416,-28.203715338482372
82.64,2.51150965832776,-0.04823588759141536,-29.157164606670566
82.65,2.51102431945252,-0.048828514466014994,-30.170647949405787
82.66,2.51053315532348,-0.04940095589714977,-31.21321690626873
82.67,2.5100363672855,-0.049953304356920025,-32.18700954529273
82.6799999999999,2.50953415569926,-0.05048571190452804,-33.14427983364894
82.69,2.50902671898159,-0.050998344189253274,-34.165158150243556
82.7,2.50851425432074,-0.05149132596417398,-35.212446999152974
82.71,2.50799695756005,-0.05196477038231414,-36.14787153149566
82.72,2.50747502344264,-0.05241885314001271,-37.02918800992902
82.73,2.50694864440267,-0.05285376994926816,-37.97456480981423
82.74,2.5064180114385,-0.053269670561332624,-38.947807536220104
82.75,2.50588331392084,-0.05366668388789113,-39.7564142193869
82.76,2.50534474005536,-0.05404500523892668,-40.465058862348016
82.77,2.5048024754041,-0.05440485662724741,-41.242668555265226
82.78,2.50425670393325,-0.054746408281166246,-42.053955245739026
82.79,2.50370760773923,-0.0550698008907613,-42.64710898680312
82.8,2.50315536773014,-0.05537524471207108,-43.09258288811426
82.8099999999999,2.50260016188611,-0.05566298335010582,-43.62186421285913
82.82,2.50204216647374,-0.05593320260934842,-44.180981803988175
82.83,2.50148155569004,-0.05618605667482661,-44.493244967151256
82.84,2.5009185024747,-0.05642176564664888,-44.62347593440231
82.85,2.50035317669477,-0.0566405866522531,-44.857935445407364
82.86,2.49978574638918,-0.0568427161477536,-45.084770430872034
82.87,2.49921637740415,-0.05702832983264239,-45.10054163729226
82.88,2.49864523408747,-0.05719765039423989,-44.92525533884808
82.89,2.49807247786101,-0.05735093723023832,-44.828694297271134
82.9,2.49749826809137,-0.0574884026317557,-44.73988624862503
82.91,2.49692276190298,-0.05761023526393849,-44.48100959005914
82.92,2.49634611473904,-0.057716657158505644,-44.02814502676957
82.9299999999999,2.49576847927404,-0.05780792912084924,-43.6328630686011
82.94,2.49519000591887,-0.057884276832594526,-43.2979554277505
82.95,2.49461084283612,-0.057945891592322184,-42.83005709541056
82.96,2.49403113645559,-0.05799299001731188,-42.153930045959505
82.97,2.49345103055888,-0.05802583525799469,-41.544609386747325
82.98,2.49287066650303,-0.05804465942853184,-41.017842074058095
82.99,2.4922901834466,-0.05804965885515638,-40.41249430416628
83.0,2.49170971868877,-0.058041043844381246,-39.62082673095376
83.01,2.49112940710742,-0.058019069856674044,-38.882156174338746
83.02,2.49054938105092,-0.05798397154434347,-38.211345002152314
83.03,2.4899697707266,-0.057935957281596284,-37.49453660628956
83.04,2.48939070422753,-0.05787524369659236,-36.694906526275204
83.05,2.48881230739409,-0.05780206823623828,-35.91026019870605
83.0599999999999,2.48823470363443,-0.05771666240375062,-35.15249993638615
83.07,2.48765801417015,-0.057619248443918636,-34.359007293257115
83.08,2.48708235792446,-0.05751005742734202,-33.588972455473254
83.09,2.4865078515276,-0.05738931455056366,-32.79929247194714
83.1,2.48593460938531,-0.05725724979492863,-32.07490450542617
83.11,2.48536274360302,-0.05711407051109951,-31.584059280891136
83.12,2.48479236450321,-0.05695991966631805,-30.72836376756987
83.13,2.48422358093213,-0.056795050790751464,-29.863772461596522
83.14,2.48365649837815,-0.05661972554500035,-29.30856176878812
83.15,2.48309122069743,-0.05643411461440836,-28.64030568218328
83.16,2.48252784969101,-0.056238421149582926,-27.97521949126943
83.17,2.48196648518874,-0.05603285337977641,-27.322934787990206
83.1799999999999,2.48140722484658,-0.05581761912993126,-26.722585545728673
83.19,2.48085016434756,-0.0555929169499166,-25.967099151446963
83.2,2.48029539725716,-0.055358997026655477,-25.41159649176699
83.21,2.47974301450737,-0.05511604968592525,-24.92715378818215
83.22,2.47919310576826,-0.05486424517701094,-24.258296368681084
83.23,2.47864575839867,-0.054603812982726804,-23.92436078144908
83.24,2.4781010578088,-0.05433488083923892,-23.342652711405538
83.25,2.47755908838962,-0.05405766252142656,-22.688224693582363
83.26,2.47701993139657,-0.05377240313325279,-22.301246434269476
83.27,2.4764836666034,-0.05347926037200616,-21.867762845891892
83.28,2.47595037189503,-0.05317840586092822,-21.468110336968603
83.29,2.47542012362194,-0.052870006477482676,-20.981005776623675
83.3,2.4748929962482,-0.0525542644072267,-20.559582892034914
83.3099999999999,2.47436906220606,-0.05223136319748208,-20.19373752683258
83.32,2.47384839229686,-0.051901468302495424,-19.832543667581092
83.33,2.47333105559492,-0.051564746311679364,-19.468941335701597
83.34,2.47281711955538,-0.051221368920240096,-19.11286263031126
83.35,2.47230664983162,-0.05087150839391634,-18.798282815603585
83.36,2.47179971046089,-0.050515325063423454,-18.469423009143583
83.37,2.47129636384627,-0.05015298756957017,-18.15919970595658
83.38,2.47079667068019,-0.049784660479083406,-17.887964641902805
83.39,2.47030069009437,-0.04941049587884698,-17.61478059203005
83.4,2.46980847970318,-0.04903064915676714,-17.345568627501414
83.41,2.46932009553565,-0.04864527667397164,-17.116925294005128
83.42,2.46883559210924,-0.04825452149473571,-16.87402297366788
83.4299999999999,2.46835502254373,-0.047858534914687244,-16.635784496600102
83.44,2.46787843834719,-0.04745746902100242,-16.43083036579064
83.45,2.46740588962901,-0.04705146420648972,-16.24050881908856
83.46,2.466937425074,-0.046640656209765805,-16.057847862578445
83.47,2.46647309206299,-0.04622518012068848,-15.865484890084371
83.48,2.4660129365642,-0.045805177287498264,-15.697890916849408
83.49,2.46555700316509,-0.04538078065384384,-15.54474772119392
83.5,2.4651053351653,-0.04495211899789853,-15.375327290837593
83.51,2.46465797455025,-0.044519329617509484,-15.242607838487528
83.52,2.46421496192523,-0.044082535362103645,-15.125409146207497
83.53,2.46377633679863,-0.043641853536802167,-14.994780930283385
83.54,2.46334213739579,-0.04319740930575818,-14.868858225757307
83.55,2.46291240073915,-0.04274932796526354,-14.757306815212608
83.5599999999999,2.46248716256608,-0.04229772918165435,-14.672485751015197
83.57,2.46206645751678,-0.04184272162559196,-14.579742459431632
83.58,2.46165031911863,-0.041384418691688594,-14.492477673088803
83.59,2.46123877975462,-0.040922932899227035,-14.417930825811176
83.6,2.4608318707118,-0.040458372084573035,-14.348971642336398
83.61,2.46042962221005,-0.03999084249043013,-14.286758727312185
83.62,2.46003206341222,-0.03952044827035077,-14.233423795563104
83.63,2.45963922245683,-0.039047290493569406,-14.18389842298746
83.64,2.45925112647848,-0.038571469766168764,-14.131147865183502
83.65,2.45886780159936,-0.038093089086251496,-14.10222389738837
83.66,2.4584892729244,-0.03761224059007547,-14.080509697061956
83.67,2.45811556471454,-0.0371290135431653,-14.054975964297482
83.6799999999999,2.45774670027073,-0.03664350065006502,-14.021291887573183
83.69,2.45738270199518,-0.036155800378164425,-13.995827474341937
83.7,2.45702359124753,-0.035666007240997555,-14.009765994235877
83.71,2.45666938857432,-0.035174196254309884,-14.010215347017711
83.72,2.45632011377277,-0.03468044964352417,-14.008439271199405
83.73,2.45597578574762,-0.03418485279692944,-14.000572726059291
83.74,2.45563642259115,-0.03368749523725567,-14.015929794852333
83.75,2.45530204145699,-0.033188454539156975,-14.04813482308265
83.76,2.4549726588762,-0.03268780003125767,-14.062070479538216
83.77,2.45464829057272,-0.0321856112138567,-14.089818153308501
83.78,2.45432895152074,-0.03168196181213927,-14.116451316500212
83.79,2.45401465595897,-0.031176926472746096,-14.155182346158732
83.8,2.45370541738366,-0.030670573842191594,-14.199772420730298
83.8099999999999,2.45340124865281,-0.030162969880317046,-14.244593364627192
83.82,2.45310216193252,-0.02965418145646585,-14.284321355216198
83.83,2.45280816873549,-0.029144279663354904,-14.323713279804982
83.84,2.45251927981988,-0.028633335924836228,-14.395248212077405
83.85,2.45223550531129,-0.028121403664493894,-14.461176672317821
83.86,2.4519568548499,-0.0276085396129222,-14.522702737199218
83.87,2.45168333741539,-0.027094805141584615,-14.562454591848338
83.88,2.45141496140623,-0.026580275405322745,-14.634079176501555
83.89,2.45115173437892,-0.026065006325404205,-14.73466405565036
83.9,2.45089366360678,-0.025549036780270207,-14.799452028579886
83.91,2.45064075577884,-0.025032427132753998,-14.879419028706382
83.92,2.45039301701922,-0.024515230742324277,-14.955503549260055
83.9299999999999,2.45015045293437,-0.02399750374008821,-15.036278808936478
83.94,2.4499130685401,-0.023479299434825407,-15.134948772142659
83.95,2.44968086839469,-0.02296066006840884,-15.22755808475237
83.96,2.44945385663396,-0.02244163189838444,-15.31911271321229
83.97,2.44923203689346,-0.021922262764151323,-15.413630370880554
83.98,2.44901541235807,-0.02140259959717931,-15.50278597909513
83.99,2.44880398571927,-0.02088269283666566,-15.612516507271732
84.0,2.4485977591921,-0.020362579000395474,-15.722690109096447
84.01,2.4483967347061,-0.019842294257084912,-15.823016293596664
84.02,2.44820091373276,-0.01932188191445065,-15.933705365781158
84.03,2.4480102973554,-0.018801380489411972,-16.0055895593054
84.04,2.44782488621623,-0.018280856065474214,-16.132466445765413
84.05,2.44764468023259,-0.017760333464248806,-16.272233912352192
84.0599999999999,2.44746967947814,-0.017239827297273656,-16.362410620102136
84.07,2.44729988346639,-0.016719389065567025,-16.485327397127
84.08,2.4471352913623,-0.016199048606498533,-16.574230043198543
84.09,2.44697590199374,-0.015678861636817903,-16.69594085798709
84.1,2.44682171352972,-0.015158856438642529,-16.834160925399093
84.11,2.44667272420217,-0.014639046868688185,-16.937267587558942
84.12,2.44652893180238,-0.01411947544653532,-17.054573724038928
84.13,2.44639033379926,-0.013600173499409934,-17.180549686875082
84.14,2.44625692736002,-0.013081162758569558,-17.301329647732846
84.15,2.44612870948322,-0.012562469238386331,-17.412088024003154
84.16,2.44600567680509,-0.012044127945095203,-17.532467327952194
84.17,2.44588782566843,-0.011526163852682014,-17.654063296900407
84.1799999999999,2.44577515219511,-0.011008599006923081,-17.76939447760519
84.19,2.4456676522657,-0.010491460978515981,-17.883027944233298
84.2,2.44556532146408,-0.009974777814843646,-18.00481530485844
84.21,2.44546815513761,-0.009458566069497909,-18.122799316914467
84.22,2.44537614850817,-0.008942844082152995,-18.237050743285558
84.23,2.44528929654676,-0.008427632966197715,-18.346329379630593
84.24,2.44520759402714,-0.007912962716719967,-18.41504291014669
84.25,2.44513103524531,-0.007398919296660219,-18.552480559094782
84.26,2.44505961362258,-0.006885482670830149,-18.68975113231562
84.27,2.44499332362588,-0.006372625407254548,-18.76838660562022
84.28,2.4449321589922,-0.005860409215174833,-18.873663567722335
84.29,2.44487611325114,-0.005348854024145311,-18.98596902369597
84.3,2.44482517973048,-0.004837952993763661,-19.09508771742412
84.3099999999999,2.44477935201502,-0.004327697342924412,-19.175006346006157
84.32,2.44473862346249,-0.003818140966083128,-19.264927725753914
84.33,2.44470298678837,-0.0033093110620903885,-19.362765797509542
84.34,2.44467243483321,-0.0028012015226619447,-19.4506700454952
84.35,2.44464696030823,-0.002293820354589323,-19.524606968964378
84.36,2.44462655580409,-0.0017872322151853601,-19.606640718946615
84.37,2.44461121299796,-0.001281450076984214,-19.69198321430546
84.38,2.44460092421687,-0.0007764360417309806,-19.761704649336735
84.39,2.44459568161971,-0.0002722195825718051,-19.830410094746366
84.4,2.4445954771031,0.00023117906174929814,-19.895700264085892
84.41,2.44460030243771,0.0007337486570076676,-19.95667026458064
84.42,2.44461014927346,0.0012354773149166518,-20.013297557684858
84.4299999999999,2.44462500914375,0.0017363538022507896,-20.065440025453135
84.44,2.44464487347363,0.0022363674526607964,-20.112993088000266
84.45,2.4446697335828,0.0027355080082373346,-20.15563020963566
84.46,2.44469958069154,0.003233766158809252,-20.194007871847262
84.47,2.44473440592604,0.0037311307563347995,-20.229894812187855
84.48,2.44477420028049,0.004227585991907942,-20.256289530100762
84.49,2.44481895460364,0.004723128478471376,-20.27738086579626
84.5,2.44486865979331,0.005217754970772889,-20.297350838554568
84.51,2.44492330661118,0.005711453347449306,-20.30834716619658
84.52,2.44498288574432,0.006204218243144322,-20.321566198398102
84.53,2.44504738781003,0.006696032757188183,-20.328723823373675
84.54,2.44511680319493,0.007186883552338467,-20.317605319767708
84.55,2.4451911222852,0.007676776727061352,-20.30827062781141
84.5599999999999,2.4452703355194,0.008165707816842893,-20.298832202905338
84.57,2.44535443319854,0.00865366533004952,-20.27758402414865
84.58,2.44544340556363,0.009140645263157795,-20.262158671806187
84.59,2.44553724279943,0.009626632541352247,-20.231877040657388
84.6,2.44563593489494,0.010111623020077806,-20.189072587290415
84.61,2.44573947194406,0.010595620163907546,-20.15341107061
84.62,2.44584784395826,0.011078615010429171,-20.108876154130474
84.63,2.44596104088632,0.01156060200503406,-20.059664260985663
84.64,2.44607905263177,0.012041577031803493,-19.980716210291053
84.65,2.44620186909154,0.012521554809756068,-19.931258657970794
84.66,2.4463294803562,0.013000521584001964,-19.88233340727795
84.67,2.44646187610459,0.013478459514163859,-19.793355626046136
84.6799999999999,2.44659904614609,0.013955378558753544,-19.718225236350676
84.69,2.44674098026896,0.014431275499352896,-19.633192385664074
84.7,2.44688766824411,0.014906149962501392,-19.540146069352268
84.71,2.44703909982883,0.015379999235424584,-19.548859823571092
84.72,2.44719526462955,0.015852756454607746,-19.396965507440626
84.73,2.44735615144423,0.016324457631489153,-19.218201858921415
84.74,2.44752175039276,0.016795153196584128,-19.186855926332424
84.75,2.44769205101873,0.017264797311504026,-19.068013014214856
84.76,2.44786704284196,0.01773339228501684,-18.95862155169312
84.77,2.44804671536045,0.0182009353813369,-18.84534431721723
84.78,2.44823105805232,0.01866742602342949,-18.666930547233626
84.79,2.44842006045585,0.01913289522872767,-18.576950463339085
84.8,2.44861371248235,0.01959732287866167,-18.494327185074294
84.8099999999999,2.44881200337324,0.0200606828540247,-18.320217720096128
84.82,2.449014922646,0.020522997040750557,-18.191143159370213
84.83,2.44922245982257,0.020984263734754226,-18.048472600988838
84.84,2.4494346044321,0.021444485066916357,-17.904074927604373
84.85,2.44965134601387,0.021903658880010706,-17.875163696927864
84.86,2.44987267396837,0.022361729427866628,-17.659014669510974
84.87,2.45009857704713,0.02281873203091219,-17.42199224615583
84.88,2.45032904516684,0.023274711712995,-17.354406640433805
84.89,2.45056406775792,0.023729630304943537,-17.18909275367791
84.9,2.45080363424913,0.024183491733735057,-17.036908865197496
84.91,2.45104773406886,0.024636295562322868,-16.880814601802935
84.92,2.45129635664631,0.0250880433733632,-16.681167270530146
84.9299999999999,2.45154949146788,0.025538754229155934,-16.546773538557993
84.94,2.45180712823649,0.025988417117902195,-16.41594613421954
84.95,2.4520692562828,0.026437018541913826,-16.222400617736543
84.96,2.45233586511152,0.026884572527378452,-16.061797273685297
84.97,2.45260694424309,0.02733107940573465,-15.892114844599702
84.98,2.45288248321552,0.02777654194760319,-15.72607851098416
84.99,2.45316247158611,0.028220958854533833,-15.638656102374714
85.0,2.45344689882197,0.028664297852243337,-15.418096762533155
85.01,2.45373575403215,0.029106582937987735,-15.189330631503335
85.02,2.45402902704157,0.029547842143151648,-15.07862444448448
85.03,2.45432670739035,0.029988053470753062,-14.900686713266962
85.04,2.45462878463039,0.03042722060648817,-14.734303554848356
85.05,2.45493524832622,0.030865344216590707,-14.56310216447755
85.0599999999999,2.45524608805575,0.03130242819502731,-14.341224057172623
85.07,2.45556129348724,0.03173849553064212,-14.20652151688602
85.08,2.45588085453515,0.032173533781643116,-14.075041404121961
85.09,2.45620476069774,0.0326075287940079,-13.867085395525834
85.1,2.45653300168595,0.033040497812068345,-13.703046273922133
85.11,2.45686556723836,0.03347244211966416,-13.528464552110272
85.12,2.45720244712266,0.03390336602125954,-13.365973598599295
85.13,2.45754363113706,0.034333266823279494,-13.2980641720778
85.14,2.457889108953,0.034762107552803,-13.057836239053868
85.15,2.45823886986229,0.03518992023841724,-12.818517563805283
85.16,2.45859290401816,0.03561673805150267,-12.728331705564777
85.17,2.45895120122973,0.0360425347488295,-12.553104231664586
85.1799999999999,2.45931375132634,0.03646731540082697,-12.391161653447535
85.19,2.45968054415787,0.03689108208316805,-12.237912625927931
85.2,2.46005156959518,0.03731383490334824,-12.03627315466326
85.21,2.46042681753047,0.03773559260350501,-11.888406825421814
85.22,2.46080627811874,0.03815635308323333,-11.768435913907057
85.23,2.46118994123393,0.03857610331577573,-11.587957800210956
85.24,2.46157779685287,0.03899485450259421,-11.430978036971396
85.25,2.46196983500562,0.03941261037017826,-11.2765495111082
85.26,2.46236604575195,0.03982937372849864,-11.11879390831734
85.27,2.46276641918215,0.040245148678523066,-10.983007902613725
85.28,2.46317094541769,0.04065993104806302,-10.848748625770984
85.29,2.46357961449012,0.041073717306242916,-10.669913671417888
85.3,2.46399241648994,0.04148652236001249,-10.515355299019108
85.3099999999999,2.4644093416834,0.041898352460330766,-10.384921580038476
85.32,2.46483038028073,0.04230920432324685,-10.23769392181037
85.33,2.4652555225212,0.042719081579597105,-10.094312684535899
85.34,2.46568475867355,0.04312798738533852,-9.951713841154584
85.35,2.46611807903641,0.043535924482152044,-9.837799597165693
85.36,2.46655547391617,0.04394288549907088,-9.684203412607562
85.37,2.4669969335243,0.04434887961266565,-9.528018047735843
85.38,2.46744244831678,0.04475391803732502,-9.411779041356803
85.39,2.46789200868777,0.04515799652926959,-9.275927757210587
85.4,2.46834560505945,0.04556111864358152,-9.144756268615625
85.41,2.46880322788215,0.04596328720741043,-9.015521846287358
85.42,2.46926486763459,0.046364504952500774,-8.885290702885854
85.4299999999999,2.469730514824,0.046764775658495836,-8.759095120769496
85.44,2.47020015999995,0.04716410212122953,-8.636521367492689
85.45,2.47067379372601,0.04756248630727322,-8.512349906119372
85.46,2.47115140659612,0.04795993150526294,-8.390422000668044
85.47,2.47163298923649,0.04835644083439987,-8.270500319749063
85.48,2.47211853230316,0.04875201726574445,-8.151224358752346
85.49,2.4726080264822,0.04914666405635056,-8.037734628245854
85.5,2.47310146248991,0.049540382603889085,-7.928834302979968
85.51,2.47359883104373,0.04993317327431912,-7.807503632618313
85.52,2.47410012288293,0.050325042382604046,-7.692010977359397
85.53,2.47460532883344,0.05071599458491931,-7.5869518455430445
85.54,2.47511443972168,0.051106030660597046,-7.477366897823738
85.55,2.47562744640354,0.051495153800732815,-7.370216647385507
85.5599999999999,2.47614433976446,0.05188336700292506,-7.2631091545032485
85.57,2.47666511071959,0.052270673552690106,-7.170416717115278
85.58,2.47718975020973,0.05265707149009202,-7.062189886198588
85.59,2.47771824913938,0.053042566224740614,-6.952227651747786
85.6,2.47825059854397,0.053427164735990004,-6.860677739257836
85.61,2.47878678944654,0.05381086663874084,-6.761561049157875
85.62,2.47932681289869,0.05419367512506934,-6.665223393780815
85.63,2.47987065998049,0.05457559304592463,-6.5699494409461865
85.64,2.48041832180056,0.05495662334550715,-6.478012282554605
85.65,2.48096978949599,0.05533676813658239,-6.386049161949672
85.66,2.48152505422123,0.05571603019800161,-6.293483138861873
85.67,2.48208410716946,0.05609441322971624,-6.204619322161185
85.6799999999999,2.48264693956456,0.05647191990308202,-6.117163180848383
85.69,2.48321354265506,0.05684855280883398,-6.030501614607751
85.7,2.48378390771766,0.05722431479162997,-5.945316731679183
85.71,2.4843580260572,0.057599208671414256,-5.860033855239619
85.72,2.48493588900668,0.05797323765635021,-5.78526222740685
85.73,2.48551748792665,0.058346400903915484,-5.700273559389774
85.74,2.4861028141545,0.058718702907419505,-5.613927641862074
85.75,2.48669185913129,0.059090149496654476,-5.540628998191244
85.76,2.48728461429491,0.05946074097822329,-5.4623279103576285
85.77,2.48788107111033,0.05983048030367607,-5.386159706139659
85.78,2.48848122106943,0.060199370164171206,-5.310779443151497
85.79,2.48908505569101,0.06056741337108207,-5.238035926049422
85.8,2.48969256652065,0.060934611883349074,-5.170431934167445
85.8099999999999,2.49030374511556,0.061300965902655324,-5.094373011498461
85.82,2.49091858303983,0.06166648030816828,-5.02065712111772
85.83,2.49153707193613,0.06203115947924406,-4.955456006630431
85.84,2.49215920344823,0.062395004094354764,-4.886792676556742
85.85,2.49278496924525,0.06275801688185498,-4.8199090220381136
85.86,2.49341436102147,0.06312020035221799,-4.753873847101354
85.87,2.49404737049623,0.06348155706615104,-4.689947493110424
85.88,2.4946839894138,0.06384208904335331,-4.62651470913591
85.89,2.49532420953595,0.06420179858585007,-4.56260660081624
85.9,2.49596802265403,0.06456068875533294,-4.5009609602560845
85.91,2.49661542058777,0.0649187619754114,-4.440679791866146
85.92,2.49726639517772,0.06527602042506835,-4.380864989981769
85.9299999999999,2.49792093828842,0.0656324665221512,-4.322114728078074
85.94,2.49857904180822,0.06598810263874766,-4.263964386183003
85.95,2.49924069764911,0.0663429312432721,-4.2088144003031225
85.96,2.49990589774659,0.0666969537503411,-4.152188827992017
85.97,2.50057463404619,0.0670501728220807,-4.095595457462282
85.98,2.50124689853482,0.06740259159266535,-4.042506944579504
85.99,2.5019226832163,0.06775421179434638,-3.9891347037802665
86.0,2.50260198011635,0.06810503568566162,-3.936693340379836
86.01,2.50328478128311,0.0684550655083882,-3.8849895836313992
86.02,2.50397107878702,0.06880430352950533,-3.834396745278626
86.03,2.50466086472065,0.06915275175651085,-3.7869392484661195
86.04,2.50535413119313,0.06950041099481608,-3.7359564114740076
86.05,2.50605087032121,0.06984728442739711,-3.6858131753577994
86.0599999999999,2.50675107427212,0.07019337524057923,-3.640134662118031
86.07,2.50745473522128,0.07053868452816156,-3.5930728310887363
86.08,2.50816184536482,0.07088321445959389,-3.5470774607224644
86.09,2.50887239691943,0.07122696708216822,-3.5016478711084114
86.1,2.50958638212217,0.0715699444815902,-3.457828434627837
86.11,2.51030379323022,0.07191214820859346,-3.4145588397912885
86.12,2.51102462251335,0.07225357991926067,-3.370250617629381
86.13,2.51174886226384,0.07259424226800186,-3.3276556628918135
86.14,2.51247650480082,0.07293413731632725,-3.286497393007903
86.15,2.51320754245782,0.07327326662514382,-3.2453288710231907
86.16,2.51394196758723,0.07361163210966767,-3.2049332365223875
86.17,2.5146797725601,0.07394923562383804,-3.1649834452349457
86.1799999999999,2.5154209497659,0.07428607907250899,-3.1268439431972315
86.19,2.51616549161232,0.07462216366326269,-3.0880722328129164
86.2,2.51691339051629,0.07495749134266427,-3.0492277561731473
86.21,2.51766463892363,0.07529206446648488,-3.0124870497690113
86.22,2.51841922929526,0.07562588446668647,-2.975847785333198
86.23,2.5191771541081,0.0759589530018349,-2.9397251899675956
86.24,2.51993840585605,0.07629127176665604,-2.904203891018006
86.25,2.52070297704973,0.07662284242433057,-2.869036426482371
86.26,2.5214708602163,0.07695366669749534,-2.835624458283103
86.27,2.52224204789918,0.07728374554825854,-2.801851879318271
86.28,2.52301653264795,0.07761308050598567,-2.767299251396796
86.29,2.52379430703714,0.07794167392584465,-2.734766120907534
86.3,2.52457536365926,0.07826952720941065,-2.7028156121612006
86.3099999999999,2.52535969511856,0.07859664163782551,-2.6709827554756185
86.32,2.52614729403418,0.07892301871918658,-2.6397221491122376
86.33,2.52693815303996,0.079248659909729,-2.6088379334671252
86.34,2.52773226478416,0.07957356668823283,-2.5790418545686356
86.35,2.52852962192923,0.07989774010509487,-2.5496330139123367
86.36,2.52933021714575,0.08022118127098225,-2.519422535980492
86.37,2.53013404312007,0.0805438921190634,-2.490396192240509
86.38,2.53094109255836,0.08086587409391241,-2.4623971091923766
86.39,2.53175135817582,0.08118712820108417,-2.4343334768074416
86.4,2.53256483270048,0.08150765574209684,-2.406791315026668
86.41,2.5333815088729,0.08182745795842032,-2.379605535675363
86.42,2.53420137944595,0.08214653609914062,-2.353124041696404
86.4299999999999,2.53502443718457,0.08246489117098947,-2.32746298253855
86.44,2.53585067486194,0.08278252390944152,-2.3008964614221483
86.45,2.5366800852603,0.0830994359344343,-2.275025741504347
86.46,2.53751266118266,0.0834156286533235,-2.250475770550334
86.47,2.5383483954382,0.08373110278716198,-2.225698999646457
86.48,2.53918728084674,0.0840458594264959,-2.2013989917205015
86.49,2.54002931023848,0.08435989959516185,-2.1774323737042627
86.5,2.54087447645372,0.08467322431119362,-2.153899805010908
86.51,2.54172277234262,0.08498583447208072,-2.131711332921153
86.52,2.54257419076252,0.08529773029497904,-2.108133724972504
86.53,2.54342872457223,0.08560891322823376,-2.084884665260222
86.54,2.5442863666552,0.08591938473236546,-2.063514168757331
86.55,2.54514710989667,0.08622914512198543,-2.0415963633494565
86.5599999999999,2.54601094719016,0.08653819527160897,-2.020135286078673
86.57,2.54687787143727,0.08684653597650731,-1.9990005891643576
86.58,2.54774787554741,0.0871541680064869,-1.9780109279226674
86.59,2.54862095243749,0.08746109217118529,-1.9587366194224876
86.6,2.54949709503114,0.08776730826673962,-1.9379139999613553
86.61,2.55037629624657,0.08807281745484656,-1.9170563364578925
86.62,2.55125854902804,0.08837762115140683,-1.8983669537108951
86.63,2.55214384631811,0.08868171933996694,-1.8789630004608195
86.64,2.55303218106529,0.08898511266850855,-1.859999271788699
86.65,2.55392354622377,0.08928780168876808,-1.8413261721895446
86.66,2.5548179347531,0.08958978692409729,-1.8227138703066752
86.67,2.55571533961794,0.0898910689775027,-1.805720987966053
86.6799999999999,2.55661575378776,0.09019164742681829,-1.7875057351859274
86.69,2.55751917022375,0.0904915229959021,-1.7688890694617943
86.7,2.55842558190836,0.09079069692843333,-1.7522543109069726
86.71,2.55933498182323,0.09108916910143261,-1.735222420886058
86.72,2.56024736295219,0.09138693980922374,-1.7184278673365443
86.73,2.56116271828222,0.09168400936374241,-1.7019147410750872
86.74,2.56208104080317,0.09198037803451002,-1.6854365883251787
86.75,2.56300232350742,0.09227604617076945,-1.6704363442977483
86.76,2.56392655938965,0.09257101312140452,-1.6546367504956017
86.77,2.56485374143357,0.09286527907534185,-1.6379002924398718
86.78,2.5657838626378,0.09315884517091903,-1.622955616882603
86.79,2.56671691600358,0.09345171126181977,-1.6081402183525917
86.8,2.56765289452922,0.0937438771819806,-1.5932470308243092
86.8099999999999,2.56859179121351,0.09403534299416982,-1.5786381158117633
86.82,2.5695335990554,0.09432610870035256,-1.564135854721144
86.83,2.57047831105372,0.09461617433551561,-1.5503228827931164
86.84,2.57142592020686,0.09490553945167661,-1.5375062859384125
86.85,2.57237641950493,0.0951942029843241,-1.522522917115008
86.86,2.57332980193088,0.09548216586233726,-1.508235580194425
86.87,2.57428606048776,0.09576942860282842,-1.4958773864027348
86.88,2.57524518816602,0.09605599018575421,-1.4825974111278781
86.89,2.57620717795371,0.09634185044457011,-1.469683489216296
86.9,2.57717202283619,0.096627009092487,-1.456976431711985
86.91,2.57813971579577,0.0969114658089206,-1.4440305810353122
86.92,2.5791102498114,0.09719522047417772,-1.433942969631412
86.9299999999999,2.58008361785832,0.09747827071898696,-1.4207383674176017
86.94,2.58105981287969,0.09776061704573162,-1.406887570971805
86.95,2.58203882785581,0.09804226070315725,-1.3966856579726155
86.96,2.58302065574583,0.09832319985584315,-1.3848839156644488
86.97,2.58400528950306,0.09860343405109218,-1.3734833163470423
86.98,2.58499272207499,0.09888296269349543,-1.3622608569579095
86.99,2.58598294640296,0.09916178515114726,-1.3509420168120583
87.0,2.58697595542181,0.09943990091141701,-1.341305576634442
87.01,2.58797174205948,0.09971730805725296,-1.3310689900085912
87.02,2.58897029921778,0.0999940054019118,-1.3187138160780256
87.03,2.58997161980385,0.1002699938426647,-1.3083915544307696
87.04,2.59097569672854,0.10054527256277239,-1.298877550806787
87.05,2.59198252288444,0.10081984001050945,-1.288699980552912
87.0599999999999,2.59299209115497,0.1010936953308228,-1.2788213354492861
87.07,2.59400439441403,0.10136683754940294,-1.2689932827933508
87.08,2.59501942552556,0.10163926572231974,-1.2595615735146677
87.09,2.59603717734323,0.10191097850434187,-1.2523314573679207
87.1,2.59705764270189,0.10218197272176359,-1.241329304750867
87.11,2.59808081440415,0.10245224888865886,-1.2305817842294182
87.12,2.59910668528631,0.10272180743735224,-1.223329092203413
87.13,2.60013524815195,0.10299064553958015,-1.2142323914292046
87.14,2.60116649579181,0.10325876206133863,-1.2055703809930167
87.15,2.6022004209834,0.10352615565709286,-1.1970596513142109
87.16,2.60323701649055,0.10379282493899375,-1.1881207181410707
87.17,2.60427627506302,0.1040587688233415,-1.1827322004598029
87.1799999999999,2.60531818943609,0.10432398299024723,-1.1737595196225463
87.19,2.60636275228892,0.10458846675776753,-1.1630255026738725
87.2,2.60740995633892,0.10485222132959142,-1.1568196039460155
87.21,2.60845979427473,0.10511524357165551,-1.1492191590600513
87.22,2.60951225876302,0.10537753157894292,-1.1416038316803743
87.23,2.61056734245312,0.10563908363691032,-1.1341831397787
87.24,2.61162503797657,0.10589989794606014,-1.1265625433275035
87.25,2.6126853379467,0.10615997287401666,-1.1207397711171574
87.26,2.61374823495813,0.10641930499524592,-1.1151728569087511
87.27,2.61481372156072,0.10667789085234691,-1.105604621837821
87.28,2.6158817902893,0.10693573117134259,-1.0981339597160742
87.29,2.61695243369378,0.1071928246881737,-1.0929596829301176
87.3,2.61802564428205,0.10744916773725763,-1.086163224941838
87.3099999999999,2.61910141454014,0.10770475827915535,-1.079758700605584
87.32,2.62017973693171,0.10795959405223154,-1.0734030972689095
87.33,2.62126060389756,0.10821367280232641,-1.066886084503664
87.34,2.62234400785514,0.10846699221999842,-1.0648769135487668
87.35,2.6234299411913,0.10871954563266654,-1.0564555027585616
87.36,2.62451839621523,0.10897133316994934,-1.0474125195712805
87.37,2.62560936530236,0.10922235578200527,-1.0447189508799322
87.38,2.62670284076323,0.10947260779031742,-1.0386571113332383
87.39,2.62779881488146,0.10972208679577156,-1.0332076665343133
87.4,2.62889727991319,0.10997079002409427,-1.0278681353014942
87.41,2.62999822808655,0.11021871464404662,-1.0220929378279862
87.42,2.63110165160106,0.11046585813892322,-1.0195492575209992
87.4299999999999,2.63220754262713,0.11071221463999267,-1.0146682936485742
87.44,2.63331589326116,0.11095778094223722,-1.0069144978311673
87.45,2.63442669561055,0.11120255707732045,-1.0029726956813596
87.46,2.63553994175535,0.11144653905839075,-0.9989110954102498
87.47,2.63665562373137,0.11168972285228544,-0.9942643019344596
87.48,2.63777373354071,0.11193210515184257,-0.9895775818773364
87.49,2.63889426315116,0.11217368267932848,-0.9866392590256726
87.5,2.64001720449545,0.1124144503333202,-0.9820995235120933
87.51,2.64114254944777,0.11265440484990268,-0.9767213129361043
87.52,2.64227028987359,0.11289354397527873,-0.9734617477954396
87.53,2.64340041759429,0.11313186316374013,-0.9696016664529484
87.54,2.64453292439058,0.11336935845918106,-0.9658072167692479
87.55,2.64566780200404,0.11360602594008655,-0.9616741631189472
87.5599999999999,2.64680504213649,0.11384186190608325,-0.9606119072143904
87.57,2.64794463644876,0.11407685937983396,-0.9560690641935369
87.58,2.64908657651961,0.11431101537856536,-0.9506586497169962
87.59,2.65023085394342,0.11454432800449185,-0.9490863838005725
87.6,2.65137746024834,0.11477679104733296,-0.945675682535893
87.61,2.65252638691806,0.11500840021125466,-0.9425840570493111
87.62,2.65367762539105,0.11523915098990609,-0.9394587468782192
87.63,2.65483116705975,0.11546903870149154,-0.9395254272679466
87.64,2.65598700326307,0.11569805519790292,-0.935184676870609
87.65,2.65714512525004,0.11592619750117791,-0.9303166600714371
87.66,2.65830552428962,0.11615346335717147,-0.9298183239309639
87.67,2.65946819157201,0.11637984544093187,-0.9270990682786309
87.6799999999999,2.66063311823597,0.11660533879931378,-0.9246745590055105
87.69,2.66180029536793,0.11682993827131227,-0.9227719028838887
87.7,2.66296971400106,0.11705363789715022,-0.9231671012058332
87.71,2.66414136510017,0.1172764292076652,-0.9193163383532998
87.72,2.66531523954623,0.11749830883233114,-0.9156771007125233
87.73,2.66649132822437,0.11771927325133029,-0.9157242162446251
87.74,2.66766962193478,0.11793931452192727,-0.9138051723376788
87.75,2.66885011141841,0.11815842688932174,-0.911574740393833
87.76,2.67003278735592,0.11837660485174428,-0.9129645412288565
87.77,2.67121764036677,0.11859383826924678,-0.916300888659335
87.78,2.67240466093945,0.1188101152910163,-0.9071772819616836
87.79,2.67359383949434,0.1190254394019282,-0.9024703696143841
87.8,2.67478516654156,0.11923980897155703,-0.9056708410288269
87.8099999999999,2.67597863245542,0.11945321239391257,-0.9035711565071813
87.82,2.6771742275515,0.11966564443493719,-0.8961663857705949
87.83,2.67837194208659,0.11987710400276723,-0.9264062606040133
87.84,2.67957176625873,0.12008754550167552,-0.9155331901723041
87.85,2.68077368963293,0.12029697479482757,-0.8850114282111398
87.86,2.68197770246202,0.12050542301398719,-0.9019941975002554
87.87,2.68318379473753,0.12071286290192089,-0.9011037909005776
87.88,2.68439195633385,0.1209192865013901,-0.8973699808097115
87.89,2.68560217705934,0.12112468982291569,-0.9052912303794787
87.9,2.68681444665633,0.12132905257925912,-0.9301260416800495
87.91,2.68802875453862,0.12153233570263064,-0.9028654879513207
87.92,2.68924508985858,0.121734566481387,-0.8857050205949536
87.9299999999999,2.69046344239302,0.12193576052184074,-0.9058043136887268
87.94,2.69168380151376,0.12213588523644811,-0.9025133063148398
87.95,2.69290615651744,0.12233493585865156,-0.8944570521408801
87.96,2.69413049662557,0.12253291159407173,-0.9366413528742308
87.97,2.69535681098446,0.12272974963117116,-0.9270284172292824
87.98,2.69658508785863,0.1229254547167824,-0.8859962529243482
87.99,2.69781531642618,0.12312007323250033,-0.9080868813919771
88.0,2.69904748559332,0.1233135712115696,-0.9108974325797312
88.01,2.70028158407408,0.12350593540624659,-0.9080357743774611
88.02,2.70151760049644,0.1236971605090879,-0.9167130545057305
88.03,2.70275552340239,0.12388722393540756,-0.9517070219619863
88.04,2.70399534095871,0.12407607209189062,-0.9210803213429821
88.05,2.70523704089999,0.12426373783734901,-0.898505103128713
88.0599999999999,2.70648061182621,0.12445024483293358,-0.9262735393490172
88.07,2.70772604180191,0.12463554975738664,-0.9235717446349457
88.08,2.70897331879412,0.12481964651024728,-0.9166590375941299
88.09,2.71022243067238,0.12500253270475808,-0.9622066367733008
88.1,2.71147336520874,0.1251841386375685,-0.9574342537295483
88.11,2.7127261091943,0.12536446286924113,-0.9137491100755978
88.12,2.71398065033297,0.12554355699527417,-0.9355387471948965
88.13,2.71523697612191,0.1257213866277418,-0.942734526928766
88.14,2.71649507379019,0.12589793234349944,-0.9407290899899342
88.15,2.71775493045673,0.12607318728149464,-0.9503569215771205
88.16,2.71901653313031,0.12624712553649017,-1.0018264400959176
88.17,2.72027986836909,0.1264196696785791,-0.9632960076062346
88.1799999999999,2.72154492202469,0.1265908644949761,-0.9306418411545441
88.19,2.72281168125034,0.1267607486027463,-0.9711658490304541
88.2,2.72408013244091,0.12692926068101537,-0.9684368892698207
88.21,2.72535026186652,0.1270963935280071,-0.9631910097913714
88.22,2.72662205567241,0.1272621425639072,-1.0079021823111114
88.23,2.72789549987898,0.12742643488392602,-1.0293379546806396
88.24,2.72917057943292,0.12758923315667378,-0.9736359361960661
88.25,2.73044727976453,0.12775060716184358,-0.9775516414806751
88.26,2.73172558677801,0.12791054685931486,-1.004208985229793
88.27,2.73300548578028,0.1280690063363325,-1.0048870351630825
88.28,2.7342869619358,0.12822597513217165,-0.9929212066866328
88.29,2.73557000026649,0.12838145372000936,-1.085613107032772
88.3,2.73685458565183,0.12853530445607886,-1.0569673673220037
88.3099999999999,2.73814070106212,0.12868755919940672,-0.9835042970990089
88.32,2.73942833176611,0.12883831426675116,-1.0441044567453472
88.33,2.7407174620768,0.12898748152525563,-1.0451270883627202
88.34,2.74200807605726,0.12913504624725292,-1.0462006618138697
88.35,2.74330015760829,0.12928099711984053,-1.0602352703593694
88.36,2.74459369046836,0.129425297625263,-1.145706575478503
88.37,2.74588865771122,0.12956781923176472,-1.088830500283831
88.38,2.74718504116567,0.12970863458014276,-1.036366474718536
88.39,2.74848282487896,0.12984781280674929,-1.1032905493002374
88.4,2.74978199166066,0.1299852539265789,-1.10070046787979
88.41,2.75108252413433,0.13012094809770058,-1.0962282023911802
88.42,2.75238440473744,0.1302548879228945,-1.1588281251774508
88.4299999999999,2.75368761572148,0.13038697012764575,-1.1964728779288365
88.44,2.75499213780711,0.13051713278176744,-1.1203709580158188
88.45,2.75629795227637,0.13064547758332806,-1.1235727659383858
88.46,2.75760504124275,0.13077199627482922,-1.1666365333831088
88.47,2.7589133858966,0.13089661746166587,-1.1696536283209
88.48,2.76022296721597,0.13101932584398032,-1.1549541490759978
88.49,2.76153376596673,0.1311401220305745,-1.2894316738379825
88.5,2.76284576270251,0.13125880262790565,-1.255550355089054
88.51,2.76415893514525,0.13137540806288744,-1.1503612855812344
88.52,2.76547326432878,0.1314900841661119,-1.2359205052429578
88.53,2.76678873000934,0.13160270587410836,-1.2430549493416316
88.54,2.7681053115153,0.13171324674888057,-1.2482015509451718
88.55,2.76942298793252,0.13182168867692154,-1.2638572540224524
88.5599999999999,2.77074173810435,0.13192798886050294,-1.37856775895486
88.57,2.77206154008051,0.13203197099964278,-1.325153514057935
88.58,2.77338237003596,0.1321337036838492,-1.260766422305416
88.59,2.77470420686544,0.1322332748452467,-1.3444779802899982
88.6,2.77602702794173,0.1323305584191544,-1.3377641584425202
88.61,2.77735081034524,0.1324255437236725,-1.3938570384179396
88.62,2.77867553086406,0.13251813687965946,-1.4171272094975762
88.63,2.78000116499724,0.13260829386008885,-1.3818227420973126
88.64,2.78132768873217,0.1326960573417561,-1.4041988355608608
88.65,2.78265507802691,0.13278138808782888,-1.430228321475169
88.66,2.78398330822041,0.1328642366210072,-1.4395795197682302
88.67,2.78531235433262,0.1329445694939202,-1.5381289684817034
88.6799999999999,2.78664219078333,0.13302223196817548,-1.509712153731766
88.69,2.787972790191,0.13309725610848683,-1.4622820654075481
88.7,2.78930412725127,0.13316970425275948,-1.5351708900499708
88.71,2.79063617534312,0.1332394645076692,-1.5283233173074549
88.72,2.79196890748996,0.13330652447299807,-1.6192040708692266
88.73,2.7933022963596,0.13337073392799548,-1.6731529378781202
88.74,2.79463631244635,0.13343200313081044,-1.5958670950414848
88.75,2.79597092692288,0.1334904378550772,-1.6147475581058657
88.76,2.7973061116205,0.13354600660457536,-1.6696226466683555
88.77,2.79864183721019,0.13359861758678315,-1.6705003210148914
88.78,2.79997807395228,0.13364824317451118,-1.8185798951209755
88.79,2.80131479146671,0.13369465414681722,-1.7825954117578728
88.8,2.80265195649172,0.1337378938426633,-1.7051511845228446
88.8099999999999,2.80398953902809,0.13377806993690364,-1.8120986954134741
88.82,2.8053275071822,0.13381502161894376,-1.8112157503708597
88.83,2.80666582859812,0.13384872665483938,-1.8906462786411589
88.84,2.80800447045769,0.13387905076848172,-1.962190395174209
88.85,2.80934339803343,0.13390587767381595,-1.9049446640120549
88.86,2.81068257657246,0.13392928366507592,-1.9159855374795516
88.87,2.81202197219542,0.13394924781359174,-1.9837728158999017
88.88,2.8133615497138,0.13396566165258714,-1.9740626086094915
88.89,2.81470127342652,0.133978507542006,-2.1903371077810667
88.9,2.81604110702295,0.1339874546041527,-2.1452076004148153
88.91,2.81738100976358,0.13399256044558014,-2.0233696998290367
88.92,2.81872094585778,0.13399400016936477,-2.1769354372923186
88.9299999999999,2.82006087685169,0.13399154798330687,-2.176103052377177
88.94,2.82140076370751,0.13398517782722275,-2.2691803442563034
88.95,2.82274056680342,0.13397473003465832,-2.403540217745297
88.96,2.82408024413235,0.13395999356491756,-2.3383032268733954
88.97,2.82541975264625,0.13394105596712022,-2.327159733477062
88.98,2.82675905122236,0.1339179315065035,-2.4179364770978564
88.99,2.82809809680745,0.13389047076964128,-2.525614133283113
89.0,2.82943684564117,0.13385849551348733,-2.5596874348331804
89.01,2.83077525150437,0.133821945417519,-2.5351784385044076
89.02,2.8321132693361,0.13378084847844493,-2.6118700954015215
89.03,2.83345085291679,0.13373508523999064,-2.666071226209148
89.04,2.83478795512312,0.13368455476565994,-2.7839369357358312
89.05,2.83612452757173,0.1336290720984364,-2.7905142395921367
89.0599999999999,2.83746052000374,0.13356861877708015,-2.7902430251512627
89.07,2.83879588330994,0.13350319071954905,-2.862126043598288
89.08,2.84013056677555,0.13343266585433095,-3.0143798555502297
89.09,2.84146451885986,0.1333567976096628,-3.113164947657508
89.1,2.84279768450058,0.13327543110015125,-3.0456153624856426
89.11,2.84413000939702,0.1331886600642059,-3.1095616535765744
89.12,2.84546143934081,0.13309639206293689,-3.1815219946115683
89.13,2.846791918374,0.13299849181599063,-3.4351014902943646
89.14,2.84812138926887,0.13289457175709915,-3.4287056252838095
89.15,2.84944978980358,0.13278463404676016,-3.3399577607181734
89.16,2.8507770621666,0.13266880714509027,-3.5144678153862317
89.17,2.85210314547023,0.13254683319222638,-3.6146043346697225
89.1799999999999,2.85342797774466,0.1324185368191677,-3.7706889759673192
89.19,2.85475149444499,0.13228368198776597,-3.7583719103334183
89.2,2.85607362954638,0.13214228180656135,-3.792231147824126
89.21,2.85739431804546,0.13199428931208365,-3.886649116829776
89.22,2.85871349273163,0.1318395445342661,-4.151483884681638
89.23,2.86003108520954,0.13167764301308393,-4.212106767869629
89.24,2.86134702151491,0.13150849109746882,-4.124056569667848
89.25,2.86266123115013,0.13133221770614453,-4.289985624484701
89.26,2.86397364132465,0.13114858503484594,-4.404400570422166
89.27,2.86528417756272,0.13095739045314952,-4.709678057858909
89.28,2.86659276261145,0.13075817996400416,-4.68263500394241
89.29,2.86789931459015,0.1305509911192641,-4.631884584882661
89.3,2.86920375594841,0.13033590531306521,-4.836209276856204
89.3099999999999,2.87050600532409,0.130112618055341,-5.054683254960648
89.32,2.8718059798454,0.12988078062474337,-5.249808189318524
89.33,2.87310359159943,0.12964010171182538,-5.220322786539012
89.34,2.87439875247616,0.12939062312885552,-5.312999222213864
89.35,2.87569137416475,0.12913220739559916,-5.579707944631537
89.36,2.8769813655925,0.1288644566245075,-5.693624213112172
89.37,2.87826863164268,0.12858719529483809,-5.7380017453482335
89.38,2.87955307750466,0.12830035782923263,-5.8936527861329555
89.39,2.88083460602665,0.1280037071894132,-6.155567208881967
89.4,2.88211311772475,0.12769684989025384,-6.255802093560973
89.41,2.88338850854067,0.12737963585065887,-6.283493102878925
89.42,2.88466067562999,0.1270520199286825,-6.524028577393911
89.4299999999999,2.88592951296649,0.12671362948691497,-6.868517543744881
89.44,2.88719491073987,0.12636394032032502,-6.917510490944065
89.45,2.88845675388128,0.12600287573143096,-6.9086091223635275
89.46,2.88971493010987,0.12563043826504527,-7.289011211977121
89.47,2.89096932283872,0.12524604578666443,-7.582858837473568
89.48,2.89221980980758,0.12484923499275954,-7.603550627249039
89.49,2.89346626596856,0.12443996534883632,-7.6864760732206205
89.5,2.89470856694946,0.12401809876148029,-8.056181149367491
89.51,2.8959465841319,0.1235830598464179,-8.24811216916455
89.52,2.89718018326292,0.12313452987530912,-8.31451705487029
89.53,2.89840922929467,0.12267239125569226,-8.479912308486206
89.54,2.89963358466658,0.12219636178933217,-8.83982629785661
89.55,2.9008531084105,0.12170585687007648,-8.980882805315424
89.5599999999999,2.90206765277484,0.12120062451400626,-9.018772101832548
89.57,2.90327707133634,0.12068057174932831,-9.275223893988354
89.58,2.90448121313162,0.12014523588597856,-9.752197651291189
89.59,2.90567992265482,0.11959380129242433,-9.821342226523202
89.6,2.90687303501636,0.11902610036084912,-9.74503291748691
89.61,2.90806039025917,0.11844218622589406,-10.196937688725953
89.62,2.90924182192312,0.11784123536972743,-10.66907739929644
89.63,2.91041715556179,0.11722235982523459,-10.639455671343026
89.64,2.91158620919295,0.11658550620068746,-10.600037169170449
89.65,2.91274880523878,0.11593062918924998,-11.086938920989216
89.66,2.91390475859496,0.11525676979821468,-11.379155765620208
89.67,2.91505387527516,0.11456324430233848,-11.418533479056938
89.6799999999999,2.9161959571082,0.11384981413250136,-11.513155115522425
89.69,2.91733080402842,0.11311614656257889,-11.678446136482284
89.7,2.91845821092514,0.11236174946065436,-11.830850887557714
89.71,2.91957796822317,0.11158611515895331,-11.974766046613682
89.72,2.92068986073092,0.11078872552533112,-12.08117508270718
89.73,2.92179366865559,0.10996910909879902,-12.133517030752895
89.74,2.92288916732146,0.10912685796527304,-12.2972939038403
89.75,2.92397612785563,0.10826127123603202,-12.681534043353649
89.76,2.92505431137541,0.10737116591124456,-12.582025075739589
89.77,2.92612346853887,0.10645629822190565,-12.548197648280848
89.78,2.92718335287803,0.10551623385543311,-13.064280412679159
89.79,2.92823370408996,0.10454928461199886,-12.955801695719297
89.8,2.92927424772148,0.10355505422997939,-12.78853280603376
89.8099999999999,2.93030471313303,0.10253330156391924,-12.925880164471115
89.82,2.93132481871499,0.10148300755960331,-12.888663203822553
89.83,2.93233427585037,0.10040346752150375,-12.839954509196922
89.84,2.93333278855305,0.09929400851265147,-12.555597781322648
89.85,2.93432005573493,0.09815454552168183,-12.500171589944209
89.86,2.93529577676995,0.09698431396282978,-12.493855513490544
89.87,2.93625963612297,0.09578228474997896,-12.373432575252304
89.88,2.93721131398183,0.09454768689250252,-12.198121298298167
89.89,2.93815047925997,0.09327991335890129,-11.889739885742017
89.9,2.93907679943885,0.09197861501839914,-12.345805613017914
89.91,2.93998993017606,0.0906406035123338,-12.05779448868425
89.92,2.94088948750834,0.08926523439390932,-11.470626058093517
89.9299999999999,2.94177511139441,0.08785313609218268,-11.553680777810396
89.94,2.94264642105838,0.08640216844749324,-11.282363549519825
89.95,2.94350302224532,0.08491142680743617,-11.039907771815953
89.96,2.94434451410192,0.08337994165942646,-10.62756862948045
89.97,2.94517048452584,0.08180759261178969,-10.36653901563781
89.98,2.94598052630341,0.08019342664724594,-10.196681778711502
89.99,2.94677420874382,0.0785358473939087,-9.8374306638305
90.0,2.94755109664809,0.07683432253041689,-9.55208506646201
90.01,2.94831074559601,0.07508791650742512,-9.22189197019918
90.02,2.94905270241728,0.07329590738823037,-9.060222715696105
90.03,2.94977650491645,0.07145614806776113,-8.7830042297578
90.04,2.95048166232502,0.06956733051242855,-8.373028089330099
90.05,2.9511676870898,0.06762941562875233,-8.172069955082465
90.0599999999999,2.95183408014259,0.06564033029768934,-7.922386132638884
90.07,2.95248031758156,0.06359828409324328,-7.592031100344053
90.08,2.95310586662338,0.06150249096715429,-7.287934791399622
90.09,2.95371018484493,0.0593519862700694,-7.027392220960459
90.1,2.95429271933349,0.05714524035614529,-6.704908718867977
90.11,2.95485290091003,0.054881874636606806,-6.4004161895949965
90.12,2.95539016630144,0.05256148485366745,-6.166117973297785
90.13,2.95590393563214,0.05018249049231945,-5.888454085095969
90.14,2.95639361892793,0.04774436201100778,-5.627048105921819
90.15,2.95685862306287,0.04524649103497443,-5.4291156238159095
90.16,2.95729834230596,0.04268660082106986,-5.205101338847422
90.17,2.95771214373218,0.04006321685076457,-4.964341180053787
90.1799999999999,2.95809939218388,0.037375719218413206,-4.7800236482889185
90.19,2.95845943606414,0.03462147286577011,-4.5744579271540315
90.2,2.95879159465543,0.03179889068517887,-4.345080253477076
90.21,2.95909518676069,0.02890835631326194,-4.15868343772794
90.22,2.95936953087406,0.025948470605223022,-3.9774693874868374
90.23,2.95961392305559,0.02291814108817588,-3.764606978623219
90.24,2.959827668542,0.01982074733752152,-3.6057832726178116
90.25,2.96001011117363,0.016655790926981922,-3.477914502319256
90.26,2.96016054613788,0.01341885074899185,-3.3224372140804532
90.27,2.96027824891139,0.01011007274815956,-3.178312971944576
90.28,2.9603625083542,0.0067297876263250345,-3.048908512523519
90.29,2.96041260017441,0.003276037637493327,-2.921614474116499
90.3,2.96042778172688,-0.0002522418942570622,-2.8014915930486235
90.3099999999999,2.96040731137633,-0.003853493817651543,-2.689246318173341
90.32,2.96035046699687,-0.007528147099078453,-2.5825571469873756
90.33,2.96025650159245,-0.011277239222503196,-2.489517302883215
90.34,2.96012468110773,-0.015098363075912355,-2.395528867710031
90.35,2.95995429296991,-0.01899197647708221,-2.311192983280659
90.36,2.95974460158566,-0.02295769106880341,-2.234558807829455
90.37,2.95949490259314,-0.02699421541790814,-2.156866023807736
90.38,2.95920448102183,-0.0311018100779048,-2.092687633039997
90.39,2.95887263430942,-0.03527891703317317,-2.025023552817457
90.4,2.95849867252525,-0.03952526649757537,-1.9727092839971732
90.41,2.95808190466448,-0.04383885419155058,-1.92008463082783
90.42,2.95762167584202,-0.048218242785658116,-1.8648298621491728
90.4299999999999,2.95711732334657,-0.0526629371924899,-1.8364028108077695
90.44,2.95656821111625,-0.05716913012327278,-1.7890315580354887
90.45,2.95597373932142,-0.06173593435365721,-1.7591107888592903
90.46,2.95533329925561,-0.06636076129050705,-1.7355795813377994
90.47,2.95464634058389,-0.07104042892251602,-1.6980149881200333
90.48,2.95391231257087,-0.07577388095256765,-1.6902651644839732
90.49,2.9531306973142,-0.08055680965975236,-1.6652237180665488
90.5,2.9523010188124,-0.08538711340700944,-1.6515461100276907
90.51,2.9514228076753,-0.09026176406941774,-1.6496088432471232
90.52,2.95049564906851,-0.09517659544248473,-1.6362520174487583
90.53,2.94951915105141,-0.10012897636067683,-1.636567454178738
90.54,2.94849295727438,-0.10511505827825267,-1.6390850444221918
90.55,2.94741675048554,-0.11013095957944272,-1.643497479682244
90.5599999999999,2.94629025153494,-0.11517285400546677,-1.6521377671606978
90.57,2.94511322028542,-0.12023671882850362,-1.6666430898723825
90.58,2.94388545815408,-0.12531823144567394,-1.6780042803842943
90.59,2.94260680969808,-0.13041358705290218,-1.6971646627341348
90.6,2.9412771546097,-0.13551851363966527,-1.7220972399175118
90.61,2.93989642237673,-0.14062847442625204,-1.7412846404900897
90.62,2.93846458122004,-0.14573968059552098,-1.772198703803961
90.63,2.93698163951195,-0.15084763042615043,-1.802131762282028
90.64,2.93544765336292,-0.15594814313442118,-1.834373214635652
90.65,2.93386271517091,-0.16103713324843913,-1.8750591860535608
90.66,2.93222696366785,-0.16611015594149386,-1.9101861111680465
90.67,2.9305405779412,-0.1711634507291726,-1.9558305080078664
90.6799999999999,2.92880377423822,-0.17619281428217967,-1.9991388580157134
90.69,2.92701681382137,-0.1811944937904042,-2.0419982319428343
90.7,2.92517998842307,-0.18616503021076464,-2.1014740173966295
90.71,2.92329363067485,-0.19110019332250205,-2.1481535325637924
90.72,2.92135811269135,-0.19599688171640559,-2.1953374290480983
90.73,2.91937383116631,-0.2008522225361816,-2.2623775968570703
90.74,2.91734121816072,-0.20566245557466595,-2.3158513035748607
90.75,2.91526074113415,-0.21042490013400234,-2.3654245345879934
90.76,2.91313288710303,-0.21513733942684077,-2.434277848735784
90.77,2.91095817072087,-0.2197967771607634,-2.4941546758120845
90.78,2.9087371355857,-0.2244009334821495,-2.5479292551515873
90.79,2.9064703422548,-0.22894805928964646,-2.613755829625347
90.8,2.90415837139233,-0.23343603772550958,-2.675792033895297
90.8099999999999,2.90180182428867,-0.23786312306225782,-2.733218715905863
90.82,2.89940131638372,-0.24222796053482804,-2.7942178369776993
90.83,2.89695747695339,-0.24652920421182797,-2.853772182676676
90.84,2.89447094797427,-0.25076570855660324,-2.910962541933315
90.85,2.89194238151849,-0.25493655685248456,-2.9650097043060946
90.86,2.88937243793131,-0.25904105770599983,-3.0186091749824575
90.87,2.88676178343201,-0.26307861957016365,-3.072556355534604
90.88,2.88411109020715,-0.26704872724338713,-3.116072251595071
90.89,2.88142103407363,-0.2709512721981685,-3.160113073816257
90.9,2.87869229033348,-0.27478615373708326,-3.2103648025544964
90.91,2.87592553710643,-0.27855312497942303,-3.240484954799473
90.92,2.873121452918,-0.28225256696542045,-3.269486594460208
90.9299999999999,2.87028070974732,-0.2858848649244831,-3.316675274616074
90.94,2.86740397949645,-0.28944990182993385,-3.333884511647729
90.95,2.86449193352497,-0.29294837672199836,-3.3438923120406847
90.96,2.86154523135879,-0.2963811202573349,-3.3850657264794424
90.97,2.85856452985268,-0.29974814290901025,-3.3905624137244557
90.98,2.85555048454901,-0.3030503199348093,-3.3828552407138264
90.99,2.85250373619581,-0.30628877660497933,-3.413289501510375
91.0,2.84942492049601,-0.30946369980450567,-3.4077887753304656
91.01,2.84631467062128,-0.3125760596505045,-3.3852803635399384
91.02,2.84317360392931,-0.3156271336443325,-3.4031359292335592
91.03,2.84000233082027,-0.3186172704737311,-3.3873187557956053
91.04,2.83680145812525,-0.3215474871986627,-3.3521599126472044
91.05,2.83357157664565,-0.32441913183775356,-3.358314892927511
91.0599999999999,2.83031326899619,-0.32723266090201414,-3.3334481775225973
91.07,2.82702711360832,-0.3299890986041517,-3.2889906493349716
91.08,2.82371367313485,-0.33268979023125167,-3.2825927750107837
91.09,2.82037350158743,-0.3353353012348589,-3.251195868011201
91.1,2.81700714765682,-0.3379266168060761,-3.2028015439382207
91.11,2.81361514593226,-0.34046498978205963,-3.181880127067699
91.12,2.81019802191022,-0.3429511257937631,-3.1463891140035467
91.13,2.80675629438848,-0.3453859453145802,-3.0970194960020447
91.14,2.80329047040183,-0.34777057911265324,-3.0618623143254373
91.15,2.79980104730289,-0.35010586708241753,-3.025152366825765
91.16,2.79628851471902,-0.3523926367380822,-2.9762547987485974
91.17,2.79275335297589,-0.3546318948490705,-2.930651155308924
91.1799999999999,2.7891960321944,-0.3568245589199215,-2.891938022528178
91.19,2.78561701448782,-0.358971401128901,-2.8432946334709674
91.2,2.78201675388485,-0.3610733314851659,-2.793435991151556
91.21,2.77839569463496,-0.36313125214818925,-2.7544124758756383
91.22,2.77475427314974,-0.36514586732815013,-2.7062919366858207
91.23,2.77109291886472,-0.36711800627190855,-2.65529603727155
91.24,2.76741205180231,-0.3690485283651753,-2.611937624934086
91.25,2.76371208460815,-0.37093815444968115,-2.5647655084435423
91.26,2.759993422501,-0.37278764572545126,-2.5174124251351206
91.27,2.7562564629882,-0.37459775441776033,-2.471986816402034
91.28,2.75250159632976,-0.3763691897433234,-2.426201954896039
91.29,2.74872920576836,-0.3781026543829206,-2.380463017060789
91.3,2.74493966751148,-0.3797988410360979,-2.3353442617093356
91.3099999999999,2.74113335096791,-0.3814584242296785,-2.290603154622247
91.32,2.73731061885049,-0.38308206405805645,-2.2470185339454023
91.33,2.733471827388,-0.38467039580790674,-2.2038768318938033
91.34,2.72961732655917,-0.38622404193067916,-2.160947073664017
91.35,2.7257474601343,-0.3877436162463425,-2.1193169025611605
91.36,2.72186256585257,-0.3892297078793276,-2.078998540317205
91.37,2.71796297568476,-0.39068288438025567,-2.036488523154672
91.38,2.71404901590837,-0.3921037431266594,-1.996262832575861
91.39,2.71012100670633,-0.39349284365555554,-1.9593401132285622
91.4,2.70617926320033,-0.3948506925913309,-1.9209697664874215
91.41,2.70222409525911,-0.39617781814991576,-1.8811228949578327
91.42,2.69825580744157,-0.39747477019584554,-1.8451315899844543
91.4299999999999,2.69427469881424,-0.3987420388589088,-1.8112500939381313
91.44,2.69028106406487,-0.39998008220047954,-1.7741292563264812
91.45,2.68627519290858,-0.4011894072827575,-1.7387211846350001
91.46,2.68225737006035,-0.402370496645151,-1.706444656207245
91.47,2.67822787565201,-0.40352378405006384,-1.6748623118743484
91.48,2.67418698560973,-0.40464969596751466,-1.6392488830069254
91.49,2.67013497138963,-0.4057487193452447,-1.6083444495586314
91.5,2.66607209947741,-0.406821271854485,-1.5802327132442888
91.51,2.66199863291488,-0.4078677294621599,-1.5485268447063336
91.52,2.65791483043427,-0.40888852418417,-1.5174861506039867
91.53,2.65382094657997,-0.4098840811443516,-1.489837890138543
91.54,2.64971723170023,-0.41085477388276653,-1.4635869380320805
91.55,2.64560393277988,-0.4118009574788399,-1.4338283209410099
91.5599999999999,2.64148129289948,-0.4127230412093952,-1.406869505512113
91.57,2.63734955107143,-0.41362139514124674,-1.3823600027599101
91.58,2.63320894297776,-0.41449635275468966,-1.3568238727102229
91.59,2.62905970082307,-0.41534826603025027,-1.3298548765651677
91.6,2.62490205324316,-0.4161775102719312,-1.306524122025408
91.61,2.62073622511826,-0.41698440727158487,-1.2845137714764678
91.62,2.61656243857191,-0.41776925894401556,-1.261506167059769
91.63,2.61238091232566,-0.41853238870765974,-1.2348987319457008
91.64,2.60819186197564,-0.4192741754629729,-1.2137608883218807
91.65,2.60399549899302,-0.4199949157160895,-1.1959435834075625
91.66,2.59979203296635,-0.420694855868257,-1.1734887404925782
91.67,2.59558167013727,-0.4213743157340022,-1.1507946561501823
91.6799999999999,2.59136461383383,-0.42203362518216475,-1.129809104980969
91.69,2.58714106382094,-0.422673086379514,-1.1130383495261507
91.7,2.58291121745757,-0.4232929383012526,-1.093910655202398
91.71,2.57867526949273,-0.42389345661974687,-1.0741037790492958
91.72,2.5744334118043,-0.4244749325942358,-1.0549051393249005
91.73,2.57018583338915,-0.4250376490254911,-1.0382114530977167
91.74,2.56593272054024,-0.4255818509690812,-1.0216478527968997
91.75,2.56167425726331,-0.42610778256841897,-1.0041127414208186
91.76,2.55741062491387,-0.4266157062864299,-0.9863127507860684
91.77,2.5531420022864,-0.42710589003690885,-0.9708994823995213
91.78,2.54886856547933,-0.4275785657040047,-0.9563099307519584
91.79,2.54459048859142,-0.4280339529761812,-0.9409877321012241
91.8,2.54030794323851,-0.4284722885988394,-0.9220763792639496
91.8099999999999,2.53602109871698,-0.4288938645467348,-0.9082412632993201
91.82,2.53173012111567,-0.4292988951377493,-0.8969882770434969
91.83,2.52743517535431,-0.4296875552565009,-0.880773043659918
91.84,2.52313642375368,-0.4300600959256773,-0.8672256796691145
91.85,2.51883402645184,-0.43041673270351655,-0.8537905397650628
91.86,2.51452814140699,-0.4307576782791737,-0.8408603608316698
91.87,2.51021892450521,-0.4310831385709128,-0.8284215703549407
91.88,2.50590652957414,-0.43139331456249674,-0.8146795548806215
91.89,2.50159110841755,-0.4316884297339304,-0.8007916951452019
91.9,2.49727281045321,-0.43196870943900495,-0.7904303992007579
91.91,2.49295178310584,-0.4322343250064087,-0.7792629888559932
91.92,2.48862817221314,-0.4324854599995728,-0.7668189959582096
91.9299999999999,2.48430212149776,-0.43272231959859225,-0.7557847551314795
91.94,2.47997377278852,-0.4329450893436615,-0.7447461634166059
91.95,2.47564326606071,-0.43315395467390017,-0.7339838584160558
91.96,2.47131073943798,-0.43334909759178053,-0.723754183073775
91.97,2.46697632925431,-0.4335306943892503,-0.7119247993261576
91.98,2.46264017004833,-0.4336989457836745,-0.702248046113735
91.99,2.45830239427022,-0.4338540197168358,-0.6935481292671531
92.0,2.4539631330593,-0.4339960690528888,-0.6833014045205669
92.01,2.44962251570809,-0.4341252720990951,-0.672903459352829
92.02,2.44528066983764,-0.4342418113895241,-0.6635712445321192
92.03,2.44093772114883,-0.43434585240324325,-0.6554058278673692
92.04,2.43659379395196,-0.43443754287183134,-0.6461025690639098
92.05,2.43224901091104,-0.4345170482095632,-0.6373744020566103
92.0599999999999,2.42790349307994,-0.43458452652925805,-0.6289091134423153
92.07,2.42355735995782,-0.43464013201633955,-0.6205823159055014
92.08,2.41921072950971,-0.43468401694369463,-0.6126427880153843
92.09,2.41486371819116,-0.43471632879967437,-0.6042121963786546
92.1,2.4105164409799,-0.43473722495173117,-0.5944702112371825
92.11,2.4061690111753,-0.43474688208850665,-0.5878670372588022
92.12,2.40182154037704,-0.4347454281011798,-0.5813780018092367
92.13,2.3974741392189,-0.43473298877356736,-0.572641531954602
92.14,2.39312691670084,-0.434709724005485,-0.5667083707940181
92.15,2.38877998041853,-0.43467575301677774,-0.5593235794442952
92.16,2.38443343685474,-0.43463121689724105,-0.5514775113440498
92.17,2.38008739081211,-0.4345762644371476,-0.5455418120864998
92.1799999999999,2.37574194587715,-0.4345110163154161,-0.5380822584920267
92.19,2.37139720433027,-0.434435615916684,-0.5311802274964981
92.2,2.36705326695787,-0.4343501983596047,-0.5255765244318495
92.21,2.36271023336787,-0.43425487835600707,-0.5194427723100643
92.22,2.3583682019811,-0.4341497792223407,-0.5126818146125112
92.23,2.35402726991883,-0.4340350371829708,-0.5043780878599751
92.24,2.34968753287223,-0.4339108110838449,-0.4994147660458356
92.25,2.34534908495887,-0.4337772074315849,-0.4948205335271049
92.26,2.34101201963148,-0.4336343268123081,-0.48704711743722584
92.27,2.33667642888462,-0.4334823157476686,-0.48444910683528836
92.28,2.33234240349571,-0.4333212447903153,-0.4782916216319905
92.29,2.32801003376243,-0.4331512387527529,-0.47056474255145914
92.3,2.3236794080288,-0.43297244741092866,-0.46709436357391154
92.3099999999999,2.31935061379967,-0.432784956749499,-0.4610236316810769
92.32,2.31502373748294,-0.4325888900152175,-0.45542612249665065
92.33,2.31069886420549,-0.43238436421568033,-0.4512452626455919
92.34,2.30637607807719,-0.4321714740012565,-0.44655480762657995
92.35,2.30205546225955,-0.43195032177180126,-0.4412826701429598
92.36,2.29773709879557,-0.43172102145391245,-0.43473061123180873
92.37,2.29342106856515,-0.43148370569723316,-0.43076735475386857
92.38,2.28910745109646,-0.43123846661583165,-0.42728407837615096
92.39,2.28479632535034,-0.4309853884697623,-0.4215465138974914
92.4,2.28048776907099,-0.4307245895870097,-0.4174934128676814
92.41,2.27618185897776,-0.4304561644297489,-0.41296053706082647
92.42,2.27187867086626,-0.43018021383740557,-0.408263573578205
92.4299999999999,2.26757827944407,-0.42989684133701117,-0.404079933101132
92.44,2.26328075846196,-0.42960614249473916,-0.399984937874958
92.45,2.2589861807038,-0.4293082109542527,-0.3960104858633938
92.46,2.25469461804347,-0.42900313877534124,-0.39175079791487877
92.47,2.25040614141066,-0.42869102231924233,-0.3877483432594541
92.48,2.24612082076988,-0.4283719541452643,-0.38393800376184234
92.49,2.24183872519339,-0.42804602471381664,-0.3790623242065254
92.5,2.23755992280274,-0.4277133397729986,-0.3756087855302959
92.51,2.2332844806392,-0.4273739832783267,-0.3725176036384662
92.52,2.22901246510912,-0.42702803320014604,-0.36838836366830124
92.53,2.22474394163783,-0.4266755838235807,-0.3640651850447924
92.54,2.2204789747758,-0.42631673294376193,-0.36039839922117045
92.55,2.21621762803147,-0.4259515675740048,-0.3573827468921293
92.5599999999999,2.21195996421149,-0.42558016468941345,-0.35350222928901687
92.57,2.20770604523223,-0.4252026138740132,-0.34996260982964794
92.58,2.20345593214461,-0.42481900016082175,-0.34651623745718196
92.59,2.19920968516131,-0.4244294068209883,-0.3430607294962359
92.6,2.19496736366343,-0.424033917062668,-0.3397093952039478
92.61,2.19072902620131,-0.42363261266759045,-0.33616121455571485
92.62,2.18649473051213,-0.4232255781325319,-0.3328410145874402
92.63,2.18226453347102,-0.4228128943265038,-0.3297520744272739
92.64,2.17803849119701,-0.4223946385708148,-0.3263773513030359
92.65,2.17381665899953,-0.4219708925497427,-0.3228152569035089
92.66,2.16959909136871,-0.421541740614854,-0.3197148519145317
92.67,2.16538584195059,-0.42110725996002224,-0.3167398545261077
92.6799999999999,2.16117696367927,-0.4206675257235652,-0.3133558079974556
92.69,2.15697250867921,-0.4202226189231754,-0.3102052682446978
92.7,2.1527725282845,-0.4197726172324131,-0.30712482450248957
92.71,2.14857707306321,-0.4193175969559001,-0.3040231281893899
92.72,2.14438619281916,-0.4188576345609948,-0.3009078351334871
92.73,2.1401999365912,-0.4183928065695823,-0.29786062469815966
92.74,2.13601835265574,-0.41792318830443653,-0.294879540773042
92.75,2.1318414885442,-0.4174488540573377,-0.29174708657406867
92.76,2.12766939103969,-0.41696988027916476,-0.2885742692040685
92.77,2.12350210614968,-0.4164863437474131,-0.28569308782371444
92.78,2.11933967913308,-0.41599831670698917,-0.28282076737246503
92.79,2.11518215454101,-0.41550587129758343,-0.2794878867660904
92.8,2.11102957617517,-0.4150090861042677,-0.2765191688074224
92.8099999999999,2.10688198704211,-0.4145080343179212,-0.27372000344879266
92.82,2.10273942947439,-0.414002786374749,-0.27059677711847935
92.83,2.09860194505292,-0.4134934171154884,-0.26759885332767835
92.84,2.09446957462662,-0.4129799996045828,-0.2646221201318003
92.85,2.09034235831381,-0.41246260625726155,-0.26167840157663486
92.86,2.08622033551406,-0.41194130891940206,-0.2585839580439591
92.87,2.08210354490331,-0.411416181376593,-0.2555612599808141
92.88,2.07799202441295,-0.41088729615066377,-0.252658965319606
92.89,2.07388581127012,-0.41035472379681676,-0.24965117864317943
92.9,2.06978494198662,-0.4098185362776027,-0.24645184539043122
92.91,2.06568945234829,-0.4092788080409212,-0.2434666203566536
92.92,2.06159937739162,-0.40873561022881644,-0.24056044858584513
92.9299999999999,2.05751475147503,-0.4081890126225063,-0.23738965080428537
92.94,2.053435608228,-0.40763908848374664,-0.2342927890994993
92.95,2.04936198055403,-0.40708590990756743,-0.2312585167402111
92.96,2.04529390064167,-0.4065295477661805,-0.22818495959412838
92.97,2.0412313999733,-0.405970073200009,-0.2250657524956475
92.98,2.0371745093141,-0.405407557748505,-0.22195605052455392
92.99,2.03312325871747,-0.4048420725698369,-0.21883339878039487
93.0,2.02907767752485,-0.4042736887234185,-0.21568224035712877
93.01,2.02503779436768,-0.403702477428991,-0.2124745560039298
93.02,2.02100363716259,-0.4031285103691477,-0.2093220845773417
93.03,2.01697523311087,-0.40255185816192585,-0.20615502139190262
93.04,2.01295260871467,-0.4019725913010845,-0.2029274646161734
93.05,2.00893578976375,-0.40139078080659124,-0.19970550355472555
93.0599999999999,2.00492480134176,-0.4008064973477647,-0.19645350381503163
93.07,2.00091966782438,-0.4002198116592489,-0.19319194555364655
93.08,1.99692041288144,-0.3996307942237524,-0.18997460697089788
93.09,1.9929270594803,-0.39903951459858333,-0.18668131172756108
93.1,1.98893962989597,-0.39844604302548364,-0.18334584567560924
93.11,1.98495814569245,-0.397850449895922,-0.18013820270150327
93.12,1.9809826277417,-0.3972528035530813,-0.17681233081034184
93.13,1.97701309623365,-0.3966531735189997,-0.17344240750012743
93.14,1.97304957065194,-0.3960516295200815,-0.17018415646414484
93.15,1.96909206979665,-0.3954482394342466,-0.16683250522225634
93.16,1.96514061178811,-0.3948430719314981,-0.1634591871195319
93.17,1.96119521405512,-0.3942361955280009,-0.16019981780076187
93.1799999999999,1.95725589335148,-0.39362767685209116,-0.1568285727964258
93.19,1.95332266576697,-0.39301758355733685,-0.1534272410868581
93.2,1.94939554670516,-0.39240598317833997,-0.15022732170724842
93.21,1.94547455091144,-0.3917929402209993,-0.14685637228963505
93.22,1.94155969248864,-0.3911785209328389,-0.1434477668568267
93.23,1.93765098486133,-0.39056279153175666,-0.14029614829444942
93.24,1.93374844081622,-0.38994581448873467,-0.13695348819613373
93.25,1.92985207251589,-0.3893276542021725,-0.13358495800976955
93.26,1.92596189146377,-0.38870837488966437,-0.13047037872548994
93.27,1.92207790854599,-0.3880880370644972,-0.127177733181507
93.28,1.91820013404378,-0.38746670295074503,-0.12387850506559679
93.29,1.91432857760371,-0.3868444342998323,-0.12085135876811294
93.3,1.91046324827962,-0.38622128894015656,-0.11763162084484491
93.3099999999999,1.90660415454869,-0.38559732656525314,-0.11441107164013961
93.32,1.90275130427644,-0.38497260629833574,-0.11150236731107965
93.33,1.8989047047661,-0.3843471828549975,-0.10838694503005272
93.34,1.8950643627747,-0.38372111294341743,-0.10528288633562674
93.35,1.89123028447737,-0.38309445255299746,-0.1024993109765637
93.36,1.88740247551981,-0.38246725317725255,-0.09952035006709326
93.37,1.88358094103334,-0.38183956811884134,-0.09657095014102104
93.38,1.87976568560373,-0.38121144973266574,-0.09393823659557686
93.39,1.87595671332299,-0.3805829459506582,-0.09112507233786586
93.4,1.87215402780493,-0.37995410630498977,-0.08835718218195224
93.41,1.86835763215702,-0.37932497918624264,-0.08590709425483933
93.42,1.86456752903257,-0.37869560857976364,-0.08329003300475082
93.4299999999999,1.86078372064646,-0.37806603988699655,-0.08073335834758952
93.44,1.85700620875002,-0.3774363171979082,-0.07848894273228459
93.45,1.85323499468306,-0.3768064802995963,-0.07609930632807291
93.46,1.84947007938912,-0.3761765701198202,-0.07378532717464707
93.47,1.84571146339521,-0.37554662611491985,-0.07176665271021031
93.48,1.8419591468616,-0.37491668368109987,-0.06963397924679395
93.49,1.83821312959669,-0.37428677898133833,-0.0675905038004069
93.5,1.83447341104269,-0.37365694657482595,-0.06581970476013901
93.51,1.83073999032169,-0.3730272172730772,-0.06397053953488882
93.52,1.82701286625058,-0.37239762224409356,-0.06222161504800924
93.53,1.82329203733258,-0.3717681909570022,-0.06072037795305126
93.54,1.8195775017991,-0.37113894947458465,-0.059178382413191434
93.55,1.81586925762469,-0.37050992379799774,-0.057744957870981425
93.5599999999999,1.81216730252441,-0.36988113817483426,-0.05653181517466626
93.57,1.80847163399082,-0.36925261381568303,-0.055317772008221695
93.58,1.80478224930912,-0.3686243714396557,-0.05421838166792616
93.59,1.80109914556025,-0.3679964299894867,-0.053310578314174406
93.6,1.79742231965261,-0.36736880575409436,-0.05244245302078846
93.61,1.79375176833748,-0.3667415141096605,-0.05169012165556572
93.62,1.79008748821745,-0.3661145686999138,-0.05109632995322327
93.63,1.78642947577213,-0.36548798094600915,-0.05058743441458669
93.64,1.7827777273738,-0.36486176089248573,-0.050196390764704564
93.65,1.7791322393018,-0.36423591688091544,-0.04993310268982716
93.66,1.77549300776191,-0.36361045543533516,-0.04979187179227848
93.67,1.77186002890272,-0.36298538135891384,-0.049752269640154265
93.6799999999999,1.7682332988334,-0.36236069797666953,-0.049847205919637566
93.69,1.76461281363679,-0.36173640679132424,-0.05006738910452604
93.7,1.76099856939167,-0.36111250761567404,-0.05037985503109116
93.71,1.75739056218384,-0.3604889989378468,-0.05084990055451067
93.72,1.75378878812368,-0.35986587725717056,-0.05140702580770052
93.73,1.75019324336541,-0.35924313784191736,-0.05210198862281385
93.74,1.74660392411509,-0.3586207742174904,-0.052926835154955824
93.75,1.74302082665615,-0.35799877827915605,-0.05383606410726838
93.76,1.7394439473557,-0.35737714078025545,-0.0549139334287033
93.77,1.73587328268379,-0.35675585049373776,-0.05605824682609432
93.78,1.73230882922984,-0.35613489527892006,-0.05735749654362304
93.79,1.72875058370852,-0.3555142611953407,-0.05876822115161784
93.8,1.72519854298701,-0.35489393297892435,-0.06026106838855407
93.8099999999999,1.72165270408459,-0.3542738943532483,-0.06193279402124285
93.82,1.71811306419587,-0.35365412708233124,-0.06364062296227381
93.83,1.71457962070179,-0.35303461243015866,-0.06552267648234383
93.84,1.71105237117449,-0.3524153297896737,-0.06749388599558848
93.85,1.70753131340517,-0.3517962575655842,-0.06954646556623498
93.86,1.70401644539767,-0.35117737326174814,-0.0717844157385399
93.87,1.7005077653951,-0.35055865248309986,-0.07402546800469945
93.88,1.69700527188534,-0.3499400707673258,-0.07645462854097362
93.89,1.6935089636045,-0.3493216017669887,-0.07895631014531516
93.9,1.69001883956495,-0.34870321841591334,-0.08152873373927805
93.91,1.68653489904402,-0.34808489295859446,-0.0842887551298327
93.92,1.68305714161141,-0.3474665958414188,-0.08702922108943231
93.9299999999999,1.67958556713121,-0.34684829775707415,-0.08995892109150207
93.94,1.67612017576344,-0.3462299676245932,-0.09294744713927892
93.95,1.67266096799111,-0.34561157387641617,-0.09599697904297894
93.96,1.66920794460556,-0.3449930844492429,-0.09922893825440365
93.97,1.66576110673334,-0.34437446564924795,-0.10242448596763999
93.98,1.66232045583519,-0.34375568427374625,-0.10580468679987193
93.99,1.65888599370606,-0.3431367055070763,-0.10922922898481224
94.0,1.65545772250017,-0.34251749427674877,-0.11270733798104556
94.01,1.65203564471403,-0.341898015176421,-0.11635743454311824
94.02,1.64861976321216,-0.3412782313784243,-0.11995705776004226
94.03,1.64521008122315,-0.34065810675291686,-0.12373434332986405
94.04,1.64180660233854,-0.34003760373000536,-0.12754285243459626
94.05,1.63840933053542,-0.3394166846885871,-0.1313950350390131
94.0599999999999,1.63501827015792,-0.3387953118501541,-0.13540776914124308
94.07,1.63163342594082,-0.3381734462209851,-0.1393603086095577
94.08,1.62825480300376,-0.3375510496589111,-0.14347784895015134
94.09,1.62488240684866,-0.3369280827972554,-0.14761676404342577
94.1,1.62151624337971,-0.3363045063814204,-0.15178970711426143
94.11,1.61815631888409,-0.33568028116231685,-0.15610842948118672
94.12,1.61480264005297,-0.3350553669005866,-0.16036197309978475
94.13,1.61145521397422,-0.3344297243072447,-0.16476519865817085
94.14,1.60811404812882,-0.3338033130958392,-0.1691806272136329
94.15,1.60477915040776,-0.33317609323784136,-0.17362302695272075
94.16,1.60145052909279,-0.3325480248392595,-0.17819223793754338
94.17,1.59812819287452,-0.3319190672687544,-0.18269141254334526
94.1799999999999,1.59481215084361,-0.33128918093057735,-0.18733380593010565
94.19,1.59150241248657,-0.3306583253545048,-0.19198616480082545
94.2,1.58819898770086,-0.3300264604123415,-0.1966233816604727
94.21,1.58490188677506,-0.3293935465410051,-0.20141791191336958
94.22,1.58161112040101,-0.32875954322949913,-0.2061155671989508
94.23,1.57832669967269,-0.32812441128973935,-0.2109127439771156
94.24,1.57504863606944,-0.3274881111013317,-0.21579447349765624
94.25,1.57177694147727,-0.32685060276784195,-0.22057313916565502
94.26,1.56851162816981,-0.32621184778999224,-0.2255034987316574
94.27,1.56525270880779,-0.3255718068277458,-0.2304075933294328
94.28,1.5620001964484,-0.3249304412546006,-0.23531321471238906
94.29,1.55875410452532,-0.32428771292675,-0.2403335009977895
94.3,1.5555144468606,-0.3236435832189096,-0.24526140185955778
94.3099999999999,1.5522812376566,-0.3229980148230764,-0.2502807449632537
94.32,1.54905449148491,-0.3223509701556623,-0.2553389998164724
94.33,1.54583422329857,-0.32170241182074566,-0.2603285989482574
94.34,1.54262044841504,-0.3210523035442633,-0.26543614175300717
94.35,1.53941318251613,-0.3204006085950173,-0.270477940815196
94.36,1.5362124416507,-0.31974729133832,-0.27555899836039827
94.37,1.53301824221525,-0.319092316321834,-0.28074589919318577
94.38,1.5298306009686,-0.31843564776432576,-0.285770711376098
94.39,1.52664953501795,-0.31777725183549566,-0.2909107886918097
94.4,1.52347506180402,-0.31711709426126744,-0.29613966381487117
94.41,1.52030719911887,-0.31645514057974666,-0.3011862575246851
94.42,1.51714596508731,-0.3157913584589093,-0.30635764354852957
94.4299999999999,1.51399137815384,-0.31512571507257836,-0.31160246346226633
94.44,1.51084345709885,-0.3144581775422521,-0.31668463447600903
94.45,1.5077022210199,-0.31378871494658717,-0.3218760218913453
94.46,1.50456768932086,-0.31311729602708227,-0.32712120799725647
94.47,1.50143988172351,-0.3124438896479972,-0.3322389417285023
94.48,1.49831881825098,-0.31176846632757216,-0.3374438019557749
94.49,1.49520451921862,-0.31109099644823596,-0.34268535054414306
94.5,1.49209700524105,-0.31041145067067233,-0.34782849013404665
94.51,1.48899629721786,-0.3097298010625064,-0.3530418490430985
94.52,1.48590241632538,-0.3090460197063346,-0.3582805144178263
94.53,1.48281538402076,-0.30836007906873875,-0.36343638686874435
94.54,1.47973522202901,-0.3076719528845825,-0.36866945852187444
94.55,1.47666195233515,-0.30698161489543707,-0.3738524214517762
94.5599999999999,1.47359559718665,-0.3062890399778251,-0.37876577241685716
94.57,1.47053617906933,-0.3055942055502396,-0.38438414642152874
94.58,1.46748372069979,-0.30489708366459034,-0.39006643282392783
94.59,1.4644382451063,-0.30419764705057845,-0.3939865761775756
94.6,1.46139977552216,-0.30349588308334713,-0.399746352217161
94.61,1.45836833529436,-0.3027917645734032,-0.40616277253988287
94.62,1.45534394817427,-0.302085260129592,-0.4094481686884177
94.63,1.45232663807199,-0.30137636377775745,-0.4152442434595789
94.64,1.44931642895875,-0.300665050058833,-0.4219452502494713
94.65,1.44631334522353,-0.2999512872276566,-0.42498859387577953
94.66,1.44331741139365,-0.2992350728468448,-0.4307377307204542
94.67,1.44032865201851,-0.29851638374165934,-0.4376084054923646
94.6799999999999,1.43734709206021,-0.29779518875642047,-0.4405895433959785
94.69,1.43437275660501,-0.29707148752559087,-0.446273326539704
94.7,1.43140567073642,-0.2963452592542456,-0.4532291188676147
94.71,1.42844585993126,-0.2956164740821573,-0.4562030525789634
94.72,1.42549334978072,-0.2948851332982505,-0.46182243481177565
94.73,1.42254816584927,-0.2941512184056694,-0.4689608869524693
94.74,1.41961033407629,-0.29341470037041834,-0.47136455854318915
94.75,1.4166798805045,-0.2926755864733399,-0.47725810762733323
94.76,1.41375683106701,-0.2919338579014996,-0.48468112771622596
94.77,1.41084121215183,-0.29118948434207853,-0.4886860416453448
94.78,1.40793305020311,-0.29044246308407484,-0.491960003787243
94.79,1.40503237171435,-0.28969279776533224,-0.4985475642527039
94.8,1.40213920313726,-0.28894046613391716,-0.5060821718031127
94.8099999999999,1.39925357135687,-0.28818544020166226,-0.5083834840962256
94.82,1.39637550327934,-0.2874277322262457,-0.5129309976104122
94.83,1.39350502567519,-0.2866673383197479,-0.520509967345048
94.84,1.39064216555097,-0.2859042312437425,-0.5266043161291761
94.85,1.38778695012828,-0.28513839679433217,-0.5281474956993905
94.86,1.38493940665331,-0.2843698549687505,-0.5344319502965306
94.87,1.38209956210923,-0.28359859079566213,-0.5427367939418694
94.88,1.37926744399482,-0.2828245747955908,-0.5459309084805727
94.89,1.37644307975584,-0.2820478160695787,-0.5495458347094271
94.9,1.37362649680166,-0.2812683218992529,-0.5563386447827641
94.91,1.3708177224923,-0.28048607555033656,-0.5636800282250406
94.92,1.36801678451441,-0.27970105777399557,-0.5660171313794188
94.9299999999999,1.36522371052388,-0.2789132860170759,-0.5711120560200935
94.94,1.36243852798718,-0.27812275863475233,-0.5787376548495239
94.95,1.35966126459651,-0.2773294555197481,-0.5842820847816365
94.96,1.35689194813162,-0.27653337311958626,-0.5864773383412031
94.97,1.35413060634177,-0.27573453210558707,-0.5930485631363466
94.98,1.35137726672361,-0.27493292215107956,-0.6011863648374539
94.99,1.3486319571851,-0.2741285223104221,-0.6048955360553441
95.0,1.34589470553639,-0.2733213441577528,-0.6081190869746997
95.01,1.34316553952126,-0.2725114035720011,-0.6151086580346106
95.02,1.34044448671182,-0.27169868947341524,-0.6229770266725198
95.03,1.33773157501718,-0.27088318568823844,-0.6261464488473565
95.04,1.33502683224056,-0.27006490964783436,-0.6301548101287948
95.05,1.33233028603377,-0.26924387378641224,-0.63761807979833
95.0599999999999,1.32964196400228,-0.2684200662637526,-0.6448654883288885
95.07,1.32696189396531,-0.26759347798675504,-0.6477012862444246
95.08,1.32429010364453,-0.2667641307224948,-0.6526993479389334
95.09,1.32162662053018,-0.2659320321538409,-0.6605793337199983
95.1,1.31897147220794,-0.26509717018525597,-0.6670499333337844
95.11,1.31632468633105,-0.2642595437049866,-0.6696750076606012
95.12,1.31368629047372,-0.26341917792717295,-0.6757337465513124
95.13,1.31105631190102,-0.26257607548225337,-0.6840738347493884
95.14,1.30843477811896,-0.26173022393842227,-0.6894477740192588
95.15,1.30582171655084,-0.2608816318605804,-0.6924938625969993
95.16,1.30321715454489,-0.26003032384698627,-0.6993001955528716
95.17,1.30062111913173,-0.2591762997577648,-0.7078094826641766
95.1799999999999,1.29803363762772,-0.25831954893783726,-0.7122730957918553
95.19,1.29545473718441,-0.2574600880572468,-0.7161822362102864
95.2,1.29288444483887,-0.256597938270751,-0.7235022412733989
95.21,1.2903227873878,-0.2557330984444125,-0.7317056012418554
95.22,1.28776979184733,-0.25486556246600756,-0.7364302599189371
95.23,1.28522548506542,-0.2539953477419236,-0.7404356298504463
95.24,1.28268989375575,-0.25312247687456585,-0.7480093608595578
95.25,1.28016304438419,-0.2522469496732479,-0.7564061591504817
95.26,1.27764496362244,-0.2513687614645784,-0.761215147382653
95.27,1.27513567795973,-0.25048793130059144,-0.7655278977137684
95.28,1.27263521373582,-0.24960448201158209,-0.773287709034889
95.29,1.2701435970473,-0.24871841483333584,-0.7817616977034793
95.3,1.26766085416439,-0.2478297273029247,-0.786789303989332
95.3099999999999,1.26518701116829,-0.24693843930498524,-0.7915299427357503
95.32,1.26272209398009,-0.24604457319390613,-0.799439298608852
95.33,1.2602661282895,-0.24514813190183635,-0.8079368333746245
95.34,1.25781913991734,-0.24424911552383505,-0.8132847308998095
95.35,1.25538115449451,-0.2433475442439955,-0.8184624737083405
95.36,1.25295219748303,-0.24244343996449408,-0.8265441420618499
95.37,1.2505322941243,-0.24153680721433018,-0.8351037294201297
95.38,1.2481214697514,-0.2406276484246554,-0.8407961187431577
95.39,1.24571974950719,-0.23971598403192407,-0.8463933236196216
95.4,1.24332715835711,-0.23880183570300825,-0.854691402193183
95.41,1.24094372105381,-0.23788520934641308,-0.8633868621949319
95.42,1.23856946240872,-0.2369661093398201,-0.8693710268309046
95.4299999999999,1.23620440704164,-0.23604455681332887,-0.8752866400161234
95.44,1.23384857938053,-0.23512057386017954,-0.884027891361237
95.45,1.23150200364589,-0.23419416652150823,-0.8928748421056866
95.46,1.22916470410594,-0.23326534075691815,-0.8998085191718366
95.47,1.2268367048275,-0.2323341149597517,-0.9052706669463199
95.48,1.22451802972424,-0.2314005161937453,-0.9140486885889271
95.49,1.22220870238746,-0.23046455304074343,-0.924000116038146
95.5,1.21990874652887,-0.2295262281008385,-0.931070365445619
95.51,1.21761818562943,-0.22858556113374656,-0.9372362464361248
95.52,1.2153370430321,-0.22764257797607268,-0.9456010673947495
95.53,1.21306534174935,-0.22669729223390908,-0.9559544853710797
95.54,1.21080310484536,-0.22574970733042118,-0.9636982468958294
95.55,1.20855035520358,-0.22479984155416854,-0.9710611832518196
95.5599999999999,1.20630711554559,-0.22384771681190724,-0.9788949581980231
95.57,1.20407340833769,-0.2228933523979219,-0.9890297325032181
95.58,1.20184925593567,-0.22193675588601156,-0.9981711596657622
95.59,1.19963468061197,-0.22097794076425537,-1.0062108480277865
95.6,1.19742970444615,-0.220016927746249,-1.0139811870852338
95.61,1.19523434931324,-0.21905373930873515,-1.0240617373119012
95.62,1.19304863687538,-0.21808838627308536,-1.0342497180240797
95.63,1.19087258876286,-0.2171208795318421,-1.0429548322530457
95.64,1.18870622639588,-0.21615123891923402,-1.0509184718406108
95.65,1.18654957102106,-0.21517948870776182,-1.0611202473983303
95.66,1.18440264361129,-0.2142056420787501,-1.0721566891614052
95.67,1.18226546513107,-0.21322970867949653,-1.0812729830479877
95.6799999999999,1.18013805632541,-0.21225170873674742,-1.0904043064057607
95.69,1.17802043777556,-0.21127166357225632,-1.1004168313790244
95.7,1.17591262981562,-0.21028959042751483,-1.1114509900724772
95.71,1.17381465268142,-0.2093055022739136,-1.1213681330285472
95.72,1.17172652642359,-0.20831941816491506,-1.1317347220515748
95.73,1.16964827091219,-0.2073313559815086,-1.1424898840541104
95.74,1.16757990584157,-0.2063413324084181,-1.1532292077180577
95.75,1.16552145074304,-0.20534936499931877,-1.1639161817536583
95.76,1.1634729249594,-0.20435547234667895,-1.174976787214243
95.77,1.16143434765475,-0.2033596720916575,-1.186082969320298
95.78,1.15940573781685,-0.2023619822621577,-1.197750966821124
95.79,1.15738711425364,-0.20136241905567842,-1.2094127281548632
95.8,1.15537849562198,-0.2003609996284998,-1.2206402047631169
95.8099999999999,1.15337990038247,-0.19935774398740688,-1.2324693789174843
95.82,1.15139134680291,-0.1983526702368436,-1.2445395514204645
95.83,1.14941285297957,-0.19734579601123534,-1.2568976435867125
95.84,1.1474444368272,-0.19633713840508754,-1.2694809168850603
95.85,1.14548611609814,-0.19532671448383815,-1.2816836936424143
95.86,1.14353790836008,-0.19431454389832736,-1.2943060225879492
95.87,1.14159983098067,-0.19330064530941699,-1.3073437913665893
95.88,1.13967190115524,-0.19228503630009386,-1.3204893085861449
95.89,1.13775413589655,-0.1912677347544208,-1.3339609153606597
95.9,1.13584655204313,-0.19024875811966732,-1.347270154182207
95.91,1.13394916625432,-0.18922812545691392,-1.3608462816584292
95.92,1.13206199499176,-0.1882058555797502,-1.3748380840252308
95.9299999999999,1.13018505454042,-0.18718196637667422,-1.388947688922701
95.94,1.1283183610015,-0.18615647604800686,-1.403445162227355
95.95,1.12646193029744,-0.18512940215632362,-1.4178363622284096
95.96,1.12461577817368,-0.1841007636636638,-1.4324477866680982
95.97,1.12277992017662,-0.18307057955467462,-1.4475181338110517
95.98,1.12095437167458,-0.1820388678286637,-1.462694927855142
95.99,1.1191391478512,-0.1810056468699121,-1.4784092104095239
96.0,1.11733426370976,-0.17997093391817395,-1.4939229484994885
96.01,1.11553973408245,-0.17893474804250853,-1.5096108665755172
96.02,1.11375557359476,-0.17789710859492103,-1.5259275080579988
96.03,1.1119817966963,-0.17685803338049294,-1.5422571010525665
96.04,1.11021841765195,-0.17581754094008195,-1.5594162800330038
96.05,1.10846545054563,-0.17477564769042647,-1.5760680707633112
96.0599999999999,1.10672290930221,-0.17373237314416054,-1.59283444780397
96.07,1.10499080762123,-0.1726877373924148,-1.610618013225214
96.08,1.10326915903405,-0.17164175759658562,-1.6282742729216535
96.09,1.10155797688744,-0.1705944523571664,-1.6461212401887917
96.1,1.09985727434348,-0.1695458404909959,-1.6650956942113646
96.11,1.09816706437953,-0.16849593765742021,-1.6835374036700115
96.12,1.09648735982969,-0.16744476275932785,-1.701716551849981
96.13,1.09481817329601,-0.1663923368027583,-1.7212243330973978
96.14,1.09315951720644,-0.16533867692559528,-1.740708563687974
96.15,1.09151140380986,-0.16428380130274478,-1.7603733599652924
96.16,1.08987384517156,-0.16322772853765527,-1.7808287013162816
96.17,1.0882468531733,-0.16217047543565974,-1.8015079432951853
96.1799999999999,1.08663043953848,-0.16111205927574573,-1.8216819605054615
96.19,1.0850246157975,-0.16005250039825375,-1.8426722978522154
96.2,1.08342939327825,-0.15899181737225784,-1.8643226109053128
96.21,1.08184478313925,-0.157930027484741,-1.885989107050068
96.22,1.08027079635715,-0.15686714909841454,-1.9081541931045998
96.23,1.07870744372687,-0.15580319997091827,-1.9310814764046589
96.24,1.07715473587102,-0.15473819650490736,-1.9535403263259
96.25,1.07561268324672,-0.1536721580555067,-1.9763780900936934
96.26,1.07408129609654,-0.15260510390575818,-2.0002729541700877
96.27,1.07256058449769,-0.15153705091124348,-2.024149134370837
96.28,1.07105055834747,-0.15046801717908215,-2.0483758353986974
96.29,1.06955122736351,-0.1493980208519245,-2.073627428121571
96.3,1.06806260108459,-0.14832707797124794,-2.098525878656312
96.3099999999999,1.06658468889688,-0.14725520715874002,-2.123593011437073
96.32,1.06511749997098,-0.14618242779191512,-2.1498823896383894
96.33,1.06366104331368,-0.1451087565196648,-2.176175169141303
96.34,1.06221532775402,-0.14403421122240653,-2.2028837073481142
96.35,1.06078036194356,-0.14295880977558406,-2.2304157040393897
96.36,1.05935615435671,-0.1418825687454217,-2.258096582660701
96.37,1.05794271330827,-0.14080550567951064,-2.2858312698169034
96.38,1.05654004692115,-0.13972763937698715,-2.3144779060938787
96.39,1.05514816314062,-0.13864898712991164,-2.34356294978331
96.4,1.05376706974075,-0.1375695661944306,-2.3729905912489717
96.41,1.05239677432066,-0.13648939416283462,-2.4030845113726143
96.42,1.0510372843048,-0.1354084879609178,-2.4337591826750278
96.4299999999999,1.04968860695256,-0.13432686423366186,-2.4644110925246188
96.44,1.04835074935126,-0.13324454122348545,-2.495713642326733
96.45,1.04702371840038,-0.13216153665667196,-2.527833916455845
96.46,1.04570752083418,-0.1310778672187559,-2.560243299544219
96.47,1.04440216321472,-0.12999355019608178,-2.5932069464258194
96.48,1.04310765193223,-0.12890860269442195,-2.6270512973704547
96.49,1.04182399320831,-0.12782304076008705,-2.660900200253774
96.5,1.04055119310623,-0.12673688204150046,-2.695214892174889
96.51,1.03928925749793,-0.1256501443715826,-2.7305856902761008
96.52,1.03803819209417,-0.12456284402615851,-2.7662427659023545
96.53,1.03679800243642,-0.12347499798366912,-2.802447418807896
96.54,1.03556869389729,-0.12238662321691722,-2.8395678768032844
96.55,1.03435027168093,-0.12129773567465622,-2.8769178927327688
96.5599999999999,1.03314274083628,-0.12020835232658955,-2.9146648326074414
96.57,1.0319461062293,-0.1191184906547571,-2.9534314899691028
96.58,1.03076037256344,-0.11802816687891404,-2.992639254808798
96.59,1.02958554437678,-0.11693739758591819,-3.0324329148375133
96.6,1.02842162604159,-0.11584619939067897,-3.07299808295238
96.61,1.02726862176481,-0.11475458842275336,-3.1141321363397183
96.62,1.02612653559456,-0.11366258095740397,-3.1556744631916804
96.63,1.02499537141127,-0.11257019386816484,-3.198019805278296
96.64,1.02387513292816,-0.11147744352792607,-3.2410798496607804
96.65,1.02276582369779,-0.11038434605116036,-3.284709746624238
96.66,1.02166744711007,-0.10929091772490981,-3.329060091063646
96.67,1.02058000639269,-0.1081971746126694,-3.374186007552779
96.6799999999999,1.01950350461435,-0.10710313246099687,-3.4197253814335
96.69,1.01843794468555,-0.10600880770024745,-3.465972905280007
96.7,1.01738332934827,-0.10491421663700688,-3.5131096078403594
96.71,1.01633966118808,-0.1038193749713312,-3.5608190791299097
96.72,1.01530694263103,-0.10272429865791355,-3.6092164562803744
96.73,1.01428517594419,-0.10162900362240361,-3.658484882989762
96.74,1.0132743632361,-0.10053350529516022,-3.708340409643516
96.75,1.01227450646333,-0.09943781940792522,-3.7587401171586703
96.76,1.01128560741957,-0.09834196210000332,-3.810057098798844
96.77,1.0103076677409,-0.0972459489369156,-3.862091379003009
96.78,1.00934068890866,-0.09614979542125017,-3.914810725948126
96.79,1.00838467224848,-0.09505351711817471,-3.9682571577695263
96.8,1.00743961893076,-0.09395712952850097,-4.022604057797647
96.8099999999999,1.00650552997188,-0.09286064768333491,-4.077457600564265
96.82,1.00558240623928,-0.09176408717599209,-4.133004399773967
96.83,1.00467024843864,-0.0906674636624083,-4.189520717388902
96.84,1.00376905712596,-0.08957079215175709,-4.246655759905062
96.85,1.00287883270481,-0.08847408788850339,-4.304541765448823
96.86,1.00199957542685,-0.08737736605049692,-4.363211255445932
96.87,1.00113128539238,-0.08628064164611557,-4.422628564950622
96.88,1.00027396255258,-0.08518392962293213,-4.482683264556525
96.89,0.999427606708184,-0.08408724514178031,-4.5435180440302
96.9,0.998592217508034,-0.08299060320118105,-4.605141786572507
96.91,0.997767794453025,-0.08189401860017784,-4.667455957328028
96.92,0.99695433689545,-0.08079750618221934,-4.730495830955093
96.9299999999999,0.996151844039534,-0.07970108073903082,-4.794300985616408
96.94,0.995360314941973,-0.07860475689929851,-4.858776443085187
96.95,0.994579748513893,-0.0775085493573413,-4.923935726343128
96.96,0.993810143518237,-0.07641247281692429,-4.989850820014735
96.97,0.993051498572528,-0.07531654178961622,-5.056437293101038
96.98,0.992303812149084,-0.07422077077849273,-5.123705140241349
96.99,0.991567082575423,-0.07312517423776199,-5.191646547823526
97.0,0.990841308034817,-0.0720297665610927,-5.260253699298257
97.01,0.990126486566923,-0.07093456207300139,-5.329494793345932
97.02,0.989422616068415,-0.06983957507645337,-5.399368094568052
97.03,0.988729694292967,-0.06874481982024894,-5.4698687599366105
97.04,0.988047718852343,-0.06765031047179515,-5.540963367537776
97.05,0.987376687216777,-0.06655606115855417,-5.61264198948315
97.0599999999999,0.98671659671551,-0.06546208595095786,-5.684876974836805
97.07,0.98606744453733,-0.06436839888213179,-5.757657900880696
97.08,0.985429227730882,-0.06327501392061434,-5.830967532912603
97.09,0.984801943205609,-0.062181944958623434,-5.90476679495225
97.1,0.984185587732216,-0.06108920585284524,-5.97903635672928
97.11,0.983580157943036,-0.059996810411538926,-6.053754123750192
97.12,0.98298565033264,-0.058904772381972635,-6.128897310652356
97.13,0.982402061258385,-0.05781310544760073,-6.204363838269052
97.14,0.981829386940845,-0.05672182340396015,-6.280277055870535
97.15,0.981267623462388,-0.05563093975009907,-6.356531624485007
97.16,0.980716766773139,-0.0545404678883162,-6.432986587087886
97.17,0.980176812686749,-0.053450421408905255,-6.509746799055678
97.1799999999999,0.979647756882331,-0.05236081372752832,-6.586718366990766
97.19,0.979129594904992,-0.05127165821703454,-6.663869245173209
97.2,0.978622322166386,-0.05018296819673622,-6.741167604189244
97.21,0.978125933945234,-0.04909475691555661,-6.818524890349965
97.22,0.977640425387875,-0.0480070376911936,-6.895878868818458
97.23,0.977165791506771,-0.04691982393147572,-6.9734238914733755
97.24,0.976702027181625,-0.04583312845481784,-7.050889208487921
97.25,0.976249127167011,-0.04474696413851731,-7.128134069291427
97.26,0.975807086084373,-0.04366134419910388,-7.2053288003156455
97.27,0.975375898425377,-0.04257628156417633,-7.282320968506635
97.28,0.974955558552446,-0.04149178913118353,-7.359070060050625
97.29,0.974546060699296,-0.04040787974432618,-7.43554793577162
97.3,0.974147398971467,-0.03932456614112734,-7.511524954043279
97.3099999999999,0.973759567346864,-0.03824186147608488,-7.5871954187931605
97.32,0.973382559669925,-0.03715977849766683,-7.662576896854149
97.33,0.973016369664091,-0.03607832930523358,-7.737241074111729
97.34,0.972660990929003,-0.0349975265471314,-7.811293880443586
97.35,0.972316416936116,-0.03391738292873314,-7.8847521956431175
97.36,0.971982641031781,-0.032837910913294244,-7.957485606132129
97.37,0.971659656437763,-0.03175912293282106,-8.029438955211784
97.38,0.971347456251774,-0.03068103136632065,-8.100590078169786
97.39,0.971046033447998,-0.029603648439303448,-8.170576433911897
97.4,0.97075538087762,-0.028526987280033667,-8.239902671709812
97.41,0.970475491257248,-0.027451059718860048,-8.308274307534305
97.42,0.970206357199378,-0.026375877172880407,-8.375202197328015
97.4299999999999,0.969947971188325,-0.025301452330245278,-8.441119624515704
97.44,0.969700325586982,-0.024227797236510883,-8.505776591998842
97.45,0.96946341263771,-0.023154923916829384,-8.569122952552599
97.46,0.969237224462839,-0.022082844347813085,-8.631099243026501
97.47,0.9690217530652,-0.02101157042818288,-8.691609366621464
97.48,0.96881699032864,-0.01994111415759651,-8.750508526018463
97.49,0.9686229280155,-0.01887148800448028,-8.808053983318322
97.5,0.96843955776415,-0.017802703173877554,-8.863938802196678
97.51,0.968266871109818,-0.01673477089264112,-8.917942278326127
97.52,0.96810485946405,-0.015667703348994554,-8.970286911292813
97.53,0.967953514121817,-0.014601512120203849,-9.020787731200421
97.54,0.967812826262021,-0.013536208787342149,-9.069400659222627
97.55,0.967682786948011,-0.012471804880663056,-9.116077160333345
97.5599999999999,0.967563387128084,-0.011408311820692204,-9.160695730421462
97.57,0.967454617636,-0.010345741480633868,-9.203282591407966
97.58,0.967356469184416,-0.009284105474823464,-9.243846928361686
97.59,0.967268932376343,-0.008223414456225616,-9.282182548592179
97.6,0.967191997707807,-0.007163679639675865,-9.318281115691029
97.61,0.967125655557875,-0.006104912569441605,-9.35215584522703
97.62,0.967069896193433,-0.005047124403062542,-9.383727471431097
97.63,0.967024709769684,-0.00399032628392304,-9.41296061738742
97.64,0.966990086330647,-0.002934529305366936,-9.439820280142621
97.65,0.966966015809658,-0.0018797444150286946,-9.464256461304524
97.66,0.966952488029869,-0.0008259834030864093,-9.486270433207316
97.67,0.966949492693264,0.00022674303705912577,-9.505812119230216
97.6799999999999,0.966957019407865,0.0012784247853299866,-9.522849880543776
97.69,0.966975057669179,0.0023290505574332285,-9.537375482032362
97.7,0.967003596862949,0.0033786094903093256,-9.549365320748084
97.71,0.967042626267044,0.004427090832678782,-9.55880585927003
97.72,0.967092135051947,0.005474483870194595,-9.56568349992574
97.73,0.967152112281242,0.006520777961588342,-9.569991670020165
97.74,0.96722254691211,0.007565962428675762,-9.571829567377941
97.75,0.967303427792957,0.00861002559298385,-9.570926889924486
97.76,0.967394743654226,0.009652957819133076,-9.567439427484544
97.77,0.967496483147012,0.010694749553279611,-9.561561335297693
97.78,0.967608634806254,0.011735389471753677,-9.553026989968304
97.79,0.967731187062788,0.012774867284460572,-9.541968726201628
97.8,0.967864128243824,0.013813172653298622,-9.528386947820895
97.8099999999999,0.968007446573436,0.014850295288707887,-9.512302825670004
97.82,0.968161130173042,0.01588622494916777,-9.4937418451583
97.83,0.968325167061887,0.016920951441863157,-9.47268682516312
97.84,0.968499545157532,0.01795446476452467,-9.449450356596484
97.85,0.968684252276333,0.01898675373100493,-9.423737115351866
97.86,0.968879276116867,0.020017807843634532,-9.395225588710986
97.87,0.969084604288846,0.02104761882744296,-9.364727154448984
97.88,0.9693002243164,0.02207617681863061,-9.332133052688372
97.89,0.969526123613304,0.023103471137208197,-9.297124501608698
97.9,0.969762289494295,0.024129491993139334,-9.259967889226761
97.91,0.970008709175541,0.025154229553443302,-9.220679502957848
97.92,0.970265369775119,0.026177674032386765,-9.179311908268096
97.9299999999999,0.970532258313483,0.027199815691737277,-9.135924656946134
97.94,0.970809361713944,0.028220644840297925,-9.090422132595943
97.95,0.971096666803133,0.02924015213117137,-9.04392116312893
97.96,0.971394160311483,0.03025832542674171,-8.994403080724068
97.97,0.971701828838054,0.03127515651135023,-8.94278847796039
97.98,0.972019658942103,0.03229063818070699,-8.890712727536771
97.99,0.972347637066731,0.033304759185388375,-8.836321575520719
98.0,0.972685749559214,0.03431751019309278,-8.780389739317458
98.01,0.973033982672696,0.03532888182407786,-8.722915072792222
98.02,0.973392322566652,0.036338864734279205,-8.6639606594104
98.03,0.973760755307345,0.037347449625808424,-8.603594184178053
98.04,0.974139266868292,0.038354627246808826,-8.541829196398854
98.05,0.974527843130719,0.03936038847958031,-8.479005272632278
98.0599999999999,0.974926469884028,0.04036472360019102,-8.415284609584033
98.07,0.975335132815683,0.041367622261596446,-8.349302402766122
98.08,0.97575381751598,0.04236907701206753,-8.282521549820604
98.09,0.976182509514944,0.043369079714441115,-8.215526146480777
98.1,0.976621194236668,0.04436762019815373,-8.147020007029482
98.11,0.977069857015454,0.0453646896383858,-8.077706806992937
98.12,0.977528483096282,0.046360279125136815,-8.007561682960791
98.13,0.97799705763525,0.047354379792364606,-7.936650314154391
98.14,0.97847556570002,0.04834698281925472,-7.8650399598036635
98.15,0.978963992270274,0.04933807943033053,-7.792658845073962
98.16,0.979462322238163,0.05032766107217572,-7.720461269172512
98.17,0.979970540408754,0.05131571760384479,-7.646990845481342
98.1799999999999,0.980488631479199,0.05230224064448896,-7.572417344637953
98.19,0.9810165800861,0.05328722327818299,-7.498475103636691
98.2,0.981554370779593,0.05427065634932375,-7.424013141541481
98.21,0.982101988018524,0.05525253099624243,-7.34908794724751
98.22,0.982659416176672,0.05623283878197864,-7.273946066027805
98.23,0.983226639543183,0.05721157126619877,-7.198603972039081
98.24,0.983803642323028,0.058188720052737564,-7.123113831320933
98.25,0.984390408637428,0.059164276788973666,-7.047506389775438
98.26,0.984986922524303,0.06013823319496089,-6.971827457175805
98.27,0.985593167938706,0.06111058096071228,-6.89695729487488
98.28,0.986209128749857,0.06208131029196244,-6.820755526208203
98.29,0.986834788726575,0.06305041420743471,-6.744589458482596
98.3,0.98747013159222,0.06401788588226431,-6.669802131777075
98.3099999999999,0.988115140972718,0.06498371596488639,-6.594426781110497
98.32,0.988769800413129,0.06594789652364838,-6.519352884904546
98.33,0.989434093378061,0.06691041953612217,-6.4445010954234245
98.34,0.990108003252126,0.06787127702396664,-6.369911458358504
98.35,0.990791513340359,0.06883046105011412,-6.295618904923836
98.36,0.991484606868637,0.0697879637216579,-6.221562125399299
98.37,0.992187266984136,0.07074377730026486,-6.148349779449838
98.38,0.992899476755743,0.07169789313696182,-6.075345408917216
98.39,0.993621219161175,0.07265030303858222,-6.001822558928068
98.4,0.994352477108514,0.07360100067612767,-5.929390383761477
98.41,0.995093233441675,0.07454997850826761,-5.85779055150703
98.42,0.995843470918608,0.07549722823523564,-5.786285194509201
98.4299999999999,0.996603172220935,0.0764427423218833,-5.715345237851045
98.44,0.997372319954366,0.07738651319749434,-5.644923781402451
98.45,0.998150896649113,0.07832853333442821,-5.575042076928996
98.46,0.998938884760333,0.0792687952480331,-5.505726850041274
98.47,0.999736266668539,0.08020729149407213,-5.436796185094373
98.48,1.00054302468001,0.0811440148948415,-5.369631391869335
98.49,1.00135914102724,0.08207895618582892,-5.301574389764606
98.5,1.00218459784256,0.0830121090221699,-5.233745748162322
98.51,1.00301937722664,0.0839434678961711,-5.168143657423489
98.52,1.00386346119255,0.08487302425958336,-5.10240812104691
98.53,1.00471683167962,0.08580077094025307,-5.037378794784707
98.54,1.00557947055525,0.08672670078250788,-4.973010787923694
98.55,1.00645135961541,0.08765080665981881,-4.909305917414697
98.5599999999999,1.00733248058497,0.08857308148749558,-4.84627295001739
98.57,1.0082228151182,0.08949351822017393,-4.7839252931600855
98.58,1.00912234479907,0.09041210985458736,-4.722052508940181
98.59,1.01003105114179,0.09132884967833303,-4.662154931816114
98.6,1.01094891559114,0.0922437286629163,-4.601298307034547
98.61,1.01187591949336,0.09315674103183755,-4.540739993998521
98.62,1.01281204417208,0.09406788188075685,-4.482623164325843
98.63,1.01375727086549,0.09497714293500067,-4.424338537774194
98.64,1.01471158074249,0.09588451748466047,-4.366832631232065
98.65,1.01567495490444,0.0967899988044992,-4.310029308671881
98.66,1.01664737438552,0.0976935801994224,-4.253924387612357
98.67,1.01762882015319,0.09859525501615951,-4.198518525575156
98.6799999999999,1.01861927310856,0.09949501664141733,-4.143819216550844
98.69,1.01961871408682,0.10039285850016455,-4.089636204144864
98.7,1.02062712385759,0.10128877428040954,-4.037267171834404
98.71,1.02164448312541,0.10218275560291794,-3.9841432041853384
98.72,1.02267077250363,0.10307479702625355,-3.931384962313008
98.73,1.02370597258279,0.10396489385484468,-3.880833092641738
98.74,1.02475006387348,0.1048530383701729,-3.8301901188718803
98.75,1.02580302682163,0.10573922430224444,-3.7803067884319943
98.76,1.02686484180993,0.10662344534942045,-3.7311003239259932
98.77,1.02793548915812,0.10750569524008066,-3.6825619213216467
98.78,1.02901494912347,0.10838596774591647,-3.634690438301247
98.79,1.03010320190114,0.10926425667550459,-3.587486217119537
98.8,1.03120022762458,0.11014055587832602,-3.540763332813254
98.8099999999999,1.03230600636594,0.11101485946716413,-3.495778683875527
98.82,1.03342051813647,0.11188715946150452,-3.450020784014252
98.83,1.0345437428602,0.11275745087541515,-3.4046088880669423
98.84,1.03567566044328,0.11362572943266666,-3.361303808054528
98.85,1.03681625071537,0.11449198779991214,-3.3178574218890287
98.86,1.03796549344591,0.11535622014450612,-3.2751206591161486
98.87,1.03912336834525,0.11621842057975193,-3.2329983542562055
98.88,1.04028985506498,0.11707858325066822,-3.191482060792085
98.89,1.04146493319836,0.11793670234424755,-3.1505675498328216
98.9,1.04264858228071,0.11879277208498759,-3.110255470421189
98.91,1.04384078178978,0.11964678673509292,-3.0703553584206644
98.92,1.04504151114614,0.12049874083275477,-3.0321354409667554
98.9299999999999,1.04625074971359,0.12134862669483937,-2.993046063987465
98.94,1.04746847677126,0.1221964398344951,-2.954247167762071
98.95,1.04869467158736,0.12304217647324256,-2.9174980409506315
98.96,1.04992931335616,0.12388582958509087,-2.8805110230025517
98.97,1.051172381216,0.12472739376766703,-2.8441689852987433
98.98,1.05242385425017,0.12556686354108043,-2.8083655986202714
98.99,1.05368371148732,0.126404233457413,-2.773093619884561
99.0,1.05495193190179,0.12723949810891644,-2.738347109646778
99.01,1.05622849441407,0.12807265212591754,-2.7041272441708055
99.02,1.0575133778911,0.1289036901735726,-2.670260045812882
99.03,1.05880656114669,0.129732607182087,-2.6378841946323206
99.04,1.06010802294192,0.1305593959804193,-2.604702132898387
99.05,1.06141774195878,0.13138405244267165,-2.5717773676244713
99.0599999999999,1.06273569687017,0.1322065730792484,-2.540674519839246
99.07,1.06406186627957,0.1330269513236652,-2.5093225423380163
99.08,1.06539622873873,0.1338451821854103,-2.478537619005971
99.09,1.06673876274842,0.1346612605838386,-2.4482146965121525
99.1,1.06808944675872,0.1354751814700128,-2.418348224654981
99.11,1.06944825916943,0.13628693983266754,-2.3889306481460606
99.12,1.07081517833041,0.1370965307004035,-2.3599640997599196
99.13,1.07219018254202,0.13790394913633652,-2.3312823999262853
99.14,1.07357325005539,0.1387091904691773,-2.303984237560288
99.15,1.07496435907291,0.1395122478800785,-2.2758399389870694
99.16,1.07636348772123,0.14031311768499255,-2.247903053386108
99.17,1.07777061412313,0.1411117968097527,-2.22167115580723
99.1799999999999,1.07918571633495,0.1419082790311684,-2.195128527945725
99.19,1.0806087723655,0.1427025597698232,-2.169086652042474
99.2,1.08203976017645,0.14349463433341314,-2.1434332569022843
99.21,1.08347865768275,0.1442844980658331,-2.1181677847035445
99.22,1.08492544275294,0.14507214634383686,-2.093281617045215
99.23,1.08638009320952,0.14585757458366322,-2.0687765358444876
99.24,1.08784258682935,0.14664077824108243,-2.044455066087624
99.25,1.08931290134399,0.1474217530930781,-2.021721161354679
99.26,1.09079101443977,0.148200491988502,-1.9976538996503648
99.27,1.09227690372171,0.14897699218034782,-1.9737138987504426
99.28,1.09377054681249,0.14975125161708625,-1.9518206883088167
99.29,1.09527192126411,0.1505232638429129,-1.9293050846037945
99.3,1.09678100458492,0.15129302473416706,-1.9072650694867848
99.3099999999999,1.09829777424,0.15206052998175124,-1.885550007315857
99.32,1.09982220765151,0.15282577530975802,-1.864159088757171
99.33,1.10135428219902,0.1535887564789155,-1.843086217792578
99.34,1.10289397521991,0.15434946928891877,-1.8223285451669624
99.35,1.10444126400973,0.1551079095724106,-1.8018848404676067
99.36,1.10599612582252,0.15586407319833445,-1.7816288082087797
99.37,1.10755853787121,0.1566179562785856,-1.7623028142986852
99.38,1.10912847732795,0.1573695532080884,-1.7431179033004134
99.39,1.11070592129974,0.15811885898175393,-1.7228454310591348
99.4,1.11229084686579,0.15886587248832482,-1.703751087563047
99.41,1.11388323109612,0.15961059022925145,-1.6855789869390156
99.42,1.11548305100039,0.16035300679566045,-1.6670689456219376
99.4299999999999,1.11709028354903,0.1610931184553392,-1.6489296104867381
99.44,1.11870490567359,0.1618309213368437,-1.631051872137651
99.45,1.12032689426708,0.16256641160658503,-1.6134367582489293
99.46,1.12195622618437,0.16329958546541143,-1.596081145530945
99.47,1.12359287824248,0.16403043914541837,-1.5789778265467873
99.48,1.12523682722094,0.16475896891825678,-1.5621361652064536
99.49,1.12688804986219,0.16548517108891936,-1.545275987097629
99.5,1.12854652287186,0.16620904247441337,-1.5303317530921094
99.51,1.13021222291917,0.16693057530699681,-1.5133501610631752
99.52,1.13188512657985,0.16764976855083344,-1.4962651492714572
99.53,1.13356521048927,0.16836662231267305,-1.4817240194978958
99.54,1.13525245120656,0.16908112986750806,-1.4661159162173123
99.55,1.13694682525533,0.16979328802775678,-1.4509143848354262
99.5599999999999,1.13864830912423,0.17050309331690938,-1.4359253226851811
99.57,1.1403568792673,0.17121054228999938,-1.421152117104834
99.58,1.14207251210429,0.17191563153500233,-1.406589522208305
99.59,1.14379518402101,0.17261835767782285,-1.3922369787512334
99.6,1.14552487136971,0.17331871737383264,-1.3780937746781525
99.61,1.14726155046932,0.17401670731391206,-1.364044942054743
99.62,1.14900519760591,0.17471232444117488,-1.3507699884876891
99.63,1.15075578903294,0.17540556390841697,-1.3375947316706067
99.64,1.15251330094573,0.17609642136033704,-1.323278824333701
99.65,1.15427770951887,0.1767848967102433,-1.3099667397758958
99.66,1.15604899093011,0.17747098739857212,-1.2974968401600586
99.67,1.15782712130275,0.17815468866241857,-1.2846071007033981
99.6799999999999,1.15961207672894,0.1788359975955926,-1.2719950883967956
99.69,1.16140383327002,0.17951491113049056,-1.259555397804773
99.7,1.1632023669568,0.18019142623466045,-1.247289141843734
99.71,1.16500765378997,0.18086553991101262,-1.2351961841564731
99.72,1.16681966974038,0.18153724918941,-1.2232705668379646
99.73,1.16863839074934,0.18220655113665626,-1.2115206979878153
99.74,1.17046379272903,0.18287344285375004,-1.1996950134120015
99.75,1.17229585156277,0.18353792196266205,-1.1895454967239945
99.76,1.17413454310537,0.18419998138459368,-1.177514732017365
99.77,1.17597984312454,0.18485962086965774,-1.165297174960455
99.78,1.17783172745704,0.1855168414496585,-1.1553303562380923
99.79,1.17969017187177,0.18617163716141602,-1.1443727701328716
99.8,1.18155515210925,0.18682400555499562,-1.1337121202955005
99.8099999999999,1.18342664388285,0.18747394393732927,-1.123194198053754
99.82,1.18530462287908,0.18812144963891905,-1.1128186698667033
99.83,1.18718906475793,0.18876652002566274,-1.1025843159750262
99.84,1.18907994515322,0.18940915249558063,-1.0924902079631285
99.85,1.19097723967289,0.19004934447432453,-1.082536120630232
99.86,1.19288092389929,0.1906870934228459,-1.0726213373766043
99.87,1.19479097338957,0.19132239705176118,-1.0633487525722538
99.88,1.19670736367592,0.1919552512746503,-1.054166125735802
99.89,1.19863007023972,0.19258565235225067,-1.0438507764726745
99.9,1.20055906854753,0.1932136010800926,-1.0343861712030578
99.91,1.20249433408018,0.19383909578082337,-1.0256993966554304
99.92,1.20443584226999,0.1944621323245947,-1.016556987948406
99.9299999999999,1.2063835685257,0.19508270857208262,-1.007628437088768
99.94,1.20833748823274,0.19570082220666438,-0.998813946022749
99.95,1.21029757675353,0.1963164709450016,-0.9901160988212243
99.96,1.21226380942783,0.19692965253532146,-0.9815335225579277
99.97,1.21423616157302,0.19754036475558845,-0.9730642964370347
99.98,1.21621460848442,0.19814860541400026,-0.9647149774418178
99.99,1.21819912543558,0.19875437235125082,-0.9562649924313381
100.0,1.22018968767863,0.19935766392109588,-0.949250087735783
100.01,1.22218627044455,0.19995847386566531,-0.9405755459056977
100.02,1.22418884888565,0.20055680255099223,-0.9316711935787557
100.03,1.22619739822786,0.2011526517188426,-0.9247098626622401
100.04,1.22821189363899,0.20174601625658023,-0.9168786457275652
100.05,1.23023231026501,0.20233689438132751,-0.9092594067084421
100.06,1.23225862323206,0.20292528413467886,-0.9017397191916523
100.07,1.23429080764666,0.20351118356950657,-0.8943155808290081
100.08,1.23632883859603,0.204094590773074,-0.8869863466567408
100.09,1.23837269114843,0.2046755038648318,-0.8797526500535663
100.1,1.24042234035345,0.20525392098840745,-0.8726151641359539
100.11,1.24247776124224,0.20582984031942697,-0.8654747351401701
100.12,1.2445389288279,0.20640326030409256,-0.8589200553879083
100.13,1.2466058181057,0.20697417742748433,-0.8524600606643613
100.14,1.24867840402464,0.2075425883839188,-0.8447783916546616
100.15,1.25075666152486,0.2081084950897631,-0.8378895078085159
100.16,1.25284056557511,0.2086718967748295,-0.8317959028213555
100.17,1.25493009109869,0.20923278971734147,-0.8251774069439666
100.18,1.2570252130023,0.20979117250849816,-0.8187388502825147
100.19,1.2591259061763,0.21034704352640987,-0.8123761494876595
100.2,1.26123214549497,0.2109004011818294,-0.8060927031348125
100.21,1.26334390581688,0.21145124391608133,-0.7998891303710973
100.22,1.26546116198512,0.21199957019381785,-0.793762328381105
100.23,1.26758388882757,0.21254537851058686,-0.7877204009793332
100.24,1.26971206115723,0.21308866739209362,-0.7815433192878198
100.25,1.27184565377249,0.213629435928094,-0.7767503195958835
100.26,1.27398464145743,0.21416767813908222,-0.7704063391923686
100.27,1.2761289989178,0.21470339481808137,-0.7635894766184068
100.28,1.27827870094302,0.2152365891342582,-0.7586666196997708
100.29,1.28043372227904,0.2157672567649834,-0.7530463664684948
100.3,1.28259403765124,0.21629539620850088,-0.7474890596241591
100.31,1.28475962177176,0.21682100621242725,-0.7420168138063913
100.32,1.28693044933976,0.21734408549298756,-0.7366100140668602
100.33,1.28910649504171,0.21786463279599433,-0.7312690193745891
100.34,1.29128773355168,0.2183826468950064,-0.725994286924243
100.35,1.2934741395316,0.21889812658575186,-0.7207846299968073
100.36,1.29566568763148,0.21941107069758012,-0.7155848580797495
100.37,1.29786235248982,0.21992147824515715,-0.7106728211613408
100.38,1.30006410873373,0.22042934714400406,-0.70630005599541
100.39,1.30227093096018,0.22093467353992796,-0.7005497149005225
100.4,1.30448279373708,0.22143745984765836,-0.6951922237721383
100.41,1.30669967169183,0.22193770714533656,-0.6909830982911899
100.42,1.30892153940521,0.22243541170500758,-0.6860912988692986
100.43,1.31114837144778,0.22293057281607317,-0.6813715057700029
100.44,1.31338014238008,0.2234231894866638,-0.6767021285005621
100.45,1.31561682675286,0.22391326075667148,-0.6720880174718225
100.46,1.31785839910745,0.22440078569391048,-0.667530026719369
100.47,1.32010483397594,0.2248857633869191,-0.6630252336583669
100.48,1.32235610588145,0.22536819295407112,-0.6585790852530474
100.49,1.32461218933843,0.22584807353934755,-0.6540664980032082
100.5,1.32687305885288,0.2263254046479942,-0.6503222954798142
100.51,1.32913868892266,0.22680018271825272,-0.6459112364792352
100.52,1.33140905399753,0.2272724075370029,-0.640949788164435
100.53,1.33368412856944,0.22774208168382937,-0.6370412565450215
100.54,1.33596388712268,0.22820920326833138,-0.6330359635858909
100.55,1.3382483041218,0.22867377084334434,-0.6289093968139182
100.56,1.34053735402421,0.22913578381333344,-0.6248651887421145
100.57,1.34283101128048,0.22959524150316102,-0.620866789359344
100.58,1.34512925033452,0.23005214326225118,-0.6169137525478136
100.59,1.3474320456239,0.23050648847033894,-0.6130080742571637
100.6,1.3497393715801,0.23095827652591105,-0.6091488972329755
100.61,1.35205120262868,0.23140750685541334,-0.60530150236793
100.62,1.35436751318965,0.2318541790392555,-0.601503981969252
100.63,1.35668827767765,0.23229829224965526,-0.5991011827805537
100.64,1.35901347048715,0.23273983986308128,-0.5943303772709314
100.65,1.36134306593872,0.23317882660682984,-0.5896414287184066
100.66,1.36367703849464,0.2336152571760027,-0.5871838193884887
100.67,1.36601536254475,0.23404912593058363,-0.5834416185205981
100.68,1.36835801247427,0.23448043298673893,-0.5799379303280469
100.69,1.37070496266409,0.23490917792074462,-0.5764670358631013
100.7,1.37305618749095,0.23533536032967484,-0.5730344882125394
100.71,1.3754116613277,0.2357589798405113,-0.5696428493494196
100.72,1.37777135854359,0.23618003609616375,-0.5662893938233893
100.73,1.38013525350435,0.2365985287655063,-0.5629775910749002
100.74,1.38250332057261,0.23701445754440073,-0.5596102280534329
100.75,1.384875534108,0.237427822439155,-0.5568173536395608
100.76,1.38725186846746,0.2378386209104318,-0.5537405563963136
100.77,1.38963229797045,0.23824685215732927,-0.5498617862819771
100.78,1.39201679696296,0.23865251952599661,-0.5467781990597387
100.79,1.39440533981312,0.23905562273933886,-0.5439717600310893
100.8,1.3967979008657,0.23945616015767687,-0.5408601789590324
100.81,1.39919445446365,0.23985413178573464,-0.5378415597562085
100.82,1.40159497494828,0.2402495374689025,-0.5348533864318552
100.83,1.40399943665947,0.24064237708092223,-0.5318990015839015
100.84,1.40640781393599,0.24103265051750128,-0.5289793477926658
100.85,1.40882008111562,0.24142035768967193,-0.5260913475125701
100.86,1.41123621253538,0.2418054985369141,-0.5232412845536786
100.87,1.41365618253183,0.2421880730254104,-0.5202723796548442
100.88,1.41607996544124,0.24256808159792514,-0.5183283130871177
100.89,1.41850753559945,0.2429455200513279,-0.5150506213339628
100.9,1.42093886728459,0.24332039106741976,-0.5116098060508514
100.91,1.42337393487247,0.24369269839442284,-0.5095904702490712
100.92,1.42581271269731,0.24406243881790468,-0.5068153477180964
100.93,1.42825517509388,0.2444296127533367,-0.5041854172389106
100.94,1.43070129639772,0.24479422028801195,-0.5015800636520904
100.95,1.43315105094535,0.24515626153175746,-0.4990031245660659
100.96,1.43560441307451,0.24551573661916737,-0.49645619650639883
100.97,1.43806135712439,0.24587264569990164,-0.4939374463669939
100.98,1.44052185743574,0.2462269889460726,-0.4914512672198624
100.99,1.4429858883512,0.246578766555422,-0.4888759577877327
101.0,1.44545342421546,0.24692797914383133,-0.48693033968567734
101.01,1.4479244393755,0.24727462411001286,-0.48516285693223105
101.02,1.45039890813288,0.24761869849266688,-0.48157836030689505
101.03,1.45287680479736,0.24796020896940738,-0.4788813929573566
101.04,1.45535810377122,0.24829915787983697,-0.47730754990070606
101.05,1.45784277940589,0.2486355416214947,-0.47487936336785175
101.06,1.46033080605554,0.2489693609270834,-0.47261600381907876
101.07,1.46282215807734,0.24930061610183296,-0.4703720630009054
101.08,1.46531680983157,0.24962930747125153,-0.4681530026582267
101.09,1.46781473568191,0.24995543538141596,-0.46595959552807265
101.1,1.47031590999555,0.25027900019359284,-0.46379029579043735
101.11,1.47282030714341,0.25060000229074436,-0.46165260641481376
101.12,1.47532790150034,0.2509184420775838,-0.45935773344984754
101.13,1.47783866744534,0.2512343205764267,-0.45820393132561155
101.14,1.48035257936168,0.25154763317924067,-0.45579362822021285
101.15,1.48286961156496,0.2518583821952358,-0.45281385723908707
101.16,1.48538973847579,0.25216657319448815,-0.45136801214686423
101.17,1.48791293449479,0.25247220377150326,-0.4494066753490617
101.18,1.49043917401698,0.2527752739906834,-0.4474154938016844
101.19,1.4929684314419,0.2530757843959971,-0.44546760116058465
101.2,1.49550068117379,0.253373735465251,-0.4435402790141409
101.21,1.49803589762175,0.25366912769591576,-0.4416342742394247
101.22,1.50057405519995,0.25396196159632733,-0.43978916128202056
101.23,1.50311512832767,0.25425223755399795,-0.43775116614847454
101.24,1.50565909142959,0.2545399571452408,-0.43579036394508197
101.25,1.50820591895239,0.2548251215652608,-0.4342879776633034
101.26,1.51075558534028,0.2551077296264267,-0.43252348520387407
101.27,1.51330806502536,0.25538778166557624,-0.4305857050088582
101.28,1.51586333245818,0.255665279179664,-0.4288531085498971
101.29,1.51842136209572,0.25594022272099987,-0.42711093139514617
101.3,1.5209821284016,0.25621261295924647,-0.4253894849742198
101.31,1.5235456058462,0.25648245058332114,-0.42368893044347905
101.32,1.52611176890691,0.2567497362974162,-0.42199150447446027
101.33,1.5286805920682,0.2570144708937516,-0.42033929327637776
101.34,1.53125204982191,0.2572766548642432,-0.41918435858242864
101.35,1.53382611665895,0.25753628628824576,-0.4171656422494036
101.36,1.5364027670492,0.25779336816542286,-0.415184522215303
101.37,1.53898197553193,0.258047903457422,-0.4140050945548564
101.38,1.5415637166259,0.25829989077815385,-0.4123741041876541
101.39,1.54414796485766,0.2585493311464219,-0.4108315356928793
101.4,1.54673469476166,0.2587962253613352,-0.4093037615696858
101.41,1.54932388088044,0.2590405742397458,-0.40779413468820824
101.42,1.55191549776478,0.2592823786129128,-0.40631559905948145
101.43,1.55450951997385,0.2595216393295038,-0.40453375141050246
101.44,1.55710592207539,0.2597583583743457,-0.4047501759170404
101.45,1.55970467864578,0.25999252716733534,-0.40268815079469966
101.46,1.5623057641353,0.2602241502194069,-0.39963583640507044
101.47,1.56490915319305,0.26045323786925517,-0.3992842887881243
101.48,1.56751482042722,0.2606797854709279,-0.3979505620946774
101.49,1.57012274043683,0.26090379323632973,-0.3965659021972616
101.5,1.57273288782903,0.2611252621251651,-0.39523177629398
101.51,1.57534523721917,0.26134419296307554,-0.3939124559230143
101.52,1.57795976323092,0.26156058658791304,-0.3926078204578364
101.53,1.58057644049638,0.26177444384675547,-0.39136998809140244
101.54,1.58319524365616,0.26198576541000185,-0.38987977134221263
101.55,1.58581614735948,0.26219455351374676,-0.3884517990487522
101.56,1.58843912628652,0.26240081002149773,-0.3875899855316709
101.57,1.59106415511761,0.26260453363431785,-0.3864203650203392
101.58,1.59369120851862,0.26280572486858667,-0.3850178040576725
101.59,1.59632026118016,0.26300438578016894,-0.3838530517631076
101.6,1.59895128780269,0.263200517229086,-0.3826673726130997
101.61,1.60158426309655,0.26339412021751385,-0.38149907435159713
101.62,1.60421916178225,0.26358519575824435,-0.3803446470838345
101.63,1.60685595859054,0.26377374490858163,-0.37913859137640554
101.64,1.60949462826362,0.26395976909383373,-0.3780596383192202
101.65,1.61213514555848,0.26414326910050856,-0.37699905442379467
101.66,1.61477748523451,0.2643242456993211,-0.37585065704261594
101.67,1.6174216220656,0.264502700265921,-0.3747751658081812
101.68,1.62006753083666,0.26467863388009255,-0.3737057194973959
101.69,1.62271518634377,0.26485204766191023,-0.37266127108795144
101.7,1.62536456339426,0.26502294274958205,-0.37136608206391947
101.71,1.62801563680697,0.2651913212667593,-0.3716594980578887
101.72,1.63066838141231,0.2653571765094953,-0.3704607771586387
101.73,1.63332277193616,0.2655205107061613,-0.3682497319737622
101.74,1.63597878324664,0.2656813322060673,-0.36794499009655574
101.75,1.63863639019687,0.26583963849432884,-0.36709968732980164
101.76,1.64129556763326,0.2659954296844125,-0.36625512078323097
101.77,1.6439562904098,0.26614870632150067,-0.3651016559562163
101.78,1.64661853338795,0.2662994711680892,-0.3633923778120136
101.79,1.64928227147581,0.26644772995350435,-0.36331387166818613
101.8,1.65194747962117,0.2665934788496823,-0.3629908476115446
101.81,1.65461413268114,0.2667367154101671,-0.36151526346257357
101.82,1.65728220556863,0.2668774441309104,-0.36085638778279133
101.83,1.65995167320627,0.2670156652979113,-0.35969639806123876
101.84,1.6626225105265,0.26715138206783917,-0.35849165548215856
101.85,1.66529469250835,0.2672845977546634,-0.3582781099690328
101.86,1.66796819413713,0.2674153098483364,-0.3576677039523221
101.87,1.67064299036075,0.2675435181684116,-0.35655551519876094
101.88,1.6733190561639,0.2676692257240136,-0.3558410135673453
101.89,1.6759963665423,0.26779243340398867,-0.3550856361481126
101.9,1.67867489650265,0.2679131422829939,-0.35434416293490223
101.91,1.68135462106227,0.26803135345025986,-0.353609800226335
101.92,1.6840355152497,0.26814706803407845,-0.35289363399061346
101.93,1.68671755410467,0.268260287135493,-0.35219909347249656
101.94,1.68940071267776,0.26837101184066237,-0.35137843005217106
101.95,1.69208496603049,0.2684792437656773,-0.3513746514719507
101.96,1.69477028923538,0.26858497987616675,-0.3507299787894675
101.97,1.69745665731375,0.2686882211678362,-0.34936399002640744
101.98,1.7001440453587,0.26878897308309135,-0.34896605848951867
101.99,1.70283242847691,0.26888723548025667,-0.3484867723435189
102.0,1.70552178177069,0.2689830084754893,-0.347848657616136
102.01,1.70821208035204,0.2690762932194187,-0.3473545373690665
102.02,1.71090329934268,0.26916709016674056,-0.34676672184281015
102.03,1.7135954138665,0.26925540040857643,-0.34613421787372994
102.04,1.71628839906636,0.26934122538675814,-0.34563854986438736
102.05,1.71898223009245,0.2694245658106572,-0.34510592967118364
102.06,1.72167688210387,0.2695054226086624,-0.3447369674869188
102.07,1.7243723302693,0.26958379619524964,-0.3433629108019441
102.08,1.72706854976812,0.26965969276609253,-0.3432281412119488
102.09,1.72976551586302,0.269733111127,-0.3434545949663445
102.1,1.7324632037217,0.2698040479184982,-0.34240185875170365
102.11,1.7351615885627,0.2698725074380015,-0.3420166226469355
102.12,1.73786064561534,0.2699384904576737,-0.3415365413000681
102.13,1.74056035011958,0.2700019980144982,-0.3414505739928143
102.14,1.74326067732182,0.27006302901990503,-0.34081011086794777
102.15,1.7459616024528,0.2701215858090744,-0.3401092327127217
102.16,1.74866310079871,0.2701776711870052,-0.3399593792291986
102.17,1.75136514763761,0.27023128473266195,-0.33953668889724664
102.18,1.75406771825786,0.2702824276275847,-0.33894276772044774
102.19,1.75677078795808,0.2703311017646759,-0.3396671329012171
102.2,1.75947433204716,0.27037730132915366,-0.33945887890574555
102.21,1.76217832574025,0.27042102650092587,-0.3378147009342464
102.22,1.76488274435572,0.2704622862989189,-0.3377655163032191
102.23,1.76758756324645,0.270501080380503,-0.33780104892931984
102.24,1.77029275774089,0.270537407456171,-0.33741994236530154
102.25,1.77299830317595,0.2705712687801602,-0.3372118663630204
102.26,1.77570417489698,0.2706026645550086,-0.33757008274943606
102.27,1.77841034824155,0.2706315918947655,-0.3368576231263672
102.28,1.78111679851909,0.2706580544850753,-0.3361712261273194
102.29,1.78382350112546,0.27068205599508066,-0.3364141267878203
102.3,1.78653043143005,0.2707035945381668,-0.3361347738347285
102.31,1.78923756480982,0.27072267116065957,-0.3359517674376343
102.32,1.79194487664939,0.27073928659941404,-0.3357428396024466
102.33,1.7946523423409,0.27075344178991156,-0.33557692659085264
102.34,1.79735993728676,0.27076513747166614,-0.33544909571231873
102.35,1.80006763689399,0.27077437422091866,-0.3352892445096859
102.36,1.80277541657751,0.27078115287191656,-0.33515426434633616
102.37,1.80548325176039,0.27078547421583815,-0.3349483602595376
102.38,1.80819111787333,0.2707873393709907,-0.3351395113200286
102.39,1.81089899035465,0.2707867468391578,-0.33591514874947176
102.4,1.81360684460707,0.27078369210332687,-0.3349300701293855
102.41,1.81631465600961,0.2707781814315839,-0.3342950900565289
102.42,1.81902240006061,0.2707702191758329,-0.33494124458225827
102.43,1.82173005221118,0.27075980189191773,-0.33480187743842127
102.44,1.82443758791853,0.27074693063242616,-0.3345074839552967
102.45,1.82714498264594,0.27073160709116806,-0.335986250036796
102.46,1.8298522118628,0.2707138228128255,-0.3354679676961511
102.47,1.8325592509144,0.270693581588923,-0.33416361980403225
102.48,1.83526607532867,0.270670892134417,-0.335120120902764
102.49,1.83797266058223,0.2706457497575828,-0.3351165591291615
102.5,1.84067898214931,0.2706181549699131,-0.33497400378095865
102.51,1.84338501550861,0.270588109110681,-0.33593473569457144
102.52,1.84609073614332,0.2705556066948371,-0.3370838918153907
102.53,1.84879611944103,0.2705206418344893,-0.3355023084790146
102.54,1.85150114080529,0.2704832253248376,-0.3351215707095076
102.55,1.85420577578423,0.2704433610135874,-0.3362419752316933
102.56,1.85690999984994,0.2704010433656645,-0.3362529015120592
102.57,1.8596137884766,0.27035627323449185,-0.3361777283948292
102.58,1.86231711714037,0.2703090518590042,-0.3377599689112614
102.59,1.86501996131953,0.27025937093640245,-0.337655536655886
102.6,1.8677222963703,0.27020723258840607,-0.33651028101503366
102.61,1.87042409780367,0.2701526453781744,-0.3374712826879344
102.62,1.87312534110288,0.2700956054376813,-0.33781053340011624
102.63,1.87582600173479,0.27003611206699585,-0.337978740092841
102.64,1.87852605516674,0.2699741658114189,-0.33830615854422164
102.65,1.88122547686651,0.26990976547915935,-0.340915634928732
102.66,1.88392424225927,0.26984289723857396,-0.3396656170112445
102.67,1.88662232661753,0.26977357065667656,-0.33823030535434306
102.68,1.88931970550627,0.26970179669100575,-0.34029397603736067
102.69,1.89201635436371,0.26962756539515853,-0.34041062572449704
102.7,1.89471224862579,0.2695508775838259,-0.3404817356977504
102.71,1.89740736372627,0.269471734384343,-0.3424340643012307
102.72,1.90010167509669,0.26939012554956604,-0.34394469809434897
102.73,1.90279515800479,0.26930604439551753,-0.3419191009201693
102.74,1.905487787788,0.26921950568258673,-0.3420785474563341
102.75,1.90817953992929,0.26913051148373207,-0.34371163902291846
102.76,1.91087038981078,0.26903905442282977,-0.344046125188733
102.77,1.91356031280898,0.2689451347314261,-0.34392210074931806
102.78,1.91624928429478,0.2688487544033299,-0.3480025649556435
102.79,1.91893727963352,0.2687498915750005,-0.34735830861699246
102.8,1.9216242738787,0.268648552978588,-0.34472589146727284
102.81,1.92431024249134,0.26854475750075124,-0.34749039308772933
102.82,1.92699516079991,0.26843849235241674,-0.34802765617387416
102.83,1.92967900410311,0.2683297564492445,-0.3484832871806243
102.84,1.93236174769057,0.26821854979292387,-0.3495477111181775
102.85,1.93504336684271,0.2681048677117456,-0.35337843285818643
102.86,1.93772383674156,0.26798869061691044,-0.3515652802587248
102.87,1.94040313238562,0.26787003274000853,-0.34999968113980034
102.88,1.94308122915982,0.26774890723174444,-0.35316017061767313
102.89,1.94575810225999,0.2676252991787439,-0.35357791105603525
102.9,1.94843372686871,0.2674992087200142,-0.35383172649005895
102.91,1.95110807815529,0.26737063676758693,-0.35740475943656347
102.92,1.95378113127582,0.26723956477124705,-0.35925377840049566
102.93,1.95645286110476,0.2671059855523387,-0.3563361044254395
102.94,1.95912324269192,0.2669699204482512,-0.3574073182746358
102.95,1.96179225121781,0.2668313678094984,-0.35968832111525106
102.96,1.96445986172643,0.266690317681075,-0.36043906884437044
102.97,1.9671260492437,0.2665467692328338,-0.3602634783905682
102.98,1.96979078877731,0.26640072506084467,-0.3675878300822701
102.99,1.97245405531691,0.2662521460890762,-0.36584711136979187
103.0,1.97511582330481,0.2661010469141671,-0.36154703184412135
103.01,1.97777606793301,0.2659474575643269,-0.36696439472449854
103.02,1.98043476407641,0.26579135186357017,-0.36746687420180274
103.03,1.98309188658199,0.26563272964091705,-0.36828004831408556
103.04,1.98574741027302,0.26547159003649234,-0.37061991238481984
103.05,1.98840130994898,0.2653079217914171,-0.3761402868752404
103.06,1.99105356020795,0.2651416973022588,-0.3731743129338948
103.07,1.99370413544646,0.26497293892034557,-0.3714809189973108
103.08,1.99635301057659,0.2648016621561648,-0.3762237816884539
103.09,1.99900016022766,0.264627844709564,-0.37701571776451076
103.1,2.00164555899881,0.26445148567100046,-0.3775978977426005
103.11,2.00428918145907,0.26427258509626095,-0.3828838502050287
103.12,2.00693100214735,0.26409111614191794,-0.3852660149816117
103.13,2.00957099520443,0.26390707003089986,-0.3821468523567882
103.14,2.01220913502466,0.26372047030975476,-0.38436395835582604
103.15,2.01484539607384,0.2635313104830894,-0.38708841018216894
103.16,2.01747975266546,0.2633395794837198,-0.3884312745212757
103.17,2.02011217907286,0.26314527304458124,-0.39320822229502345
103.18,2.02274264947877,0.2629483689630156,-0.3931301972905332
103.19,2.02537113781497,0.26274887322301027,-0.39246587467616506
103.2,2.02799761832678,0.2625467955425139,-0.39634127589556384
103.21,2.03062206507018,0.26234211997507495,-0.39726769811696855
103.22,2.03324445205535,0.2621348451219937,-0.4016565705961379
103.23,2.03586475324652,0.2619249509513385,-0.40421307581201255
103.24,2.03848294232286,0.2617124287131604,-0.40305151874293876
103.25,2.0410989930961,0.26149729124569,-0.40538983321764144
103.26,2.04371287940641,0.261279532043505,-0.4080964691472295
103.27,2.04632457496544,0.2610591414262268,-0.409854284917295
103.28,2.04893405343236,0.2608361130840139,-0.4173549227574393
103.29,2.05154128833255,0.2606104106486873,-0.4164849068583056
103.3,2.05414625277321,0.2603820456469119,-0.4145019935934617
103.31,2.0567489204144,0.26015103644365656,-0.4204053707811844
103.32,2.05934926460953,0.2599173574364122,-0.42127852059400916
103.33,2.06194725864987,0.25968100752015166,-0.4275937298525456
103.34,2.0645428757646,0.259441956795096,-0.43117737719877597
103.35,2.06713608875254,0.2592001919706729,-0.42877583138849334
103.36,2.06972687061548,0.25895573389775883,-0.43178347838843456
103.37,2.07231519442043,0.2587085739526633,-0.4356154498804093
103.38,2.07490103303999,0.2584586973025919,-0.43777025447355306
103.39,2.0774843592743,0.25820609626808766,-0.4462713412366437
103.4,2.08006514577013,0.25795073065090585,-0.44582111615470343
103.41,2.08264336470938,0.25769261061533805,-0.4440874923553501
103.42,2.08521898884252,0.2574317540308976,-0.4508597731872603
103.43,2.08779199057958,0.25716813217232887,-0.4523622668549298
103.44,2.09036234224802,0.25690174172601965,-0.45887943059187936
103.45,2.0929300160927,0.2566325533183182,-0.46354474329470857
103.46,2.09549498394036,0.25636054889583243,-0.4625694103481848
103.47,2.0980572177201,0.2560857420030168,-0.4661029020037983
103.48,2.10061668939972,0.2558081221494998,-0.47091770115425724
103.49,2.10317337072722,0.2555276706621812,-0.47402234844985985
103.5,2.10572723333938,0.25524437776082526,-0.47857820304558923
103.51,2.10827824875792,0.2549582267174796,-0.48193519619418435
103.52,2.11082638831402,0.2546692075048429,-0.48493863024618306
103.53,2.11337162331824,0.25437731223140936,-0.48937333766605856
103.54,2.11591392492136,0.2540825255034111,-0.49312833459461725
103.55,2.11845326414887,0.25378483527627543,-0.4973828927553144
103.56,2.12098961189865,0.25348422691324757,-0.5023337140214217
103.57,2.12352293890341,0.25318068248689396,-0.505849684043941
103.58,2.12605321572809,0.2528741920750736,-0.5096023529424817
103.59,2.12858041288596,0.25256474475418755,-0.514567945246574
103.6,2.13110450071004,0.25225232321990737,-0.518859171559206
103.61,2.13362544938851,0.2519369134954134,-0.5238657578568383
103.62,2.1361432289621,0.2516184982209439,-0.5286221774384205
103.63,2.13865780928299,0.25129706165215965,-0.5329183773096048
103.64,2.14116916007937,0.2509725907379745,-0.5378851888233144
103.65,2.14367725092841,0.25064506912993634,-0.5429518516183621
103.66,2.1461820512369,0.2503144800086806,-0.5479104549101209
103.67,2.14868353024764,0.24998080708447853,-0.5537916468506786
103.68,2.15118165703217,0.24964402966473806,-0.558795114609284
103.69,2.15367640044043,0.24930413196018558,-0.5636306722426921
103.7,2.15616772921945,0.2489610993340663,-0.5695833400383944
103.71,2.15865561191066,0.24861491159892485,-0.5750194558458643
103.72,2.16114001687392,0.2482655510589978,-0.5811582890450121
103.73,2.16362091228432,0.2479129965057318,-0.5878889286638158
103.74,2.16609826608165,0.24755722422317902,-0.593037570236247
103.75,2.16857204599181,0.24719821908909534,-0.598673641864857
103.76,2.17104221962706,0.24683596381764134,-0.6055489713290978
103.77,2.17350875435691,0.24647043489849735,-0.6115960090120364
103.78,2.17597161734433,0.2461016126386014,-0.6193069873196089
103.79,2.17843077554215,0.2457294694394115,-0.6260190222355649
103.8,2.18088619559235,0.2453539833214095,-0.6316727129290369
103.81,2.18333784400834,0.24497513811591415,-0.6390750719200702
103.82,2.18578568707528,0.2445929091456726,-0.6463363393490262
103.83,2.18822969083168,0.24420727232217593,-0.6535137775095285
103.84,2.19066982108159,0.2438182040550833,-0.6619164626081445
103.85,2.19310604338016,0.24342567520641384,-0.6690510287136618
103.86,2.19553832297651,0.24302966347340416,-0.6760544168918637
103.87,2.19796662496627,0.2426301476077549,-0.6845977973128576
103.88,2.20039091415366,0.24222709900099487,-0.6924848971135545
103.89,2.20281115508443,0.24182049221943558,-0.7010080225003705
103.9,2.20522731204167,0.2414102989178287,-0.7104241728126074
103.91,2.20763934900402,0.24099648698440168,-0.7182265259430518
103.92,2.21004722964024,0.24057903285894153,-0.7263798278531342
103.93,2.21245091743486,0.240157911710992,-0.7360507176771841
103.94,2.21485037554532,0.23973309154799266,-0.7448381682634352
103.95,2.21724556683934,0.2393045443864243,-0.7553598359687451
103.96,2.21963645389032,0.2388722342019108,-0.7658201094935475
103.97,2.22202299886849,0.23843612615075394,-0.7739954252007974
103.98,2.22440516367429,0.23799619722147947,-0.7837892152901147
103.99,2.22678290997301,0.23755241708331248,-0.794750781709621
104.0,2.2291561990599,0.23710474981234095,-0.8048331522353838
104.01,2.23152499190337,0.23665316361582978,-0.8166810291545558
104.02,2.23388924913969,0.23619761902659392,-0.8275664322579013
104.03,2.23624893097743,0.23573808191900136,-0.8375488399508839
104.04,2.23860399736919,0.2352745231184894,-0.8493838110863745
104.05,2.24095440790909,0.23480690515267355,-0.8611344979214756
104.06,2.24330012181875,0.23433519115882614,-0.8725449175436848
104.07,2.24564109795559,0.2338593456930956,-0.8871574227004868
104.08,2.24797729480213,0.23337931925049665,-0.8986546400387506
104.09,2.25030867029296,0.23289507795883163,-0.9093114767809609
104.1,2.25263518220765,0.232406592616341,-0.9238345423052381
104.11,2.25495678784469,0.2319138164767328,-0.9367323215410946
104.12,2.25727344410201,0.2314167101575134,-0.9503375280647154
104.13,2.25958510747063,0.23091523152741397,-0.965849145958082
104.14,2.26189173399627,0.2304093305889173,-0.9789421104008337
104.15,2.26419327921548,0.22989896951442676,-0.9921008618538653
104.16,2.26648969839014,0.22938411093680705,-1.0079568583681229
104.17,2.26878094627986,0.22886470563443137,-1.0226170995460395
104.18,2.27106697719889,0.22834070983000315,-1.038652967079065
104.19,2.27334774500935,0.22781207416425014,-1.0555441087475088
104.2,2.27562320304646,0.22727874649125884,-1.0702337235929684
104.21,2.27789330416071,0.22674068572449135,-1.085955011256232
104.22,2.28015800083082,0.2261978469342507,-1.1035608393123348
104.23,2.28241724499729,0.2256501772029333,-1.120179439367447
104.24,2.28467098810699,0.2250976281171546,-1.138999173913714
104.25,2.28691918110572,0.22454014239615683,-1.157269334315565
104.26,2.2891617743242,0.22397766644449332,-1.173835231998105
104.27,2.29139871764743,0.22341015537617656,-1.192598280818019
104.28,2.29362996046733,0.2228375554256738,-1.2120591441156672
104.29,2.29585545160562,0.22225981023692443,-1.230923468090696
104.3,2.29807513933864,0.22167686633699132,-1.2527895770089617
104.31,2.30028897138948,0.22108865834433722,-1.2725668046842689
104.32,2.30249689477777,0.2204951313888944,-1.2913517807561323
104.33,2.30469885611734,0.2198962360834722,-1.3135339211455173
104.34,2.30689480139485,0.21929190917518993,-1.3349824720559982
104.35,2.3090846759961,0.218682091024817,-1.3567452745909243
104.36,2.31126842470683,0.2180667213808348,-1.381051354724867
104.37,2.3134459916902,0.21744573038893583,-1.4030907104584627
104.38,2.31561732038195,0.21681905938651566,-1.4249636095583482
104.39,2.31778235375039,0.2161866516274369,-1.450024482563264
104.4,2.31994103406197,0.21554843773516907,-1.4740606946546135
104.41,2.32209330293507,0.21490435325367171,-1.4991289485762396
104.42,2.32423910133117,0.2142543305096482,-1.5255830759026328
104.43,2.32637836951355,0.21359829737258584,-1.5505617996214103
104.44,2.32851104702865,0.21293618941849263,-1.5761616411015884
104.45,2.3306370728302,0.21226794089300727,-1.603823840020577
104.46,2.33275638513415,0.2115934784726677,-1.631005675530335
104.47,2.33486892145039,0.21091273172257158,-1.6594095164285136
104.48,2.33697461857345,0.21022562651342724,-1.6883209241360873
104.49,2.33907341253789,0.2095320880814396,-1.7167167330525923
104.5,2.34116523865254,0.20883204528627058,-1.746206661236538
104.51,2.34325003151334,0.20812542383790156,-1.7767288399660772
104.52,2.3453277249427,0.20741214641265548,-1.807424482194792
104.53,2.34739825199862,0.20669213630024239,-1.8388616124724537
104.54,2.34946154496526,0.20596531527109868,-1.870808888431106
104.55,2.35151753533779,0.2052316044734363,-1.903250301016882
104.56,2.35356615382353,0.20449092452658654,-1.9364063869191974
104.57,2.35560733032797,0.20374319463623375,-1.9701508400802958
104.58,2.35764099394351,0.20298833306952035,-2.0047262560171144
104.59,2.35966707294128,0.20222625661698487,-2.0384804081140153
104.6,2.36168549476167,0.2014568868190551,-2.074363092383439
104.61,2.36369618607921,0.20068013799244094,-2.1115644260990973
104.62,2.36569907262866,0.19989592066543826,-2.1476631870570553
104.63,2.36769407931811,0.19910415141290255,-2.185201774141439
104.64,2.36968113019302,0.19830474298058176,-2.223483198300676
104.65,2.37166014842454,0.19749760743875688,-2.2591918950203143
104.66,2.37363105632243,0.19668266831448883,-2.2997988054240066
104.67,2.37559377546074,0.19585983080309122,-2.3419756527345523
104.68,2.37754822628488,0.19502899539901217,-2.380563323394197
104.69,2.37949432842777,0.19419007860580484,-2.4221985883515265
104.7,2.38143200061079,0.19334298750314968,-2.4634750676228845
104.71,2.38336116063532,0.19248763267761815,-2.5025821621939532
104.72,2.3852817254449,0.19162393450974,-2.5472053039051317
104.73,2.38719361117934,0.1907517928340837,-2.592720098575842
104.74,2.38909673282178,0.18987110543225993,-2.6351058789945756
104.75,2.39099100451027,0.18898178471974764,-2.6787480692673666
104.76,2.39287633944047,0.1880837411381564,-2.7217413640674564
104.77,2.39475264996249,0.18717688839892482,-2.769295151769926
104.78,2.39661984750296,0.18626112372484388,-2.8163802528359767
104.79,2.39847784240232,0.18533634758501524,-2.8623487674880024
104.8,2.40032654411213,0.1844024676895854,-2.906934390684033
104.81,2.40216586112565,0.18345939947308487,-2.9530594067143316
104.82,2.40399570116685,0.1825070530448114,-3.00416655190944
104.83,2.40581597090331,0.18154532034549606,-3.0524894413432966
104.84,2.40762657596803,0.18057410531277335,-3.1016448037999234
104.85,2.40942742109363,0.1795933127549702,-3.1448881510484026
104.86,2.41121841005188,0.1786028718401574,-3.194453299337194
104.87,2.41299944604351,0.17760268747877284,-3.249814282690984
104.88,2.41477043094625,0.17659264304201358,-3.297411139531298
104.89,2.41653126575114,0.17557265292490096,-3.3491827525284914
104.9,2.41828185054788,0.17454262115230712,-3.389819208505478
104.91,2.42002208450556,0.17350249471407658,-3.443198817532531
104.92,2.42175186644333,0.17245217106902264,-3.501815978818493
104.93,2.42347109354905,0.17139152794008278,-3.5472454180134827
104.94,2.42517966236752,0.17032049545990802,-3.5991720918853747
104.95,2.42687746854627,0.1692389850514157,-3.6397614387342068
104.96,2.4285644069659,0.1681469506010928,-3.6948781662907524
104.97,2.43024037212992,0.1670442891199146,-3.752921432514104
104.98,2.43190525696459,0.16593088624899574,-3.7983310126893577
104.99,2.4335589538414,0.16480667904950064,-3.8470267503122018
105.0,2.43520135430786,0.16367159768648407,-3.8874862105935577
105.01,2.43683234939014,0.1625256022738923,-3.94369926309344
105.02,2.43845182963213,0.16136859021683714,-3.9987797071844753
105.03,2.44005968416269,0.1602004627861679,-4.043652948368726
105.04,2.44165580166224,0.15902116517908887,-4.086160141809834
105.05,2.44324007009668,0.1578306566494196,-4.12643696333674
105.06,2.44481237728256,0.15662890226877021,-4.183143242813152
105.07,2.44637261032732,0.1554158002595063,-4.232245832381221
105.08,2.44792065523511,0.15419127794039644,-4.276128219196745
105.09,2.44945639768594,0.1529552897298318,-4.3089997908037505
105.1,2.45097972279867,0.1517078368487875,-4.3496443396391715
105.11,2.45249051606822,0.1504488854308243,-4.406059739850276
105.12,2.4539886618715,0.14917833558731147,-4.44544141360637
105.13,2.45547404401688,0.1478961550490136,-4.488129243120751
105.14,2.45694654611747,0.14660230771915694,-4.50829803464444
105.15,2.4584060514301,0.1452968493555029,-4.550202240632192
105.16,2.45985244425096,0.1439797416287377,-4.604993606133787
105.17,2.46128560716214,0.14265089008350662,-4.631413703234159
105.18,2.46270542297834,0.14131031787042078,-4.6698108001742895
105.19,2.46411177443912,0.13995800997684088,-4.681681897071361
105.2,2.46550454432235,0.1385940598254217,-4.721267434450314
105.21,2.466883616717,0.1372184386274326,-4.768912835536384
105.22,2.46824887402233,0.135831080120911,-4.786438262378183
105.23,2.46960019940367,0.13443204905499256,-4.815792222137663
105.24,2.4709374762012,0.13302136957026683,-4.827523279943451
105.25,2.47226058826136,0.1315991394596113,-4.8572652519677115
105.26,2.47356942053542,0.13016537448523602,-4.889953274677279
105.27,2.47486385734228,0.12872007567074445,-4.903389919197067
105.28,2.47614378391033,0.12726333412866148,-4.9173478327518145
105.29,2.47740908618015,0.12579524303798867,-4.9376085487318955
105.3,2.47865965114294,0.12431586364591111,-4.958701074802492
105.31,2.4798953660386,0.12282525349647985,-4.969972323926454
105.32,2.48111611914042,0.12132351922684581,-4.9786418525499805
105.33,2.48232179974041,0.11981078291175562,-4.992281201221396
105.34,2.4835122984502,0.11828714187806696,-5.006473507441734
105.35,2.48468750656743,0.11675269171142663,-5.012636329077823
105.36,2.48584731673121,0.11520757172149103,-5.013700661803363
105.37,2.48699162298312,0.11365195023059402,-5.02203779921194
105.38,2.48812032116914,0.11208595887290211,-5.031534860797661
105.39,2.4892333080432,0.11050972493558131,-5.031272213957723
105.4,2.4903304821471,0.10892343131759057,-5.027463719687084
105.41,2.49141174381453,0.10732728499848188,-5.030223255342838
105.42,2.49247699558167,0.10572145906027064,-5.034097258010445
105.43,2.49352614131994,0.10410612344226022,-5.029203884632308
105.44,2.49455908710315,0.10248150141159984,-5.023333774259958
105.45,2.4955757411733,0.10084782854150968,-5.020811435611545
105.46,2.49657601423916,0.09920532455939639,-5.018743718593516
105.47,2.49755981898304,0.09755421133400186,-5.011469720074271
105.48,2.49852707063394,0.09589474697492643,-5.0042381379253795
105.49,2.49947768697146,0.09422719691832097,-4.99789900898879
105.5,2.50041158850953,0.09255182674827353,-4.991516641067654
105.51,2.50132869835756,0.09086890903624578,-4.983005211283154
105.52,2.50222894251295,0.08917873678956356,-4.9748357141649855
105.53,2.50311224991447,0.08748160929317184,-4.966394578518276
105.54,2.50397855255006,0.08577783551017386,-4.957786945264973
105.55,2.50482778553926,0.08406773435014984,-4.948542464821841
105.56,2.50565988725005,0.08235163724833831,-4.941730075049151
105.57,2.50647479939237,0.08062986900350122,-4.932621602376328
105.58,2.50727246690514,0.07890278061491637,-4.922552968020172
105.59,2.50805283849956,0.07717074106208996,-4.9145470654965395
105.6,2.50881586643378,0.07543411487925442,-4.90966474680696
105.61,2.50956150669404,0.07369325392040382,-4.902932930945202
105.62,2.51028971867547,0.071948537013992,-4.893094158885386
105.63,2.51100046596263,0.07020038013018463,-4.886917318683533
105.64,2.51169371614082,0.06844918452552085,-4.8845743851068315
105.65,2.51236944080122,0.06669533166857589,-4.883157949674217
105.66,2.51302761524113,0.06493921089215648,-4.876093118193853
105.67,2.51366821896488,0.06318127427839364,-4.871876872911877
105.68,2.51429123614304,0.061421967348662676,-4.873343874226609
105.69,2.51489665510309,0.05966169954559527,-4.878956699292546
105.7,2.51548446826497,0.0579008602261714,-4.877174159018992
105.71,2.51605467199485,0.0561399247619776,-4.876022542382084
105.72,2.51660726804998,0.054379383768587974,-4.882756610388867
105.73,2.51714226241173,0.05261967093415458,-4.896595807858741
105.74,2.51765966554778,0.05086116861336236,-4.902125222774067
105.75,2.51815949146515,0.04910436492792843,-4.905793376322452
105.76,2.51864176024374,0.047349791262215245,-4.9199993497902
105.77,2.51910649618806,0.04559789458033296,-4.941781029673965
105.78,2.51955372837959,0.04384905863760169,-4.957249087242332
105.79,2.51998348920231,0.04210376588532627,-4.968611213483794
105.8,2.52039581732123,0.04036257289015503,-4.992079104212768
105.81,2.52079075581494,0.03862593218600201,-5.020470068820741
105.82,2.52116835253381,0.036894257204433956,-5.049142332887749
105.83,2.52152865904063,0.03516799444692742,-5.072703866486692
105.84,2.52187173226222,0.03344769043482539,-5.104100135247121
105.85,2.52219763430859,0.031733833473908866,-5.142826680673659
105.86,2.52250643182531,0.03002684558115846,-5.185391952556188
105.87,2.52279819552848,0.028327135830341632,-5.223247988999316
105.88,2.5230730005516,0.026635230320074903,-5.26563163038356
105.89,2.52333092781927,0.02495164255273593,-5.317184237149482
105.9,2.52357206251322,0.023276794187251003,-5.374999489315007
105.91,2.52379649411511,0.021611052862654155,-5.429006772204583
105.92,2.52400431561585,0.019954921773342647,-5.48585591865572
105.93,2.52419562629679,0.018308929110910643,-5.552822932047609
105.94,2.52437052935386,0.01667349411713278,-5.62719042649603
105.95,2.52452913252588,0.015048949023518018,-5.701207758119681
105.96,2.52467154615451,0.013435738990593324,-5.776207968661797
105.97,2.52479788681917,0.011834400265816244,-5.862568466659254
105.98,2.52490827502131,0.010245325122818876,-5.953872676341551
105.99,2.52500283542838,0.008668884010583819,-6.051151120814732
106.0,2.52508169601345,0.007105421394426603,-6.1509105241491495
106.01,2.52514498867502,0.005555408301312811,-6.258033768437279
106.02,2.5251928504271,0.004019281360138442,-6.373250043827889
106.03,2.52522542174142,0.0024973951500880296,-6.4949599743940585
106.04,2.52524284678143,0.0009900292727553033,-6.6227742628848505
106.05,2.52524527209165,-0.0005024117866440452,-6.758185834410607
106.06,2.52523284971621,-0.0019794852128514804,-6.902106401418193
106.07,2.52520573463406,-0.003440879289188607,-7.052884337627449
106.08,2.52516408534625,-0.00488631357190202,-7.212549508499309
106.09,2.52510806264667,-0.006315471031825837,-7.383033569382933
106.1,2.52503783144572,-0.00772796240642674,-7.5617999706460655
106.11,2.52495355995364,-0.009123481237512573,-7.749591227048163
106.12,2.52485541929078,-0.010501755151733535,-7.945666760198147
106.13,2.52474358315565,-0.011862546742302804,-8.156973024705195
106.14,2.52461822768001,-0.013205539802911097,-8.38023229476827
106.15,2.52447953267656,-0.014530428156844799,-8.612586095536866
106.16,2.52432768023441,-0.015836974385570933,-8.852802670493865
106.17,2.52416285496967,-0.017124994105784573,-9.112391942592774
106.18,2.52398524295116,-0.018394236934153135,-9.389804926873115
106.19,2.52379503370325,-0.0196444266397496,-9.67374394074621
106.2,2.52359241853515,-0.020875379319499714,-9.973191597353065
106.21,2.52337759083836,-0.022086914808335432,-10.288035571010687
106.22,2.52315074555038,-0.023278860086672903,-10.62568761518083
106.23,2.52291207960209,-0.024451011359005737,-10.977534148913445
106.24,2.52266179185539,-0.025603198558850813,-11.344826145436317
106.25,2.52240008264152,-0.026735279860012895,-11.728538311924181
106.26,2.52212715369288,-0.02784713227241461,-12.137328227366924
106.27,2.52184320788521,-0.028938616724064985,-12.567973427920231
106.28,2.5215484496776,-0.030009600660478124,-13.014151708854074
106.29,2.52124308452617,-0.031059986719528254,-13.483136146319609
106.3,2.52092731889982,-0.03208968465309159,-13.976015755045117
106.31,2.52060136006931,-0.03309861038174322,-14.493886592737812
106.32,2.52026541618109,-0.034086686675505184,-15.032824277057241
106.33,2.51991969602214,-0.035053856091982194,-15.599546348660716
106.34,2.51956440892352,-0.03600006452109857,-16.192946637453147
106.35,2.51919976473979,-0.0369252672053344,-16.80703916811197
106.36,2.51882597366482,-0.0378294427188397,-17.448515122517698
106.37,2.51844324601718,-0.03871257794331544,-18.117629905369242
106.38,2.5180517922689,-0.039574665734657774,-18.832226896612934
106.39,2.51765182292563,-0.0404156802209769,-19.553157220400674
106.4,2.51724354882058,-0.04123564422435037,-20.290561780445813
106.41,2.51682718005714,-0.04203460610725148,-21.077215559205705
106.42,2.5164029266279,-0.04281258852276334,-21.893287904558015
106.43,2.51597099811706,-0.04356962013175962,-22.74066494797891
106.44,2.51553160392267,-0.0443057370238457,-23.586968623620194
106.45,2.51508495283111,-0.045021017278586616,-24.46384933185149
106.46,2.51463125278316,-0.04571553798891441,-25.394751799840087
106.47,2.51417071107441,-0.04638935327199908,-26.321497675305707
106.48,2.51370353442774,-0.04704255269802523,-27.253684519066486
106.49,2.51322992838039,-0.04767524588341251,-28.2306180830836
106.5,2.51275009755476,-0.048287524608917984,-29.22523612802299
106.51,2.51226424559658,-0.04887948689432653,-30.205039152635297
106.52,2.51177257511033,-0.04945125945983546,-31.177347391824572
106.53,2.51127528725227,-0.05000298296300073,-32.223998839751374
106.54,2.51077258193546,-0.05053475684483333,-33.231817678372295
106.55,2.51026465815318,-0.051046714548737736,-34.183027576083106
106.56,2.50975171313899,-0.05153902666699128,-35.16988257629983
106.57,2.50923394262636,-0.05201183911358228,-36.1925008695701
106.58,2.50871154092094,-0.05246527653911167,-37.12220232943871
106.59,2.50818470110241,-0.05289950914732315,-37.99049995994396
106.6,2.50765361413208,-0.05331472763274725,-38.91297622133349
106.61,2.50711846941316,-0.05371108484501323,-39.76573338219779
106.62,2.50657945472287,-0.05408875278276234,-40.538306859017204
106.63,2.50603675601013,-0.054447924527252965,-41.25478054463445
106.64,2.50549055724177,-0.05478879679609768,-42.006215633707576
106.65,2.50494104050763,-0.0551115345428288,-42.6164884629684
106.66,2.5043883863184,-0.055416339159412395,-43.10276579328626
106.67,2.50383277276831,-0.05570343584824222,-43.640063620555594
106.68,2.50327437602634,-0.05597300644684111,-44.16002581611049
106.69,2.50271337047294,-0.056225218947081324,-44.43278597742364
106.7,2.50214992872906,-0.05646030572590277,-44.59964828856099
106.71,2.50158422066372,-0.05667850894666519,-44.8904402722361
106.72,2.50101641423969,-0.056880004719069475,-45.099373641930754
106.73,2.50044667563158,-0.05706497413676681,-45.04918949919612
106.74,2.49987516903823,-0.05723365921043907,-44.93925702912715
106.75,2.49930205594845,-0.05738629830542852,-44.88003077580288
106.76,2.4987274958799,-0.05752309278275192,-44.676158913066686
106.77,2.49815164616159,-0.057644265670664385,-44.394244981453156
106.78,2.49757466187728,-0.05775004499033824,-44.05684302104466
106.79,2.49699669580797,-0.05784065811398342,-43.598929716482296
106.8,2.49641789844978,-0.05791635055375499,-43.077076969033236
106.81,2.49583841771527,-0.05797736985147332,-42.585600744122786
106.82,2.49525839920213,-0.05802394251517666,-41.87093183974487
106.83,2.49467798620895,-0.05805633250910806,-41.74573435215291
106.84,2.49409731950104,-0.05807462864467021,-41.35093525181407
106.85,2.49351654000764,-0.05807898938008742,-40.21015975276943
106.86,2.49293578502901,-0.058069772245672446,-39.698357946814205
106.87,2.49235518915832,-0.0580471662959899,-38.75249425009592
106.88,2.49177488537596,-0.05801146429689948,-37.93559123964892
106.89,2.49119500273876,-0.057962915610665355,-37.51282552307881
106.9,2.49061566938816,-0.05790165614652325,-36.601477797021495
106.91,2.4900370111292,-0.05782794819575073,-35.92603888130517
106.92,2.48945915123706,-0.05774199337364265,-35.15081655682573
106.93,2.48888221131345,-0.057644019091303754,-34.2570884699274
106.94,2.488306310067,-0.05753428670226546,-33.48028418974153
106.95,2.48773156405968,-0.057413019725346036,-32.99664943309605
106.96,2.48715808761117,-0.057280358127405805,-32.14986565819874
106.97,2.48658599403385,-0.057136550128326455,-31.169954921477995
106.98,2.48601539283565,-0.05698188727648231,-30.6011554034131
106.99,2.48544639187092,-0.05681654501450788,-29.761611699758628
107.0,2.48487909678091,-0.05664076623892826,-29.488282794579384
107.01,2.48431361099767,-0.056454633177982494,-28.708943804242985
107.02,2.48375003779832,-0.05625838580356479,-27.687248812171553
107.03,2.48318847599156,-0.05605234607643691,-27.270608896240006
107.04,2.48262902302846,-0.055836655152582036,-26.61297356772729
107.05,2.48207177436796,-0.055611522000886815,-26.046730132222194
107.06,2.48151682342783,-0.055377135387431796,-25.45041256097425
107.07,2.48096426182663,-0.05513369776324699,-24.83882085697221
107.08,2.48041417894431,-0.05488142105115242,-24.304496111029955
107.09,2.47986666223139,-0.054620496458701595,-23.76346996438576
107.1,2.47932179719205,-0.05435111992499649,-23.265532392320846
107.11,2.47877966738359,-0.054073477566822056,-22.76421900851772
107.12,2.47824035455291,-0.05378776098525033,-22.26032274058697
107.13,2.47770393842629,-0.05349416705624129,-21.80290748884165
107.14,2.47717049685188,-0.05319288130550456,-21.328648296641894
107.15,2.4766401058221,-0.05288409539724315,-21.022356271970423
107.16,2.47611283947605,-0.05256794535644464,-20.62792974558209
107.17,2.47558877086732,-0.05224460366675121,-20.11059591198022
107.18,2.47506797065641,-0.051914292623989056,-19.76945493136002
107.19,2.47455050770499,-0.051577175386578286,-19.420986534607923
107.2,2.47403644929229,-0.051233416620673676,-19.115487597386615
107.21,2.47352586100075,-0.05088316835033524,-18.80124196816821
107.22,2.47301880701697,-0.05052659023517074,-18.44342903435913
107.23,2.47251534970447,-0.05016386219790503,-18.152168337609304
107.24,2.47201554975027,-0.04979514199948687,-17.88735550533805
107.25,2.4715194663309,-0.04942057972382452,-17.580820686370153
107.26,2.47102715706835,-0.04904034498683559,-17.304383160403606
107.27,2.47053867781597,-0.04865459797119461,-17.09607892606812
107.28,2.47005408302925,-0.04826347353514467,-16.859987703476104
107.29,2.46957342577464,-0.04786711972866916,-16.62023064266608
107.3,2.46909675756193,-0.04746568927623818,-16.416797523477236
107.31,2.46862412844485,-0.04705932236385528,-16.220488855099713
107.32,2.46815558710408,-0.04664815819406994,-16.019110609242745
107.33,2.4676911807955,-0.046232340433486716,-15.83696678052233
107.34,2.46723095535042,-0.045812006924605964,-15.664632274451874
107.35,2.46677495526759,-0.045387292208728024,-15.52823709371196
107.36,2.46632322371175,-0.04495831623575105,-15.407365626280718
107.37,2.46587580275119,-0.0445251947555773,-15.232231670391318
107.38,2.46543273316751,-0.04408806956224624,-15.091588919762849
107.39,2.46499405428434,-0.04364706931041888,-14.994969571317235
107.4,2.46455980432442,-0.0432023043460202,-14.864865898881893
107.41,2.46413002032372,-0.04275390154063752,-14.735352357816133
107.42,2.46370473800407,-0.04230198891660801,-14.665996029300091
107.43,2.46328399190642,-0.04184666777775996,-14.590281238999843
107.44,2.46286781565601,-0.041388043009075545,-14.497838620092493
107.45,2.46245624167257,-0.040926229709836726,-14.40682306149805
107.46,2.46204930129436,-0.04046134579315982,-14.29031375698296
107.47,2.4616470245784,-0.039993520806691496,-14.26835580715695
107.48,2.46124944039783,-0.039522839760175454,-14.239323432007254
107.49,2.46085657699713,-0.03904939142331809,-14.156722977850254
107.5,2.46046846141542,-0.038573291733645654,-14.122995163867788
107.51,2.46008511968992,-0.03809463483711214,-14.10503167825672
107.52,2.45970657694819,-0.037613507484242824,-14.060963274407447
107.53,2.45933285743974,-0.037130010666412236,-14.025072685992829
107.54,2.45896398431209,-0.03664424250325131,-14.018828848126418
107.55,2.45859997988109,-0.03615628694871864,-14.007268395320374
107.56,2.45824086557938,-0.035666230381673866,-14.01357125221444
107.57,2.45788666201191,-0.03517415151943112,-14.0074757701716
107.58,2.45753738900445,-0.03468013631389526,-14.006356064091648
107.59,2.45719306546398,-0.03418426888507353,-14.030020858507859
107.6,2.45685370955361,-0.03368662165393148,-14.039639030179913
107.61,2.4565193386714,-0.03318727798149457,-13.968628166530886
107.62,2.45618996926228,-0.03268636316523521,-14.041673750924533
107.63,2.45586561649112,-0.03218392500742295,-14.13375622581816
107.64,2.4555462956912,-0.03168000078217863,-14.109591741265003
107.65,2.45523202110365,-0.03117469094024624,-14.159134021575758
107.66,2.45492280625638,-0.030668062455563305,-14.138992735610946
107.67,2.45461866392539,-0.030160218380781423,-14.203447191611989
107.68,2.45431960575979,-0.02965121486532274,-14.293671357247218
107.69,2.45402564333662,-0.029141093898998882,-14.308637706783182
107.7,2.45373678733006,-0.02862994061643883,-14.341735150144915
107.71,2.45345304775543,-0.028117827964672475,-14.53071811113991
107.72,2.45317443398424,-0.027604739963260627,-14.559332810666724
107.73,2.45290095592582,-0.02709075642121824,-14.524937639470696
107.74,2.45263262148877,-0.026575995385998606,-14.675950465629738
107.75,2.45236943856222,-0.026060467168509405,-14.77118988850341
107.76,2.45211141452176,-0.025544215161151428,-14.716887436220714
107.77,2.45185855624996,-0.025027376837557146,-14.804404037137264
107.78,2.45161086881003,-0.024510000291485166,-15.012488057704847
107.79,2.45136835808889,-0.0239920579890159,-15.041296681872408
107.8,2.45113102926818,-0.023473632056070226,-15.116015634135886
107.81,2.45089888687384,-0.02295478188358476,-15.231603477705201
107.82,2.45067193493636,-0.02243553885175794,-15.332410862165617
107.83,2.45045017726036,-0.02191594439968266,-15.40428186530293
107.84,2.45023361702255,-0.021396059966094505,-15.507030096989892
107.85,2.45002225689132,-0.02087592729024627,-15.61868645775493
107.86,2.44981609917997,-0.020355581844762792,-15.708694799486151
107.87,2.44961514579455,-0.019835074791466994,-15.802211884728793
107.88,2.44941939806976,-0.019314454953323068,-15.928337626552057
107.89,2.44922885698462,-0.01879374754525746,-16.04185800119291
107.9,2.44904352329493,-0.018272986201147333,-16.14875070623193
107.91,2.44886339730134,-0.017752211020664415,-16.24590504669795
107.92,2.44868847894766,-0.017231472423743604,-16.319074590721986
107.93,2.44851876752894,-0.016710838148488914,-16.466378159272555
107.94,2.44835426180658,-0.0161903166971659,-16.602643440098827
107.95,2.44819496075052,-0.015669923973667586,-16.690298993185223
107.96,2.44804086272396,-0.015149715452844603,-16.813217946675664
107.97,2.44789196574482,-0.014629718142019263,-16.956104373939155
107.98,2.44774826761532,-0.014109940120658287,-17.056925522445344
107.99,2.44760976605844,-0.013590427107923464,-17.157035780596004
108.0,2.4474764580474,-0.013071225780344106,-17.292774017113256
108.01,2.44734834045441,-0.01255234961931769,-17.406855239481192
108.02,2.44722540987672,-0.012033828748984437,-17.53815870851164
108.03,2.44710766264732,-0.01151567599740888,-17.655756002852936
108.04,2.44699509504056,-0.010997917108261184,-17.76411551317674
108.05,2.44688770288482,-0.01048058643375871,-17.88787772234431
108.06,2.44678548182971,-0.009963700251728696,-18.010047862366164
108.07,2.44668842733257,-0.009447274460587057,-18.109880205920266
108.08,2.44659653465277,-0.008931353542522096,-18.194716989737785
108.09,2.44650979840457,-0.008415999723765388,-18.3388605563848
108.1,2.44642821283081,-0.007901192532833168,-18.46599520861177
108.11,2.44635177272374,-0.007386928121574007,-18.555488893736882
108.12,2.44628047231007,-0.006873254186838078,-18.668075822256316
108.13,2.44621430561324,-0.0063601858779997284,-18.762242342546
108.14,2.44615326644923,-0.0058477639549211115,-18.86975838099788
108.15,2.44609734814238,-0.005336000847570392,-18.979520743561334
108.16,2.44604654421778,-0.004824898868316385,-19.071911304988486
108.17,2.44600084786335,-0.004314488695740989,-19.16750532903972
108.18,2.44596025208119,-0.003804790638839428,-19.268154523161538
108.19,2.44592474969315,-0.003295798717754354,-19.3619954086716
108.2,2.44589433373284,-0.0027875140438486197,-19.440623803447217
108.21,2.44586899692268,-0.0022799791200049198,-19.52429345433163
108.22,2.44584873160269,-0.0017732107542411946,-19.607251593878747
108.23,2.44583353014635,-0.0012672086998140784,-19.68286771242209
108.24,2.44582338481271,-0.0007619877775681221,-19.75374005262991
108.25,2.44581828764682,-0.000257596699900405,-19.8241446412436
108.26,2.44581823013976,0.0002459713038989916,-19.889324380880936
108.27,2.44582320436674,0.0007487332323400746,-19.94955392813701
108.28,2.4458332020156,0.0012506561479441736,-20.004790629701017
108.29,2.44584821466566,0.0017517344823321976,-20.060215279492468
108.3,2.44586823379337,0.0022519368686320838,-20.10872973124334
108.31,2.44589325045102,0.0027512508939286917,-20.14731021468385
108.32,2.44592325587424,0.003249686702166965,-20.18686143005011
108.33,2.44595824120535,0.003747228645674857,-20.22163821733047
108.34,2.44599819742375,0.004243862646417333,-20.249493850841194
108.35,2.44604311540962,0.004739581582994627,-20.270100046609958
108.36,2.44609298599083,0.005234382366825496,-20.290727357213534
108.37,2.44614779995203,0.005728251539571794,-20.30603862482416
108.38,2.44620754787901,0.006221176887181527,-20.31173800533172
108.39,2.44627222033031,0.0067131547483316,-20.315384141054988
108.4,2.44634180779061,0.0072041768905739545,-20.309546560305506
108.41,2.44641630067503,0.007694241126269634,-20.297601188440147
108.42,2.4464956894099,0.008183345561422566,-20.288157290394356
108.43,2.44657996434948,0.008671478387915304,-20.269680284220637
108.44,2.44666911571884,0.009158632835174856,-20.241600947163203
108.45,2.44676313374,0.009644807705185462,-20.206600245810744
108.46,2.44686200859384,0.010130001501177748,-20.190692227268823
108.47,2.44696573042486,0.010614189527221226,-20.153763630015607
108.48,2.44707428901758,0.011097364357230226,-20.084008490138867
108.49,2.44718767438665,0.011579544486439719,-20.037152108948117
108.5,2.44730587656529,0.012060722448818211,-19.98622030488094
108.51,2.44742888546817,0.012540889443675892,-19.913355756365984
108.52,2.44755669097588,0.01302004771249754,-19.897063311682444
108.53,2.44768928293813,0.013498155019908697,-19.815756480489032
108.54,2.44782665059947,0.013975216223760523,-19.69644702082558
108.55,2.4479687838545,0.014451261062427742,-19.64529691616476
108.56,2.44811567235999,0.014926266062753601,-19.561613695319053
108.57,2.4482673056948,0.01540022578040053,-19.483814996701526
108.58,2.44842367339434,0.015873134053738063,-19.291339650768652
108.59,2.44858476503565,0.016345050779679553,-19.23239718362369
108.6,2.44875057100034,0.01681594743933775,-19.204483622885416
108.61,2.44892108044924,0.017285773309931123,-19.029564676333347
108.62,2.44909628301034,0.017754566119321247,-18.9184173163338
108.63,2.44927616831846,0.018222325112996856,-18.808719540126674
108.64,2.44946072601978,0.018689040815415375,-18.785011343414993
108.65,2.4496499455112,0.019154658703975556,-18.59706326954442
108.66,2.44984381565441,0.019619214088502833,-18.40040576712345
108.67,2.45004232635102,0.020082745683909962,-18.33720287107858
108.68,2.45024546704772,0.020545217499653066,-18.197819332408248
108.69,2.45045322717561,0.021006630338941495,-18.04751825201879
108.7,2.45066559615117,0.021466991820340287,-17.88180055617811
108.71,2.45088256353795,0.02192631436849224,-17.76813881713355
108.72,2.451104118928,0.022384582934072604,-17.636025046404725
108.73,2.45133025166603,0.022841790195008798,-17.468082996232123
108.74,2.45156095122372,0.02329794597969078,-17.312247322923987
108.75,2.45179620708031,0.02375305243675907,-17.193974064869632
108.76,2.45203600872468,0.024207092969663613,-17.051118898214128
108.77,2.4522803453813,0.024660062737513755,-16.848982145103
108.78,2.45252920647528,0.025111983741340126,-16.694064766746695
108.79,2.45278258155661,0.02556285587840638,-16.5490173629123
108.8,2.4530404600782,0.02601267274942402,-16.384959172451854
108.81,2.45330283149925,0.026461435816912036,-16.224944477547528
108.82,2.45356968528647,0.026909145403138567,-16.039370879275218
108.83,2.45384101092474,0.02735581179799107,-15.883635370007443
108.84,2.45411679803374,0.027801431962489374,-15.73372566337063
108.85,2.45439703606165,0.028245999843516206,-15.551462024675839
108.86,2.45468171454625,0.028689522997656557,-15.385090241463335
108.87,2.4549708230436,0.029132002725014892,-15.209759253750352
108.88,2.45526435112962,0.029573442686100147,-15.063582312229853
108.89,2.45556228840161,0.030013833875582506,-14.924265465168897
108.9,2.455864624288,0.030453165635901946,-14.711202221461242
108.91,2.45617134824557,0.030891458028818135,-14.527445470042425
108.92,2.45648245000499,0.03132871949799536,-14.383551562309963
108.93,2.45679791917407,0.03176494137032693,-14.209955182212388
108.94,2.45711774537624,0.03220012638408173,-14.04927936102338
108.95,2.45744191825113,0.03263427414383162,-13.839068614566774
108.96,2.45777042745538,0.0330674033445814,-13.682183451326466
108.97,2.45810326290993,0.03349951134125062,-13.549816216504379
108.98,2.45844041424529,0.033930585484639085,-13.35744229226153
108.99,2.45878187120946,0.034360637315822284,-13.190511867999279
109.0,2.45912762359346,0.03478966980909881,-13.018283008417702
109.01,2.45947766121739,0.035217687195236255,-12.866186887244087
109.02,2.45983197393164,0.035644684576841,-12.765257457440159
109.03,2.46019055145147,0.03607063910657793,-12.54729789548365
109.04,2.46055338331688,0.036495574888158654,-12.342263178223218
109.05,2.46092045960652,0.03691951219140973,-12.228523187389428
109.06,2.46129177018546,0.03734243498656846,-12.060959591240765
109.07,2.46166730493714,0.03776434704766407,-11.916554127631596
109.08,2.46204705376345,0.038185246761338984,-11.692439424452141
109.09,2.46243100658472,0.03860516342059454,-11.533378950110636
109.1,2.46281915375474,0.03902410051483951,-11.448611848263653
109.11,2.46321148525699,0.039442032022315075,-11.27086952708903
109.12,2.46360799107983,0.039858968654164315,-11.103102218416494
109.13,2.46400866134276,0.040274919865168624,-10.949203334746509
109.14,2.4644134862024,0.040689889701010326,-10.793541722987205
109.15,2.46482245585373,0.041103879672347673,-10.771089839855794
109.16,2.46523556040347,0.04151684250472595,-10.550884902221592
109.17,2.46565278939064,0.04192880996725472,-10.310047609255415
109.18,2.46607413339711,0.042339824265587765,-10.254353497879032
109.19,2.46649958260678,0.04274985435773759,-10.099585065423712
109.2,2.46692912722072,0.04315890539567935,-9.973539614873893
109.21,2.46736275745659,0.04356697577474848,-9.780554200795592
109.22,2.46780046354811,0.043974091228334476,-9.610230396768854
109.23,2.46824223613293,0.04438026770193042,-9.553398375622162
109.24,2.46868806568404,0.044785475507395464,-9.423974558598843
109.25,2.4691379424198,0.045189713912504224,-9.25705183128609
109.26,2.46959185678218,0.04559299984558581,-9.130802127720251
109.27,2.47004979924855,0.045995335315966265,-8.98957114021305
109.28,2.47051176033257,0.04639672658968512,-8.912635000574339
109.29,2.470977730585,0.046797155760077334,-8.765477266652166
109.3,2.47144770028302,0.04719663424784064,-8.59684453864553
109.31,2.47192166016094,0.047595183619172,-8.506393116242814
109.32,2.47239960083035,0.04799279419089494,-8.380223059741263
109.33,2.47288151292934,0.048389470095474195,-8.2582539156555
109.34,2.47336738712731,0.04878521507058291,-8.145851773692367
109.35,2.47385721412516,0.04918002894843306,-8.051421678300688
109.36,2.47435098458844,0.04957390536708036,-7.916749529062229
109.37,2.47484868914457,0.049966855592775694,-7.7893735611732975
109.38,2.47535031863854,0.05035888888959746,-7.694530398068265
109.39,2.47585586385483,0.050750001208410556,-7.582185469404797
109.4,2.47636531560377,0.05114019584941214,-7.477908057785496
109.41,2.4768786647214,0.051529474379249006,-7.354124661849006
109.42,2.47739590206917,0.051917847136614036,-7.247633731607754
109.43,2.47791701865252,0.05230531750749131,-7.1631498501229
109.44,2.47844200539634,0.05269187981074008,-7.055825225335256
109.45,2.47897085323786,0.05307753870658072,-6.950850836202834
109.46,2.4795035531746,0.053462299094934426,-6.8521416937490915
109.47,2.48004009623381,0.05384616374422373,-6.753323377520689
109.48,2.48058047347255,0.054229135720422025,-6.665321788136358
109.49,2.48112467597215,0.054611214201435075,-6.5659909323023316
109.5,2.48167269479487,0.05499240402559262,-6.465867046207047
109.51,2.4822245211082,0.055372711149663065,-6.379487864172266
109.52,2.48278014607788,0.05575213602565891,-6.287976992458042
109.53,2.48333956089827,0.0561306817685255,-6.197803450830344
109.54,2.48390275679235,0.05650835153724332,-6.113936663760905
109.55,2.48446972501174,0.05688514612207651,-6.0326299286215095
109.56,2.48504045680117,0.0572610659337632,-5.9402969106020285
109.57,2.48561494343418,0.057636117111947716,-5.854265254665488
109.58,2.48619317625982,0.058010303624977944,-5.776231097730565
109.59,2.48677514662751,0.05838362617379689,-5.694488176390722
109.6,2.48736084591281,0.05875608757917039,-5.616771597443064
109.61,2.48795026551724,0.05912768984219774,-5.528374955221511
109.62,2.48854339686816,0.05949844035584295,-5.453297128985654
109.63,2.48914023148925,0.059868340752903634,-5.38624970389535
109.64,2.48974076084619,0.06023738926834351,-5.306076973700611
109.65,2.49034497645113,0.06060559089466899,-5.231995455095613
109.66,2.490952869851,0.06097294865567242,-5.158616357638902
109.67,2.49156443262037,0.06133946554746454,-5.088651232878165
109.68,2.49217965636143,0.06170514293550866,-5.03448964654403
109.69,2.49279853266887,0.06206997554977593,-4.952324897552905
109.7,2.49342105308674,0.062433972467675534,-4.872545767248394
109.71,2.49404720935688,0.06279714242532301,-4.81808300062998
109.72,2.49467699316939,0.06315948199024923,-4.750314084835003
109.73,2.49531039623903,0.06352099426117919,-4.685706304540346
109.74,2.49594741030511,0.06388168168383428,-4.6223827569169424
109.75,2.4965880271313,0.06424154657281486,-4.5585926614909935
109.76,2.49723223850549,0.0646005920700965,-4.493906416621618
109.77,2.49788003625333,0.06495882215667623,-4.436655492379006
109.78,2.49853141223294,0.06531623746498516,-4.37885967485885
109.79,2.4991863582921,0.0656728393264916,-4.317541029807357
109.8,2.49984486631985,0.06602863144565449,-4.26011846430401
109.81,2.50050692822943,0.0663836160918289,-4.203212627986803
109.82,2.5011725359581,0.06673779566365538,-4.14637375745092
109.83,2.50184168146708,0.06709117284897648,-4.094888308529153
109.84,2.50251435674141,0.06744374787592453,-4.044443017615242
109.85,2.50319055375403,0.06779552105694217,-3.9844571905610393
109.86,2.50387026450859,0.06814649834757658,-3.930444941243608
109.87,2.50455348107769,0.06849668304399112,-3.882568586983687
109.88,2.50524019552898,0.06884607537241591,-3.8312587857413085
109.89,2.50593039995187,0.06919467772383836,-3.7814466394661794
109.9,2.50662408645734,0.06954249224341291,-3.73218598419896
109.91,2.50732124717771,0.06988952113669752,-3.6849546784770753
109.92,2.50802187426649,0.0702357659031742,-3.637837356698651
109.93,2.50872595988867,0.07058122842104794,-3.5897253627288617
109.94,2.50943349623664,0.07092591155449801,-3.5438641550063275
109.95,2.51014447552838,0.07126981732160273,-3.4991736285802073
109.96,2.51085888999763,0.07161294742373445,-3.454609040710293
109.97,2.511576731898,0.07195530387324642,-3.4108566986992606
109.98,2.51229799350275,0.07229688862261756,-3.367941474861065
109.99,2.51302266710455,0.0726377035521549,-3.324872264250323
110.0,2.51375074501532,0.07297775099857444,-3.283217548144085
110.01,2.5144822195723,0.07331703283626571,-3.242969157099329
110.02,2.51521708312492,0.0736555504704121,-3.202329754384094
110.03,2.515955328041,0.07399330589280921,-3.1624507145452903
110.04,2.51669694670847,0.07433030103974522,-3.123373268907409
110.05,2.51744193153356,0.07466653771976603,-3.084909427437002
110.06,2.51819027494063,0.07500201773302426,-3.046482635604587
110.07,2.51894196937191,0.07533674307699986,-3.0121579801185505
110.08,2.51969700728731,0.07567071368341782,-2.97462953160492
110.09,2.52045538113776,0.07600393179948428,-2.935788361309034
110.1,2.52121708342542,0.07633640086722368,-2.90195401629458
110.11,2.52198210666085,0.0766681215945068,-2.867103021942576
110.12,2.52275044336796,0.07699909549608124,-2.8326946401412347
110.13,2.52352208608674,0.07732932419225458,-2.7988873295143772
110.14,2.52429702737301,0.07765880925394061,-2.7655092526382536
110.15,2.52507525979818,0.07798755226842517,-2.733288588621916
110.16,2.52585677594901,0.07831555441700777,-2.7008016350042796
110.17,2.52664156842253,0.07864281735642983,-2.6686341880781597
110.18,2.52742962983777,0.07896934284949975,-2.637777479536709
110.19,2.52822095282549,0.07929513211391756,-2.60698239317802
110.2,2.52901553003075,0.07962018659290286,-2.5767304044912005
110.21,2.5298133541127,0.07994450768149901,-2.546950324559294
110.22,2.5306144177443,0.08026809674973232,-2.517634814343623
110.23,2.53141871361211,0.0805909551448325,-2.488749740115941
110.24,2.53222623441606,0.08091308420637248,-2.46035697859982
110.25,2.5330369728694,0.08123448522101193,-2.432405013461273
110.26,2.53385092169786,0.08155515945097447,-2.404852880304586
110.27,2.53466807363999,0.08187510815735877,-2.377749543031089
110.28,2.53548842144666,0.08219433256333084,-2.3510568276421364
110.29,2.53631195788092,0.08251283387274988,-2.3248005310957307
110.3,2.5371386757177,0.08283061326166039,-2.2985130361384494
110.31,2.53796856774358,0.08314767207113771,-2.2752762296101823
110.32,2.53880162675654,0.08346400985750346,-2.2494519112163793
110.33,2.5396378455431,0.08377962824226057,-2.2227108427421305
110.34,2.54047721693096,0.08409452977725662,-2.1997542798326255
110.35,2.54131973374987,0.08440871461516583,-2.175845582260733
110.36,2.54216538883743,0.08472218368961171,-2.152280774556285
110.37,2.54301417504104,0.08503493798191301,-2.1291164276600694
110.38,2.54386608521757,0.08534697842914978,-2.106121130597401
110.39,2.54472111223316,0.08565830602708843,-2.0845318046842434
110.4,2.54557924896289,0.08596892099097901,-2.062573782197444
110.41,2.54644048828035,0.08627882405476037,-2.039664771529249
110.42,2.54730482307617,0.08658801688598747,-2.018400133796911
110.43,2.54817224625283,0.08689650018223935,-1.9976392295848049
110.44,2.54904275071641,0.08720427442799143,-1.9767879875667573
110.45,2.5499163293804,0.08751134038168148,-1.9563298601333359
110.46,2.55079297516537,0.08781769873789833,-1.9361363358237995
110.47,2.55167268099871,0.08812335018556125,-1.9164566207464462
110.48,2.55255543981434,0.08842829521893414,-1.897191656416999
110.49,2.55344124454989,0.08873253423633543,-1.8775575107222524
110.5,2.55433008814854,0.08903606811909345,-1.858449537363295
110.51,2.55522196356395,0.0893388975507022,-1.840039412762704
110.52,2.55611686375253,0.08964102285859607,-1.821615831457949
110.53,2.55701478167573,0.0899424445538255,-1.8035186525378823
110.54,2.55791571029975,0.09024316309666307,-1.785649907573039
110.55,2.55881964259525,0.09054317894532371,-1.768123066435396
110.56,2.55972657153709,0.090842492412165,-1.7519944111387604
110.57,2.56063649010101,0.09114110294872561,-1.734118183999996
110.58,2.56154939125637,0.09143901157323923,-1.7164783850772352
110.59,2.56246526799564,0.09173621931917916,-1.7008551515520252
110.6,2.56338411330534,0.09203272577326486,-1.6844542246788423
110.61,2.56430592017447,0.0923285312419142,-1.6684499082305997
110.62,2.56523068159422,0.09262363592792053,-1.652692965955293
110.63,2.56615839055765,0.09291804000560364,-1.636824563165457
110.64,2.56708904005943,0.09321174379625467,-1.623358184808761
110.65,2.56802262309548,0.09350474590158106,-1.607455533344762
110.66,2.56895913264131,0.09379704709091922,-1.591087642623409
110.67,2.5698985617045,0.09408864871310504,-1.5777464006226942
110.68,2.57084090328068,0.09437954977313812,-1.5632014031387798
110.69,2.57178615036487,0.0946697503074893,-1.5490470175632256
110.7,2.57273429595149,0.09495925024501548,-1.5351122049135966
110.71,2.57368533303408,0.09524804948101151,-1.5211339261900587
110.72,2.57463925460496,0.09553614801449303,-1.5088635091229945
110.73,2.57559605365491,0.09582354456898849,-1.4954671873252796
110.74,2.57655572315639,0.09611023900332194,-1.4809515318249258
110.75,2.57751825609724,0.0963962323066836,-1.4685288610840463
110.76,2.5784836454632,0.09668152382485604,-1.4560812221851556
110.77,2.57945188423259,0.0969661129692545,-1.4435111585998899
110.78,2.58042296538021,0.09724999940664558,-1.4311993360759496
110.79,2.58139688187701,0.09753318273567994,-1.4188773184135457
110.8,2.58237362668976,0.09781566263300512,-1.4077672464466722
110.81,2.58335319278071,0.09809743781142115,-1.3967275864017958
110.82,2.58433557309385,0.0983785071154338,-1.3836580646420142
110.83,2.58532076057236,0.09865887134683875,-1.3719910612709876
110.84,2.58630874816911,0.09893853021176735,-1.3615411706039255
110.85,2.58729952882117,0.09921748237592769,-1.3503647037125093
110.86,2.58829309545892,0.09949572723358946,-1.3395029100811842
110.87,2.58928944100573,0.09977326406381826,-1.3287253179590108
110.88,2.59028855837756,0.10005009216263647,-1.318278431615975
110.89,2.59129044048263,0.10032621052032953,-1.3098627344930016
110.9,2.5922950802146,0.1006016164951847,-1.2981761777064238
110.91,2.59330247043961,0.10087631058933363,-1.2866722445816867
110.92,2.59431260405398,0.10115029329725855,-1.2783026377401916
110.93,2.59532547392695,0.10142356228565186,-1.268342590405929
110.94,2.59634107291765,0.10169611666719,-1.2587877132703271
110.95,2.59735939387469,0.10196795537423439,-1.249393979470629
110.96,2.59838042963584,0.10223907729966694,-1.2396342094253119
110.97,2.59940417302756,0.10250948160092459,-1.2331861140433706
110.98,2.60043061686465,0.10277916452001343,-1.223188904017982
110.99,2.60145975391306,0.1030481258093463,-1.2119830162756713
111.0,2.60249157697744,0.10331636653772014,-1.205013655536115
111.01,2.60352607883276,0.10358388382104937,-1.196396515833975
111.02,2.60456325223772,0.10385067624892885,-1.1879970385635077
111.03,2.60560308993677,0.10411674239384494,-1.1797753272763283
111.04,2.60664558465965,0.10438208076133013,-1.171301479663404
111.05,2.60769072912094,0.10464669005850007,-1.165093385988553
111.06,2.60873851601972,0.10491056686040927,-1.157853321780458
111.07,2.60978893801031,0.10517370894683742,-1.1476773558922013
111.08,2.61084198775136,0.10543611714325016,-1.1402641431089993
111.09,2.61189765790044,0.10569778966434222,-1.1337476576309278
111.1,2.61295594108357,0.10595872375726012,-1.1262879299037403
111.11,2.61401682990827,0.10621891766315894,-1.1191369121557642
111.12,2.61508031696313,0.1064783694660713,-1.1119098055794772
111.13,2.61614639481734,0.10673707733799646,-1.105570632046373
111.14,2.6172150560202,0.10699503847251639,-1.1012620792609629
111.15,2.61828629308427,0.10725224825666921,-1.0921758583946448
111.16,2.61936009848187,0.1075087070771789,-1.0839353246437624
111.17,2.6204364647199,0.1077644146046497,-1.0795636031960743
111.18,2.62151538425598,0.10801936652372983,-1.0729432281858629
111.19,2.62259684952459,0.108273560715814,-1.0667905684477856
111.2,2.62368085293654,0.10852699478935598,-1.0607547510745037
111.21,2.62476738687848,0.10877966631324862,-1.054053807666276
111.22,2.62585644371238,0.10903157327682989,-1.0527998891749468
111.23,2.62694801577372,0.10928270829524042,-1.0447822778260674
111.24,2.62804209530524,0.10953307120616189,-1.0354451446523478
111.25,2.62913867462593,0.1097826634148332,-1.0332594151027958
111.26,2.63023774598532,0.11003147882041968,-1.0273976818916712
111.27,2.63133930160458,0.11027951490807746,-1.0221873476034051
111.28,2.63244333367599,0.11052676875790517,-1.017089494661922
111.29,2.63354983436232,0.11077323739169624,-1.01140810845548
111.3,2.63465879579629,0.11101891824667107,-1.009839450585351
111.31,2.63577021007998,0.11126380445526016,-1.0050611114345256
111.32,2.63688406922767,0.11150789282716733,-0.9964545422255087
111.33,2.63800036527873,0.11175118449639292,-0.9930108485576394
111.34,2.63911909024703,0.11199367507293001,-0.9894364382400519
111.35,2.64024023609529,0.11223536004941378,-0.9849069483641721
111.36,2.6413637947514,0.11247623605116219,-0.9806919960478503
111.37,2.64248975810776,0.11271629949750617,-0.9761545818188869
111.38,2.64361811802065,0.11295554705158899,-0.9736974629779296
111.39,2.64474886630959,0.11319397293218329,-0.9726832832837667
111.4,2.64588199471985,0.11343157006931856,-0.9649684228625548
111.41,2.6470174949495,0.11366833903532214,-0.9595692043925944
111.42,2.64815535873161,0.11390427795516431,-0.9586031512627654
111.43,2.64929557771943,0.11413937981026301,-0.9546749562495759
111.44,2.65043814352467,0.11437364073408526,-0.951317262154414
111.45,2.65158304771675,0.1146070564612393,-0.9479459176908146
111.46,2.65273028182208,0.11483962275491053,-0.9442755520111814
111.47,2.65387983732336,0.11507133526384254,-0.9474259757306953
111.48,2.65503170564696,0.11530218228301323,-0.940645768635131
111.49,2.65618587808413,0.1155321636553408,-0.932845183261541
111.5,2.65734234603428,0.11576128060301061,-0.9347146309521928
111.51,2.65850110078328,0.11598952314839281,-0.931340058950951
111.52,2.6596621335678,0.11621688687289597,-0.9288346987714348
111.53,2.66082543557448,0.11644336673348374,-0.9264424642535657
111.54,2.66199099793913,0.11666895760616229,-0.9228678029975794
111.55,2.6631588117459,0.1168936552350138,-0.9269258225611049
111.56,2.66432886802642,0.11711744662007048,-0.9242839951813074
111.57,2.6655011576446,0.11734032695425908,-0.9154301459827331
111.58,2.66667567153432,0.11756229908931697,-0.9153475869772801
111.59,2.66785240057459,0.1177833556566014,-0.9137681934239738
111.6,2.66903133557562,0.11800349052916159,-0.9116331745920502
111.61,2.67021246729621,0.11822269871213746,-0.9037480369030461
111.62,2.67139578644378,0.11844097957116606,-0.9324021205711862
111.63,2.67258128367441,0.11865829031666073,-0.9193500541386934
111.64,2.67376894905268,0.11887463921784007,-0.8894970902971934
111.65,2.67495877332941,0.11909005582210197,-0.906493756114322
111.66,2.67615074697764,0.11930451314249672,-0.9039319812838815
111.67,2.67734486037544,0.11951800510081231,-0.9023304177512865
111.68,2.67854110384382,0.1197305263683964,-0.8922735086519782
111.69,2.67973946764675,0.1199420778358403,-0.9391692788520534
111.7,2.68093994198391,0.12015259374233977,-0.9146065229015997
111.71,2.68214251615586,0.12036209714809307,-0.8731447727222829
111.72,2.68334718066762,0.12057063335849291,-0.9058348339815041
111.73,2.68455392545866,0.12077815608784923,-0.8994947562297585
111.74,2.68576274040329,0.1209846629914783,-0.8982716758309606
111.75,2.68697361531068,0.1211901483245755,-0.8921009214184216
111.76,2.6881865399248,0.12139460754643228,-0.9460429946549399
111.77,2.68940150383179,0.12159796484057703,-0.91416022539375
111.78,2.6906184956666,0.1218002533456719,-0.8696061287669803
111.79,2.69183750546421,0.12200152380000089,-0.9085673710267812
111.8,2.69305852258268,0.1222017212678228,-0.9021268333505134
111.81,2.69428153630443,0.12240084319439608,-0.9007725000739892
111.82,2.69550653583622,0.12259888357791424,-0.9011476177190253
111.83,2.6967335103092,0.12279582976001402,-0.9499354190630668
111.84,2.69796244859149,0.12299161121394064,-0.9162282540798729
111.85,2.69919333877539,0.12318626429155637,-0.8789655399351474
111.86,2.70042617022007,0.12337983147222564,-0.9157132115528773
111.87,2.70166093162285,0.12357225926310131,-0.910516921491457
111.88,2.7028976115945,0.12376354380400079,-0.9087230998641411
111.89,2.70413619865926,0.12395367904333895,-0.9165966774962675
111.9,2.70537668125487,0.12414264242468868,-0.9621393451344473
111.91,2.70661904742061,0.12433036649165767,-0.9242117598899984
111.92,2.70786328459434,0.12451689405664768,-0.893110568298614
111.93,2.70910938139602,0.1247022605770846,-0.9293138509703285
111.94,2.71035732577135,0.12488641193983963,-0.9251487571036469
111.95,2.71160710556744,0.1250693430893309,-0.9222756582069831
111.96,2.71285870853292,0.12525104847207852,-0.9408388421576686
111.97,2.71411212231786,0.1254314906320738,-0.9859616179529809
111.98,2.71536733395806,0.1256106016130983,-0.9383768988440007
111.99,2.71662433009271,0.12578843823324676,-0.9124576047857121
112.0,2.71788309853815,0.1259650302338322,-0.9510289976750581
112.01,2.71914362637059,0.126140318971076,-0.9475253989155406
112.02,2.72040590055304,0.1263142983489248,-0.9437568612209395
112.03,2.7216699079353,0.12648696301649962,-0.9739991993824884
112.04,2.72293563525396,0.12665825940514724,-1.0116530649936237
112.05,2.72420306841597,0.1268281286329202,-0.9584097178187531
112.06,2.72547219326978,0.12699663635817132,-0.9436001058236262
112.07,2.72674299662591,0.1271637980107506,-0.9794868266124427
112.08,2.7280154645705,0.1273295568550048,-0.9775513317595578
112.09,2.72928958306044,0.12749390492815538,-0.9723145269415595
112.1,2.73056533792342,0.12765683752417786,-1.0175387322068377
112.11,2.73184271485789,0.127818279959524,-1.046405639139269
112.12,2.7331216984472,0.127978184614308,-0.9847964566089847
112.13,2.73440227365554,0.1281366299709874,-0.9833624862470833
112.14,2.7356844261509,0.1282936137035895,-1.016388792282373
112.15,2.73696814089097,0.12844908115132356,-1.016216280018527
112.16,2.73825340268621,0.12860302228414242,-1.0075631053090783
112.17,2.73954019619986,0.1287554347724133,-1.0786702694704555
112.18,2.74082850594792,0.1289062067901951,-1.0971393163370156
112.19,2.74211831481196,0.12905530469224935,-1.0161089498346814
112.2,2.74340960676819,0.12920283581815406,-1.03327290837349
112.21,2.74470236619895,0.12934877293325395,-1.0649299319750078
112.22,2.74599657674566,0.12949306093292073,-1.0663749725189173
112.23,2.74729222187973,0.12963568756889274,-1.0560999401469933
112.24,2.74858928490248,0.12977665104006628,-1.1466563911006145
112.25,2.74988774894524,0.1299158115821079,-1.1475583822677897
112.26,2.75118759514493,0.13005315994017996,-1.0600657502561224
112.27,2.75248880642948,0.13018881415398273,-1.0994742391734331
112.28,2.75379136558358,0.13032271546183916,-1.1227456700688567
112.29,2.75509525475596,0.13045481825985455,-1.1273079422472105
112.3,2.75640045590135,0.13058510682972813,-1.1113957083060344
112.31,2.75770695078046,0.13071358357941154,-1.2432811726409585
112.32,2.75901472096001,0.13084004891475248,-1.2192505803978537
112.33,2.76032374519571,0.13096452931259384,-1.1055266252264644
112.34,2.76163400535358,0.1310871825541645,-1.180654064608839
112.35,2.76294548241151,0.13120789967563015,-1.1954153395015885
112.36,2.76425815677991,0.13132664377890255,-1.202956892896772
112.37,2.76557200864527,0.13144339533693503,-1.1881318929747031
112.38,2.76688701797019,0.13155815459476491,-1.3262332824520506
112.39,2.76820316449332,0.13167071136493588,-1.2960665070806967
112.4,2.76952042501294,0.13178109989481213,-1.1958445594314033
112.41,2.77083877962348,0.13188945873576036,-1.2834112440241285
112.42,2.77215820702409,0.13199565914700692,-1.2857497007621312
112.43,2.77347868553423,0.13209967997940275,-1.3053651661863988
112.44,2.7748001932013,0.1322014784842322,-1.3595719235898684
112.45,2.77612270744363,0.1323009658618461,-1.3392856627756613
112.46,2.77744620488118,0.1323981622546581,-1.3232706375407508
112.47,2.77877066306985,0.13249308323774284,-1.3666643802194522
112.48,2.7800960587405,0.13258565816694676,-1.3635397471970458
112.49,2.78142236832966,0.13267587337150166,-1.4347912155615066
112.5,2.78274956797963,0.1327636112211576,-1.4620901554419161
112.51,2.78407763217831,0.13284882183850488,-1.4086541561864585
112.52,2.78540653618316,0.13293157515315385,-1.4340266727034798
112.53,2.78673625533728,0.13301182869781547,-1.4672347244116077
112.54,2.78806676423301,0.13308952306131755,-1.461588195786412
112.55,2.78939803713337,0.13316464104306722,-1.6177233506591187
112.56,2.79073004778452,0.1332369427698321,-1.5722361160553278
112.57,2.79206276682419,0.13330648555367106,-1.4777437250907643
112.58,2.79339616862719,0.13337340214525004,-1.5881789037615444
112.59,2.79473022560829,0.13343752794808078,-1.5837934663581577
112.6,2.79606490979989,0.1334988469296287,-1.6389422474836208
112.61,2.79740019285202,0.1335572600175916,-1.7235856296173373
112.62,2.79873604494547,0.1336126317955877,-1.6689128142391438
112.63,2.80007243557082,0.13366503411192204,-1.6531944221389872
112.64,2.80140933573482,0.13371448477174827,-1.7254611325375113
112.65,2.80274671507339,0.13376086972326506,-1.7201730016688492
112.66,2.80408454279342,0.13380417225177244,-1.8405955650993384
112.67,2.80542278767283,0.1338442011691754,-1.853480233408779
112.68,2.80676141586013,0.13388092735148924,-1.7807969341940495
112.69,2.80810039546677,0.13391445066930352,-1.8479093617336098
112.7,2.80943969386276,0.13394466854066422,-1.8770706482686415
112.71,2.81077927761355,0.1339715221923221,-1.9007308189510792
112.72,2.81211911280949,0.13399494898485392,-2.083925157646249
112.73,2.81345916437753,0.1340146669576085,-2.0192811730910587
112.74,2.81479939409642,0.1340307632796393,-1.9287931516606842
112.75,2.81613976787408,0.13404336784249202,-2.065435369851268
112.76,2.81748024918833,0.13405227721716706,-2.0581768498608874
112.77,2.81882080097171,0.13405747281588498,-2.182102232780625
112.78,2.8201613856114,0.13405875068606873,-2.2825017584717475
112.79,2.82150196252073,0.13405595211809138,-2.177753051099243
112.8,2.82284249149816,0.1340492257727551,-2.1922603553991866
112.81,2.82418293381162,0.13403854949809077,-2.2904061426651836
112.82,2.82552324884579,0.1340237700252489,-2.281317241345465
112.83,2.826863395362,0.13400486812881937,-2.49428975789282
112.84,2.82820333149817,0.13398151518808263,-2.495052126481228
112.85,2.8295430108552,0.1339536992264005,-2.39029233134941
112.86,2.83088239096882,0.1339215690562686,-2.5201893005463
112.87,2.83222142722003,0.13388492986694905,-2.579600000409068
112.88,2.83356007413006,0.13384366580958912,-2.701830310482473
112.89,2.83489828456109,0.13379758493699362,-2.6892833905963376
112.9,2.83623600980015,0.13374669655923008,-2.690385610491885
112.91,2.83757320238831,0.13369099432109327,-2.775202229862205
112.92,2.83890981316071,0.13363033983040767,-2.8842881432108287
112.93,2.84024579212704,0.13356455538342157,-2.9339330282916727
112.94,2.84158108693034,0.1334935587382513,-2.925224479310879
112.95,2.84291564589934,0.1334173558655764,-2.999207608705594
112.96,2.84424941629052,0.13333583152575676,-3.072701571148613
112.97,2.84558234430461,0.1332488533649423,-3.2490735365924337
112.98,2.84691437438941,0.13315615090983002,-3.237547250462834
112.99,2.84824544828667,0.13305773412624808,-3.2158899996684034
113.0,2.84957551003782,0.13295363450334108,-3.3196975185440056
113.01,2.85090450139674,0.13284368200697044,-3.5310540765324174
113.02,2.85223236312957,0.13272754108774043,-3.6341165252005285
113.03,2.85355903117983,0.13260505243609297,-3.5379267540560257
113.04,2.85488444337201,0.1324763541579029,-3.6391811164939485
113.05,2.85620853704393,0.13234130181090098,-3.745330551128871
113.06,2.85753124754342,0.13219971024276783,-3.996648059282208
113.07,2.8588525083338,0.13205119797182382,-3.99462215397874
113.08,2.86017224846184,0.1318957628684244,-3.9427429666268012
113.09,2.86149040063467,0.131733482065081,-4.117698099158648
113.1,2.86280689440617,0.1315640947983236,-4.271311559726386
113.11,2.86412165804063,0.13138735245266098,-4.410773121794365
113.12,2.86543461633372,0.13120304626284368,-4.397378951889868
113.13,2.86674569376075,0.13101119399456795,-4.482581474924517
113.14,2.86805481461559,0.13081167624050538,-4.58528563503772
113.15,2.86936190101624,0.13060431415650164,-4.9319018876025895
113.16,2.87066687322878,0.13038859045867807,-4.941526032628807
113.17,2.87196964496749,0.1301644890974396,-4.8467088553158355
113.18,2.87327013537055,0.12993215402642794,-5.082106422359494
113.19,2.87456825945871,0.12969124392974893,-5.258709061669977
113.2,2.87586393067537,0.12944146675248902,-5.5120613687539155
113.21,2.87715705813448,0.12918244569166312,-5.507625916193956
113.22,2.87844754876641,0.12891418658902792,-5.537095454295394
113.23,2.87973531070403,0.12863663693663727,-5.899621087852492
113.24,2.88102024884109,0.12834925481323145,-6.061078755880625
113.25,2.88230226229952,0.12805178896440433,-6.051222177130964
113.26,2.88358125095274,0.12774425255883312,-6.209122090793491
113.27,2.8848571129215,0.12742641011643427,-6.483609909460713
113.28,2.88612974350987,0.1270978467529919,-6.603209633467162
113.29,2.88739903354259,0.12675837815131116,-6.665058286773708
113.3,2.8886648743111,0.12640790873494162,-6.876982000354345
113.31,2.88992715395318,0.12604611632625423,-7.116659034612581
113.32,2.8911857577464,0.12567263252991254,-7.231623688903171
113.33,2.89244056706584,0.12528728199392436,-7.294697168013774
113.34,2.89369146330879,0.12488995555232456,-7.607783989126491
113.35,2.89493832461303,0.12448016004033373,-7.9283002636577775
113.36,2.89618102345764,0.12405739256800738,-7.949172955785654
113.37,2.8974194290518,0.12362161099579809,-7.989340319384497
113.38,2.89865341171079,0.12317272457268436,-8.502065790010901
113.39,2.89988283731873,0.12270992228509507,-8.733504495686399
113.4,2.90110756264436,0.12223281019924093,-8.681343216381066
113.41,2.90232744584615,0.12174144309743395,-8.874062644758798
113.42,2.90354234270624,0.12123548694977782,-9.326073370336172
113.43,2.90475210464208,0.12071418922131225,-9.45648030134483
113.44,2.90595657457783,0.12017729246240154,-9.459533205408755
113.45,2.90715559811231,0.11962474184810112,-9.768040105421473
113.46,2.90834901537259,0.11905598731135614,-10.09307015862294
113.47,2.90953666197839,0.11847042501765825,-10.205049826405387
113.48,2.91071836702911,0.11786779928583865,-10.240288313177857
113.49,2.91189396036235,0.11724796159015005,-10.603515360619705
113.5,2.91306326652997,0.11661020149466758,-10.936114150813319
113.51,2.91422610259445,0.11595383473209653,-10.946125793179014
113.52,2.91538228070655,0.11527872284559464,-10.962160730176555
113.53,2.91653161360714,0.11458468542789128,-11.475360168606642
113.54,2.91767390789002,0.11387064743331547,-11.748104084076386
113.55,2.91880895781086,0.11313591072851607,-11.665215757019066
113.56,2.91993655664431,0.11238040055368734,-11.902325374645011
113.57,2.92105649435404,0.1116034607207402,-12.13805251784893
113.58,2.92216855216902,0.11080437816492299,-12.198752476961639
113.59,2.92327250672205,0.10998273990176685,-12.280113475729776
113.6,2.9243681302086,0.10913808175233945,-12.367268491408513
113.61,2.92545518988247,0.10826988837973062,-12.446009968258501
113.62,2.9265334476421,0.10737761204949736,-12.562659955267986
113.63,2.92760265958448,0.10646057475582893,-12.670804434612812
113.64,2.92866257437874,0.10551807743489627,-12.604779441059806
113.65,2.92971293480489,0.10454974198923865,-12.71313161454067
113.66,2.93075348011319,0.10355472397475252,-12.983606781455103
113.67,2.93178393642137,0.10253173114458392,-12.796813876047574
113.68,2.93280402043361,0.1014804904212278,-12.738762058229225
113.69,2.9338134496309,0.10040037076094836,-12.98576763540499
113.7,2.93481192693888,0.09928986292169577,-12.814333215896053
113.71,2.93579914397222,0.09814846837115458,-12.634302622513518
113.72,2.93677479161357,0.09697571825049156,-12.581393887270242
113.73,2.93773855082388,0.0957707061392347,-12.458983987577794
113.74,2.9386900955621,0.0945326312144242,-12.312260805260784
113.75,2.93962909082375,0.09326073230291702,-12.052425224309127
113.76,2.9405551958668,0.09195457717733706,-11.883555764292442
113.77,2.94146806538513,0.09061336024294524,-11.729637118019395
113.78,2.94236734279186,0.08923608923447901,-11.621604092600307
113.79,2.94325266299508,0.08782148858490861,-11.341463785166788
113.8,2.94412364603826,0.0863689410926886,-11.018844843227363
113.81,2.94497991272614,0.0848779092319174,-11.125140400799216
113.82,2.94582106770922,0.08334568843751204,-10.783308241039915
113.83,2.94664668725493,0.0817716242410782,-10.333253391429398
113.84,2.94745635965608,0.08015569729222054,-10.321683593117077
113.85,2.94824965339209,0.07849527232775359,-10.04363321924576
113.86,2.94902611313143,0.07678908367759382,-9.59622941613216
113.87,2.9497852823784,0.07503715595716202,-9.253021375135585
113.88,2.95052670150525,0.07323889815850823,-9.022545033774552
113.89,2.95124990166779,0.07139282652467809,-8.579710307167725
113.9,2.95195439966753,0.06949933659866625,-8.221663921792532
113.91,2.95263972849368,0.06755819664316931,-8.101332508900724
113.92,2.95330539572053,0.06556660812366093,-7.874685808599203
113.93,2.95395088649461,0.0635225727921703,-7.506973411435461
113.94,2.95457567070013,0.06142583951816254,-7.3085176888713335
113.95,2.95517921959542,0.05927395320934892,-7.072999288855666
113.96,2.95576095978483,0.057064821731744875,-6.711739581170807
113.97,2.95632032478709,0.05479846775299224,-6.45236552486719
113.98,2.95685673362568,0.0524734829542591,-6.215818583883382
113.99,2.95736959419186,0.05008804265317357,-5.853235207182535
114.0,2.95785829706848,0.04764360483983839,-5.58990380271332
114.01,2.95832226721111,0.04513975275717286,-5.419855155864145
114.02,2.9587608851989,0.04257355339826556,-5.165456885047086
114.03,2.95917352890436,0.03994455028217825,-4.931953355085874
114.04,2.95955956420669,0.03725219247392442,-4.751286728958825
114.05,2.95991835323957,0.034493853861154264,-4.550535384943541
114.06,2.96024921678371,0.03166797334823723,-4.32919545355227
114.07,2.96055148705718,0.028774586852775563,-4.149101916574583
114.08,2.96082447794578,0.025811997028738858,-3.9718851226929397
114.09,2.9610674921138,0.02277857134850662,-3.774330914541656
114.1,2.96127981759322,0.019675840900024166,-3.6086626281893035
114.11,2.96146077567488,0.016503333926920494,-3.464683330171857
114.12,2.96160964552642,0.013258829357580087,-3.30632149799127
114.13,2.96172571550817,0.009943493559327887,-3.1688315330773014
114.14,2.96180827673663,0.0065566166492632885,-3.03855050085136
114.15,2.96185660612944,0.003097130612006449,-2.9130032825817738
114.16,2.96186997649867,-0.0004352027687226645,-2.7949739983870905
114.17,2.96184765793105,-0.0040407616809975035,-2.683372592423036
114.18,2.96178891548176,-0.007720057502029014,-2.5766268285236302
114.19,2.96169300939588,-0.01147379876941986,-2.4809872481303907
114.2,2.96155919511755,-0.015300772640935989,-2.3894384021393438
114.21,2.9613867508697,-0.019200581892390527,-2.299294564393378
114.22,2.96117493998923,-0.02317393098609048,-2.233672031898176
114.23,2.96092303819641,-0.027217123469173526,-2.1588242012986942
114.24,2.96063036544956,-0.03132977329458608,-2.0835435133279785
114.25,2.96029620936864,-0.035512756669982735,-2.0264533777660225
114.26,2.95991988216242,-0.0397640760568326,-1.965303487327018
114.27,2.95950070269969,-0.044083099156611016,-1.9183650421943679
114.28,2.95903800122478,-0.04846767892284036,-1.8651078789764475
114.29,2.95853113376631,-0.052917010474910306,-1.8236104392739585
114.3,2.95797945216612,-0.05742914569341433,-1.7949338876962864
114.31,2.9573823514874,-0.06200080684750642,-1.7471475176490687
114.32,2.95673924047671,-0.06663155271492416,-1.7332335717425846
114.33,2.95604953707273,-0.07131712268648727,-1.7065654281940992
114.34,2.95531272317455,-0.07605503517248424,-1.674473317392522
114.35,2.9545282677925,-0.08084390450276979,-1.6742434187004007
114.36,2.95369569045557,-0.08567885066408007,-1.6482031917996074
114.37,2.95281454386122,-0.09055811303898913,-1.6464426993598384
114.38,2.951884393804,-0.09547764567557535,-1.6412923796571848
114.39,2.95090486814462,-0.1004339118311437,-1.6278239096359046
114.4,2.94987560220384,-0.10542451002467276,-1.6452692888117355
114.41,2.94879628047968,-0.11044409080791888,-1.639373951550094
114.42,2.94766663368744,-0.11548981853094129,-1.6492726197424838
114.43,2.94648641091037,-0.12055760629300731,-1.6694469530073426
114.44,2.94525542387307,-0.1256425434938535,-1.6775634754957531
114.45,2.94397351471988,-0.13074115695492033,-1.6964046887100654
114.46,2.94264056938278,-0.13584921702848307,-1.7208041446406266
114.47,2.94125651382264,-0.14096222354900897,-1.7467204088319523
114.48,2.93982132273857,-0.146075827204184,-1.769626317971431
114.49,2.93833500839208,-0.15118618197440167,-1.8061687546541638
114.5,2.9367976252028,-0.15628861967925678,-1.8359927634003694
114.51,2.93520927537341,-0.1613792565090792,-1.8711770492737194
114.52,2.93357009295072,-0.16645407818423053,-1.916616762755894
114.53,2.93188026115653,-0.17150858934048924,-1.9529061103234486
114.54,2.93014000084987,-0.1765392402044319,-2.000827027432005
114.55,2.92834956928747,-0.18154197439076425,-2.048837279751292
114.56,2.92650926682277,-0.186513017361493,-2.094709164035404
114.57,2.92461942586662,-0.19144901891102,-2.1526828698663483
114.58,2.92268041556645,-0.1963461829381452,-2.2012646528210253
114.59,2.92069264150623,-0.2012015617944248,-2.25691997306859
114.6,2.91865653389223,-0.20601207323576548,-2.3197615607731032
114.61,2.91657255988819,-0.2107745172920783,-2.370097406714107
114.62,2.91444121141042,-0.2154866357979901,-2.4332109733535354
114.63,2.9122630037268,-0.2201457503964055,-2.4960564117751924
114.64,2.91003848089687,-0.2247494403629998,-2.551713748548357
114.65,2.90776820582736,-0.22929586639757565,-2.6159750996361044
114.66,2.90545276105846,-0.23378299862607904,-2.677074485093439
114.67,2.90309274898723,-0.2382091455175132,-2.7354653917459992
114.68,2.90068878601096,-0.2425729175474271,-2.796526454202236
114.69,2.89824150290946,-0.24687297215425508,-2.855499243370286
114.7,2.89575154254199,-0.25110819695589964,-2.911922271232727
114.71,2.89321955789398,-0.2552777127416047,-2.965201958511651
114.72,2.89064620952183,-0.25938085270543015,-3.0222545308841724
114.73,2.88803216427717,-0.26341691215923113,-3.071512018768679
114.74,2.88537809593216,-0.26738554006732196,-3.1142118708505144
114.75,2.88268467863573,-0.2712866436637559,-3.167509042170402
114.76,2.87995258919839,-0.2751198409385832,-3.2053716173994964
114.77,2.87718250764666,-0.2788852640390675,-3.2375527344211026
114.78,2.87437510893223,-0.28258321586035107,-3.2826321129337455
114.79,2.87153106819114,-0.2862136386373523,-3.306158607168256
114.8,2.86865105945747,-0.28977706918155527,-3.3297793524192016
114.81,2.86573574848506,-0.2932740174626784,-3.3620350732335136
114.82,2.86278579958538,-0.29670475274926983,-3.3690187627195765
114.83,2.85980187130994,-0.3000701475274833,-3.384135467961648
114.84,2.85678461238642,-0.3033708269237471,-3.4030649681111895
114.85,2.85373466859668,-0.3066072917333444,-3.3945214327784483
114.86,2.85065267711015,-0.30978062851441857,-3.400269178767033
114.87,2.84753926410778,-0.3128915426895085,-3.405565031938602
114.88,2.84439505189695,-0.3159407050269884,-3.3836007768085095
114.89,2.84122065201382,-0.3189293134348422,-3.380380788217109
114.9,2.83801666496171,-0.3218581136220977,-3.3714115422026807
114.91,2.83478368623804,-0.32472791903914355,-3.3392769772063904
114.92,2.83152229932536,-0.32753994984966084,-3.3273102042248355
114.93,2.82823307720772,-0.33029497444052225,-3.305131973118143
114.94,2.82491658670111,-0.3329939084048698,-3.2651789714292336
114.95,2.8215733821769,-0.33563794862159213,-3.2458116241963584
114.96,2.81820400808738,-0.33822785955563983,-3.2130189045567277
114.97,2.81480900213247,-0.3407646059670588,-3.1671161097660234
114.98,2.81138888949235,-0.3432493401634133,-3.1414907506240266
114.99,2.80794418613271,-0.3456828110441494,-3.1015391388744558
115.0,2.80447540090891,-0.3480659779001731,-3.052425903049724
115.01,2.80098303079025,-0.35039991860918995,-3.0213241838701506
115.02,2.79746756410069,-0.3526853685135797,-2.9762908491244464
115.03,2.79392948190005,-0.35492326524864115,-2.924536402986764
115.04,2.79036925400894,-0.35711462921033854,-2.886818210690641
115.05,2.78678734188609,-0.3592602152871013,-2.842825791316401
115.06,2.78318419949425,-0.36136085278940894,-2.791805894215888
115.07,2.77956027161698,-0.36341746710348477,-2.7454381630919626
115.08,2.77591599419079,-0.36543088186442585,-2.7034572941637176
115.09,2.77225179551083,-0.36740182744940586,-2.654728842792222
115.1,2.76856809646878,-0.3693311253861631,-2.604837445455993
115.11,2.76486530913483,-0.3712195988501995,-2.5617849235343186
115.12,2.76114383822913,-0.3730679471981765,-2.5147364537586796
115.13,2.75740408145565,-0.3748769162982354,-2.4667292251772976
115.14,2.75364642869912,-0.37664725577373587,-2.422564256883943
115.15,2.74987126285054,-0.37837964360031284,-2.3778031476349084
115.16,2.7460789600811,-0.3800747554111121,-2.3324022733434786
115.17,2.74226988974353,-0.3817332694176834,-2.287951426117213
115.18,2.73844441449237,-0.3833558438929926,-2.242508337187003
115.19,2.73460289047082,-0.38494314366241955,-2.1998921525178114
115.2,2.73074566716658,-0.38649578330633616,-2.158828787962757
115.21,2.7268730883767,-0.3880143486761504,-2.1154303092568076
115.22,2.72298549173617,-0.3894994562285148,-2.07451244035403
115.23,2.71908320886868,-0.39095168227224847,-2.03489982894651
115.24,2.71516656584984,-0.3923715798656654,-1.9943609066266128
115.25,2.71123588315873,-0.3937597138973311,-1.9547681045730965
115.26,2.70729147564045,-0.39511663274276465,-1.9176359060115602
115.27,2.70333365286124,-0.396442845261417,-1.8809592053432076
115.28,2.69936271939905,-0.3977388545918263,-1.8414228104118746
115.29,2.6953789746589,-0.3990052053289876,-1.8061816808660514
115.3,2.69138271257275,-0.40024237681757596,-1.7734030824412852
115.31,2.68737422289032,-0.40145081151435524,-1.7365447875932687
115.32,2.68335379046852,-0.4026310130240833,-1.702346758684219
115.33,2.67932169520678,-0.4037834471822562,-1.6708266238525966
115.34,2.67527821266732,-0.40490853841114915,-1.638806384160185
115.35,2.67122361414259,-0.40600671887825646,-1.606934459146359
115.36,2.66715816656434,-0.4070784202842607,-1.5766806627204741
115.37,2.66308213264833,-0.40812405047639205,-1.5482344945841924
115.38,2.65899577114735,-0.4091439953857634,-1.5152567207511434
115.39,2.65489933686384,-0.41013870990673035,-1.485752928391198
115.4,2.65079307973471,-0.41110859778049624,-1.461013278990842
115.41,2.64667724653602,-0.41205399156158584,-1.4325818019724927
115.42,2.64255208025845,-0.41297527948649015,-1.4049495276967714
115.43,2.63841782004115,-0.41387284265091234,-1.3791901735716687
115.44,2.63427470131413,-0.41474703492102954,-1.3541413967348845
115.45,2.63012295609957,-0.41559820045349305,-1.3291358116145007
115.46,2.62596281291633,-0.41642668444531833,-1.3051180748523845
115.47,2.62179449691317,-0.41723281912408783,-1.282042167050759
115.48,2.61761822995637,-0.41801692533351237,-1.2581756896946488
115.49,2.61343423071478,-0.41877933916691557,-1.2339481532866643
115.5,2.60924271436923,-0.4195204021856802,-1.214010722339155
115.51,2.60504389291608,-0.4202403919865853,-1.1939908193720241
115.52,2.60083797582905,-0.4209395876988468,-1.172953313629497
115.53,2.59662516943173,-0.4216182936495653,-1.1463650630224476
115.54,2.59240567701829,-0.42227689724992545,-1.128505003927321
115.55,2.58817969766795,-0.42291565330384584,-1.1140134788587532
115.56,2.5839474293888,-0.42353476472205925,-1.092027198825418
115.57,2.57970906679227,-0.42413455126742994,-1.0716085724036823
115.58,2.5754648017795,-0.4247153171599331,-1.0526756959782335
115.59,2.57121482294564,-0.4252773408952323,-1.0373682716952495
115.6,2.56695931667495,-0.42582084678922294,-1.019633117956608
115.61,2.5626984668633,-0.4263460964246679,-1.0021946577144483
115.62,2.55843245473549,-0.42685335102534694,-0.9856268704948683
115.63,2.55416145900092,-0.42734285971900804,-0.9697357299687548
115.64,2.54988565589895,-0.4278148619982473,-0.9542706251789194
115.65,2.54560521933726,-0.42826959173218515,-0.9395512471419789
115.66,2.541320320866,-0.4287072760909968,-0.9217657783666033
115.67,2.53703112974518,-0.4291281887932338,-0.907879589658133
115.68,2.53273781229323,-0.42953254458825885,-0.8960023917172398
115.69,2.52844053341029,-0.42992052735125,-0.8811400395809011
115.7,2.52413945553747,-0.43029236993399333,-0.8654525913493611
115.71,2.51983473898125,-0.4306483233999181,-0.8500948272418252
115.72,2.51552654125299,-0.4309886313261643,-0.8397918783469087
115.73,2.51121501794244,-0.4313134597307237,-0.8274008726628247
115.74,2.50690032298613,-0.4316230062774262,-0.8135796755551714
115.75,2.50258260801406,-0.4319174949241833,-0.800562676672335
115.76,2.49826202257924,-0.4321971388891418,-0.7888149335087322
115.77,2.49393871407822,-0.43246213136181044,-0.7776033744929497
115.78,2.48961282816611,-0.43271265823407645,-0.7652734760935153
115.79,2.48528450847244,-0.4329489217578586,-0.7555668478214554
115.8,2.48095389672109,-0.4331710860270066,-0.7445848272328589
115.81,2.476621133129,-0.43337933550156027,-0.7327052799591249
115.82,2.47228635574183,-0.4335738696071919,-0.7231424363583001
115.83,2.46794970089855,-0.4337548536382796,-0.7129873577425763
115.84,2.46361130323035,-0.4339224645785622,-0.6998385791670507
115.85,2.45927129547375,-0.4340769245904985,-0.6915511333256265
115.86,2.45492980809286,-0.4342183805833474,-0.6842476894742817
115.87,2.45058697074949,-0.4343469634315089,-0.673377179886717
115.88,2.44624291110627,-0.43446286148132174,-0.6630669918340267
115.89,2.44189775519281,-0.4345662589259799,-0.6528893446090994
115.9,2.43755162701718,-0.4346573352912479,-0.6457311546990533
115.91,2.43320464910789,-0.43473622334917844,-0.6372258489841268
115.92,2.42885694266186,-0.4348030760647492,-0.6283902661935407
115.93,2.42450862715215,-0.4348580561489124,-0.6177661428511544
115.94,2.42015982049903,-0.4349013537619961,-0.6099830569327185
115.95,2.41581063854312,-0.4349331143209234,-0.6036244720320937
115.96,2.41146119624106,-0.43495346124593126,-0.5941049468537479
115.97,2.4071116068069,-0.43496256588700566,-0.5869766366939604
115.98,2.40276198195878,-0.43496056308208375,-0.581689422385114
115.99,2.39841243219132,-0.43494755995101186,-0.5729033837340786
116.0,2.39406306688627,-0.43492371900089777,-0.5643202424169056
116.01,2.38971399342094,-0.43488920083093463,-0.5586841476220673
116.02,2.38536531807585,-0.4348441198033459,-0.5520351818956412
116.03,2.38101714580767,-0.43478860397098884,-0.5455984740289841
116.04,2.37666958035651,-0.43472277982516594,-0.5389371920662578
116.05,2.37232272414274,-0.4346467772703348,-0.5329488833537179
116.06,2.36797667833543,-0.4345607157645981,-0.5280986852055225
116.07,2.36363154291147,-0.43446470926248687,-0.5109626280561402
116.08,2.3592874163981,-0.43435905493349747,-0.5080728933017923
116.09,2.3549443937556,-0.4342438273670128,-0.5099216363701182
116.1,2.35060257168049,-0.43411902548591286,-0.49674581692807
116.11,2.34626204445463,-0.43398487611041225,-0.49341353607658206
116.12,2.34192290504865,-0.4338414622173955,-0.491108928406328
116.13,2.33758524583413,-0.4336888481843659,-0.4819078383413518
116.14,2.33324915818258,-0.43352720726382116,-0.47438315601434206
116.15,2.32891473130819,-0.4333566890573848,-0.47083732770151343
116.16,2.32458205371279,-0.43317737782199905,-0.4669689027896506
116.17,2.3202512127627,-0.4329893603090884,-0.4618855122570792
116.18,2.3159222951573,-0.43279274500667897,-0.45537904404968427
116.19,2.31159538610136,-0.4325876623775815,-0.45151230986248464
116.2,2.30727056982287,-0.4323742033906619,-0.4468379774774685
116.21,2.30294792957257,-0.4321524748010952,-0.437169244217741
116.22,2.29862754733386,-0.43192265721834583,-0.4345593755390697
116.23,2.29430950316541,-0.43168482160609684,-0.43334713062133084
116.24,2.28999387743179,-0.4314390158618934,-0.4259662659129408
116.25,2.28568074894874,-0.43118538296750647,-0.4212037601039614
116.26,2.28137019550393,-0.43092403104851484,-0.4160798063366777
116.27,2.27706229369863,-0.43065507030788747,-0.4122533989792802
116.28,2.27275711915673,-0.43037859109455645,-0.4079121692984403
116.29,2.26845474660809,-0.4300946916262557,-0.402640310305787
116.3,2.26415524971096,-0.42980348194034956,-0.4009457941950803
116.31,2.25985870112762,-0.4295050193370805,-0.3962026512364289
116.32,2.25556517314581,-0.4291994077103271,-0.3901034585109077
116.33,2.25127473640734,-0.42888677206672776,-0.3876057882095444
116.34,2.24698746087396,-0.42856718340067806,-0.38344498547857997
116.35,2.24270341560083,-0.4282407357135254,-0.37909555885458257
116.36,2.23842266870181,-0.4279075268819099,-0.37551012391307365
116.37,2.23414528731576,-0.4275676427268153,-0.37223602172069925
116.38,2.22987133781923,-0.42722116473682403,-0.3677531449234637
116.39,2.22560088566741,-0.42686819312984425,-0.3634147571260609
116.4,2.22133399528343,-0.4265088258473271,-0.3603027072848751
116.41,2.21707073020494,-0.42614314178808604,-0.3567419866062425
116.42,2.21281115322115,-0.42577122563966696,-0.35320747757380505
116.43,2.20855532618374,-0.42539316205424393,-0.34977318100463317
116.44,2.20430331019059,-0.42500903462331746,-0.3458821761906419
116.45,2.20005516540697,-0.4246189334802401,-0.3424982276355214
116.46,2.19581095116179,-0.424222940872269,-0.3394762592246521
116.47,2.19157072597097,-0.4238211332280121,-0.33608906154644835
116.48,2.18733454760726,-0.423413592384588,-0.33262102573420227
116.49,2.18310247295809,-0.4230004014908214,-0.3294985157339515
116.5,2.1788745581449,-0.4225816392109172,-0.325554187111069
116.51,2.17465085845099,-0.4221573955756545,-0.3225985805209138
116.52,2.17043142825577,-0.4217277457306712,-0.31990110893367624
116.53,2.16621632131413,-0.4212927608227002,-0.31620208923162907
116.54,2.1620055905377,-0.420852526853562,-0.31282527520385184
116.55,2.15779928800515,-0.4204071253465706,-0.3098667483387043
116.56,2.15359746500636,-0.41995663109585246,-0.3067739633543624
116.57,2.149400172105,-0.4195011203874074,-0.3037198192796946
116.58,2.145207459068,-0.4190406689050796,-0.3007087246796701
116.59,2.14101937494476,-0.4185753517636578,-0.29748349126832224
116.6,2.13683596799305,-0.4181052469459323,-0.29453537926744594
116.61,2.13265728571704,-0.4176304285108512,-0.29135838528790753
116.62,2.12848337487975,-0.41715097340407165,-0.2883852423866217
116.63,2.12431428145966,-0.4166669553771615,-0.28557399504898323
116.64,2.1201500507425,-0.4161784456974164,-0.2824829887417854
116.65,2.1159907272643,-0.4156855199207721,-0.27904953252452086
116.66,2.11183635480056,-0.41518825830657213,-0.27621224611274325
116.67,2.10768697631463,-0.41468673209382007,-0.27353213635111995
116.68,2.10354263414193,-0.4141810099719997,-0.2702763609830274
116.69,2.09940336984652,-0.4136711687460141,-0.2672498305925059
116.7,2.09526922425232,-0.4131572821098439,-0.2642627094001209
116.71,2.09114023744727,-0.4126394227204215,-0.26131012941408205
116.72,2.08701644880111,-0.4121176624383457,-0.25837962868760134
116.73,2.08289789696329,-0.4115920726186495,-0.2553855693933989
116.74,2.07878461987308,-0.41106272539382926,-0.25234085956649593
116.75,2.07467665473727,-0.41052969355560576,-0.2492311595024991
116.76,2.07057403804021,-0.4099930505349995,-0.24626618082037452
116.77,2.066476805527,-0.40945286742148185,-0.24332440576783798
116.78,2.06238499225512,-0.4089092148672554,-0.24008741042546147
116.79,2.05829863254713,-0.4083621674062621,-0.23705120079160266
116.8,2.05421775998532,-0.4078117965937304,-0.23404473786676985
116.81,2.05014240745735,-0.4072581731251616,-0.2310014968589561
116.82,2.04607260712813,-0.40670136797568146,-0.22790401348826614
116.83,2.04200839046463,-0.4061414527291733,-0.22474076357350953
116.84,2.03794978820064,-0.40557849957424397,-0.22169465921027853
116.85,2.03389683036493,-0.40501257882393044,-0.2185735287436773
116.86,2.02984954627944,-0.4044437614701598,-0.21545371308918126
116.87,2.0258079645539,-0.40387211839207904,-0.21217337717120988
116.88,2.02177211308882,-0.4032977223624279,-0.20899897667649484
116.89,2.01774201904702,-0.40272064437600896,-0.20588612718421676
116.9,2.01371770890789,-0.4021409542379284,-0.20263239130473762
116.91,2.00969920843158,-0.40155872334439735,-0.19940333525361809
116.92,2.00568654267385,-0.40097402257815257,-0.19609298493437674
116.93,2.00167973597603,-0.40038692338693804,-0.19300248714090104
116.94,1.99767881197287,-0.3997974939495941,-0.18974170251568792
116.95,1.99368379363017,-0.39920580440941567,-0.18635267258261742
116.96,1.98969470318092,-0.3986119263179896,-0.18314828400256317
116.97,1.98571156216956,-0.39801592843875155,-0.17984490588684357
116.98,1.98173439144615,-0.3974178803742531,-0.17652947137971678
116.99,1.97776321116466,-0.3968178515790788,-0.17320931843911355
117.0,1.97379804078663,-0.3962159111932503,-0.16987241940861786
117.01,1.96983889908289,-0.3956121282075009,-0.1664937391581484
117.02,1.96588580413518,-0.3950065716673964,-0.1632355212802609
117.03,1.96193877333796,-0.39439930859043,-0.15993624680494353
117.04,1.95799782342728,-0.39379040617542604,-0.15646486728653894
117.05,1.95406297045054,-0.39317993337007473,-0.1532302169409637
117.06,1.95013422977687,-0.3925679555608186,-0.15000275723347148
117.07,1.94621161613909,-0.39195453757616683,-0.14656270801724747
117.08,1.94229514360298,-0.3913397465694246,-0.14325986424470638
117.09,1.93838482556856,-0.39072364749508925,-0.14001952752863336
117.1,1.93448067480096,-0.3901063039840965,-0.13666325919386196
117.11,1.93058270342234,-0.38948778064365847,-0.133389735068251
117.12,1.92669092291131,-0.38886814053066454,-0.13019170244566639
117.13,1.9228053441286,-0.3882474452696646,-0.12685562381291543
117.14,1.91892597731472,-0.38762575768641805,-0.12364568146920787
117.15,1.91505283208198,-0.38700313837183126,-0.12065036360699874
117.16,1.91118591746072,-0.38637964472523584,-0.11737246954613208
117.17,1.90732524190122,-0.385755337190589,-0.11417467577739485
117.18,1.90347081323567,-0.38513027462101135,-0.11131390005435471
117.19,1.89962263874445,-0.3845045111080673,-0.10818995911729923
117.2,1.89578072516108,-0.38387810345315393,-0.10509386671304108
117.21,1.89194507863747,-0.38325110763650083,-0.1022437757325138
117.22,1.88811570479421,-0.38262357603975156,-0.09927273265461933
117.23,1.88429260872587,-0.38199556191492734,-0.0963520493677091
117.24,1.88047579499305,-0.38136711722200534,-0.09375896938446922
117.25,1.87666526765798,-0.3807382893735797,-0.0909429547906185
117.26,1.87286103031773,-0.3801091279933241,-0.08809436553081139
117.27,1.86906308604814,-0.379479682438257,-0.08575709103503838
117.28,1.86527143747353,-0.37884999530726216,-0.08315797986197324
117.29,1.86148608679697,-0.3782201117630705,-0.0805243766778823
117.3,1.85770703574524,-0.3775900768471693,-0.0783207097700792
117.31,1.85393428563339,-0.37695992987916704,-0.07596432086359775
117.32,1.85016783738655,-0.37632971138542215,-0.07360665127917014
117.33,1.84640769151295,-0.37569946134133153,-0.07161412807077149
117.34,1.84265384814797,-0.3750692148328294,-0.06951727990827784
117.35,1.83890630708571,-0.37443900762933285,-0.06739614383716297
117.36,1.83516506774857,-0.37380887518249456,-0.06570321731772281
117.37,1.83143012923327,-0.37317884736950413,-0.06389245888864234
117.38,1.82770149035035,-0.3725489549083194,-0.06204739469777075
117.39,1.82397914958429,-0.37191922838207087,-0.06061773624080593
117.4,1.82026310514573,-0.37128969301867265,-0.05911470460928172
117.41,1.81655335500216,-0.3706603743367602,-0.057626538323021594
117.42,1.81284989685555,-0.37003129721741396,-0.05643312274638005
117.43,1.80915272818326,-0.369402482647585,-0.055257757890394194
117.44,1.80546184626062,-0.3687739508822526,-0.05413824182787196
117.45,1.80177724816043,-0.36814572108657684,-0.053227603108911156
117.46,1.79809893077878,-0.36751780957424707,-0.052396008590215766
117.47,1.79442689085893,-0.36689023129384085,-0.05163383484456828
117.48,1.79076112499753,-0.3662629999818349,-0.0510410535951658
117.49,1.78710162966569,-0.36563612703525705,-0.050558162586596726
117.5,1.78344840123068,-0.36500962218500116,-0.05017102436061748
117.51,1.77980143596836,-0.3643834937090714,-0.0499061014274784
117.52,1.77616073008109,-0.36375774814842077,-0.049763708297731545
117.53,1.77252627971406,-0.36313239029125055,-0.04976222211207786
117.54,1.76889808097409,-0.36250742301874495,-0.0498490651563065
117.55,1.76527612994731,-0.36188284791941105,-0.05004210791590674
117.56,1.76166042270934,-0.36125866507825494,-0.050418984860446735
117.57,1.75805095534639,-0.3606348722567395,-0.05087653585882185
117.58,1.75444772397612,-0.36001146606900647,-0.051406826809619076
117.59,1.75085072475236,-0.359388442057416,-0.05215577924200583
117.6,1.74725995388538,-0.3587657931305055,-0.05299057962415867
117.61,1.74367540766736,-0.35814351106108017,-0.053851136241442776
117.62,1.74009708247178,-0.3575215871187495,-0.05496697494433418
117.63,1.73652497477089,-0.3569000096168488,-0.05618412990860355
117.64,1.73295908116787,-0.35627876563884,-0.05736261923378796
117.65,1.7293993983901,-0.3556578425118362,-0.058835237662987816
117.66,1.72584592330212,-0.355037224269239,-0.06043545055019321
117.67,1.72229865294631,-0.3544168935035841,-0.06192515815051202
117.68,1.71875758452986,-0.35379683386358257,-0.06374079411215021
117.69,1.71522271543245,-0.35317702545417107,-0.06571506357736275
117.7,1.71169404325487,-0.3525574466812509,-0.06751023776693456
117.71,1.70817156580089,-0.3519380777687431,-0.06965432540443221
117.72,1.70465528107913,-0.3513188952449231,-0.07199088021099988
117.73,1.70114518735878,-0.35069987366000793,-0.07407999541217888
117.74,1.69764128314738,-0.3500809901255712,-0.07653715077497987
117.75,1.69414356718609,-0.34946221794925164,-0.07922141846808753
117.76,1.69065203851268,-0.34884352817800557,-0.08159221828876861
117.77,1.68716669643509,-0.3482248951239053,-0.0843458961624546
117.78,1.68368754052074,-0.34760628923499737,-0.08735827066107447
117.79,1.68021457066544,-0.34698767844941747,-0.09000090125010751
117.8,1.67674778706368,-0.3463690345601715,-0.09303318327546822
117.81,1.67328719019254,-0.3457503255210844,-0.09634921436295343
117.82,1.66983278088476,-0.3451315165954816,-0.09925410199292076
117.83,1.66638456029661,-0.3445125773289056,-0.10254624024005339
117.84,1.6629425298877,-0.3438934735497575,-0.1061289117711082
117.85,1.65950669149553,-0.3432741683730811,-0.10932471827950516
117.86,1.65607704730209,-0.34265462898267857,-0.1128264900000816
117.87,1.6526535998165,-0.34203481975367456,-0.1166289604427349
117.88,1.64923635193338,-0.34141470228832294,-0.12014079365003859
117.89,1.64582530691629,-0.3407942413289011,-0.12381769979469055
117.9,1.64242046837501,-0.34017340026575676,-0.1278182044417536
117.91,1.63902184030901,-0.339552139562264,-0.131623843942054
117.92,1.63562942710703,-0.33893042189949896,-0.13546471606444246
117.93,1.63224323351992,-0.3383082099240024,-0.13964225944864805
117.94,1.62886326469023,-0.33768546330240623,-0.14371303381570613
117.95,1.62548952616549,-0.3370621430862401,-0.14770733628531893
117.96,1.62212202386788,-0.336438211405408,-0.15204375176037446
117.97,1.61876076411147,-0.3358136274304239,-0.15635024785368207
117.98,1.61540575362672,-0.3351883510055017,-0.16048733502470428
117.99,1.61205699952786,-0.33456234396258555,-0.16496565500083973
118.0,1.60871450931966,-0.33393556525390483,-0.16947752790909884
118.01,1.6053782909305,-0.3333079739319955,-0.17374739593831315
118.02,1.60204835267831,-0.33267953173358733,-0.17835258019243644
118.03,1.5987247032689,-0.3320501976424195,-0.18303752671666776
118.04,1.59540735183489,-0.331419930352006,-0.18741082352233535
118.05,1.59209630790023,-0.33078869188183185,-0.19213886201890765
118.06,1.58879158137119,-0.33015644133800315,-0.19703849988146319
118.07,1.58549318258512,-0.32952313674740796,-0.20146636464603548
118.08,1.58220112227457,-0.32888874097191473,-0.20625005065823881
118.09,1.57891541153696,-0.32825321403466096,-0.21128854818504286
118.1,1.57563606190254,-0.3276165140322548,-0.215958856009744
118.11,1.57236308529304,-0.32697860299275944,-0.2206926594759039
118.12,1.56909649400708,-0.3263394429062409,-0.2257179541900345
118.13,1.56583630073241,-0.32569899346548786,-0.23073059003148128
118.14,1.56258251856625,-0.3250572150677533,-0.23541605493123516
118.15,1.55933516098226,-0.3244140715979227,-0.24044605827304777
118.16,1.55609424181401,-0.3237695242964189,-0.2456336312330471
118.17,1.55285977530624,-0.3231235335204141,-0.2504053961659785
118.18,1.54963177607366,-0.32247606389217054,-0.25542947314729253
118.19,1.54641025908191,-0.3218270783379237,-0.2606381331826374
118.2,1.54319523968643,-0.32117653860615125,-0.26562382413088403
118.21,1.53998673360895,-0.3205244090142482,-0.27059406879332076
118.22,1.53678475692272,-0.3198706545980183,-0.27577376905249906
118.23,1.53358932605394,-0.3192152390141571,-0.28097117165347646
118.24,1.53040045779811,-0.318558126374661,-0.2859009925177777
118.25,1.52721816929377,-0.3178992836948373,-0.291073756726904
118.26,1.52404247800632,-0.31723867640934267,-0.2963627865242174
118.27,1.520873401763,-0.31657626951108186,-0.3013521487022251
118.28,1.51771095872107,-0.3159120311695888,-0.3064934062533836
118.29,1.5145551673531,-0.31524592883909003,-0.31177028375485294
118.3,1.51140604646747,-0.31457792932273654,-0.31691578683799104
118.31,1.50826361519489,-0.313908001167329,-0.3219960499261829
118.32,1.50512789297412,-0.31323611408209384,-0.3272306727463395
118.33,1.50199889954638,-0.3125622369918387,-0.33250439448179
118.34,1.49887665496924,-0.3118863391072535,-0.33755754443706426
118.35,1.49576117959487,-0.31120839208942375,-0.3427734539332321
118.36,1.49265249405491,-0.3105283668182616,-0.3480673413721144
118.37,1.48955061928247,-0.30984623409108236,-0.35318749562994267
118.38,1.48645557648823,-0.3091619667648297,-0.35836121351126937
118.39,1.48336738715236,-0.30847553787082077,-0.3636127425811817
118.4,1.48028607302581,-0.307786920344492,-0.3688340371105404
118.41,1.47721165612761,-0.30709608799200006,-0.3739674874195094
118.42,1.47414415873157,-0.3064030159487585,-0.3791925572654197
118.43,1.47108360335748,-0.30570767918240616,-0.3844503708010757
118.44,1.46803001277862,-0.3050100529961612,-0.38958957381096887
118.45,1.4649834100059,-0.3043101142624238,-0.39479347124624203
118.46,1.46194381827847,-0.303607839939668,-0.4000353764006306
118.47,1.45891126106777,-0.3029032072618473,-0.40521882597061926
118.48,1.45588576206634,-0.3021961945441502,-0.4103990968611921
118.49,1.45286734518028,-0.30148678074256774,-0.4156130998705679
118.5,1.44985603452385,-0.30077494513116776,-0.42082791141964376
118.51,1.44685185441696,-0.3000606675867453,-0.42599693795391996
118.52,1.44385482937552,-0.29934392895241135,-0.4312025030806477
118.53,1.44086498410405,-0.29862471038641925,-0.43641668977669495
118.54,1.43788234349486,-0.29790299357384165,-0.44160494592213734
118.55,1.43490693261805,-0.2971787610139924,-0.4467921229803765
118.56,1.43193877671638,-0.296451995825651,-0.4519903606509749
118.57,1.42897790119789,-0.29572268163642523,-0.45719471226184266
118.58,1.42602433163266,-0.29499080263049593,-0.46238016715003094
118.59,1.42307809374466,-0.2942563437317488,-0.4675932790037384
118.6,1.4201392134062,-0.29351929026233403,-0.47278689622531256
118.61,1.41720771663402,-0.29277962829909465,-0.47796949510079123
118.62,1.41428362957902,-0.2920373446131682,-0.4831626655409925
118.63,1.41136697852311,-0.2912924264699172,-0.48841020761607074
118.64,1.4084577898725,-0.29054486132000235,-0.4936140831163379
118.65,1.40555609015825,-0.2897946375655899,-0.49877363985045003
118.66,1.40266190601854,-0.28904174455875825,-0.5039817346285157
118.67,1.3997752641993,-0.2882861718539946,-0.5092601119454125
118.68,1.39689619154795,-0.28752790905482994,-0.5144921340597931
118.69,1.39402471501601,-0.28676694674208414,-0.519647286246324
118.7,1.3911608616388,-0.2860032766893487,-0.5248686476202569
118.71,1.38830465853515,-0.2852368907480918,-0.5301767583633925
118.72,1.38545613290379,-0.2844677806854897,-0.5354504236660584
118.73,1.3826153120257,-0.2836959391527524,-0.5406234172404316
118.74,1.37978222324546,-0.28292136016558705,-0.5458591052235838
118.75,1.37695689396684,-0.28214403785375064,-0.5512026670791793
118.76,1.37413935165278,-0.28136396610591125,-0.5565298688962557
118.77,1.37132962382671,-0.2805811395533375,-0.5617368744664996
118.78,1.36852773805713,-0.2797955543275869,-0.5669922834259878
118.79,1.36573372194804,-0.2790072067813306,-0.5723918188572493
118.8,1.36294760314273,-0.2782160927664109,-0.5777952912889817
118.81,1.36016940932527,-0.2774222087335798,-0.5830278007191786
118.82,1.35739916820694,-0.2766255529864259,-0.588323040179575
118.83,1.35463690750975,-0.27582612399908263,-0.5937019280279339
118.84,1.35188265497694,-0.27502392009583304,-0.5993068579167158
118.85,1.34913643836516,-0.2742189386494972,-0.6046269565455242
118.86,1.34639828546172,-0.2734111796860154,-0.6098470467452278
118.87,1.34366822402593,-0.27260064454649646,-0.6153669761325512
118.88,1.34094628182542,-0.2717873330166691,-0.6209488854851408
118.89,1.33823248662034,-0.27097124491892355,-0.6265120575913462
118.9,1.335526866179,-0.2701523809258292,-0.6318199020788287
118.91,1.33282944824484,-0.26933074407817226,-0.6373140815651334
118.92,1.33014026053252,-0.26850633675524577,-0.6429100755903541
118.93,1.32745933073788,-0.26767916104535144,-0.6487177712734686
118.94,1.32478668653395,-0.26684921826699204,-0.6542002003539558
118.95,1.32212235558172,-0.26601651259057224,-0.6596315339337255
118.96,1.31946636547528,-0.26518104915267593,-0.6653664826295848
118.97,1.31681874377939,-0.264342831545585,-0.6712435359607826
118.98,1.31417951801363,-0.26350186292824673,-0.6769816956826186
118.99,1.31154871567399,-0.262658148092911,-0.6825011446087563
119.0,1.30892636418347,-0.26181169388524994,-0.6883173634264889
119.01,1.30631249090926,-0.26096250580159114,-0.6941913797036854
119.02,1.30370712316202,-0.26011058936257586,-0.7002461637615359
119.03,1.30111028819858,-0.25925594961184,-0.7059892324594379
119.04,1.29852201322154,-0.2583985942532526,-0.7117611760061684
119.05,1.29594232533884,-0.25753853143900185,-0.7177705514135
119.06,1.29337125159449,-0.256675768230071,-0.7240588340438329
119.07,1.29080881895486,-0.2558103104993381,-0.7300510759307807
119.08,1.28825505433731,-0.25494216669808556,-0.735866332627126
119.09,1.28570998454132,-0.25407134700916234,-0.7421183781524193
119.1,1.28317363628994,-0.25319785945508066,-0.7483733991275966
119.11,1.280646036217,-0.25232171244291746,-0.7547713285643058
119.12,1.27812721087736,-0.2514429142326654,-0.7608706462350053
119.13,1.27561718673383,-0.2505614755674124,-0.7670924815037049
119.14,1.2731159901325,-0.24967740707191693,-0.7735167338927164
119.15,1.27062364732621,-0.24879071855174834,-0.7802415757503735
119.16,1.26814018446503,-0.24790141861583867,-0.7866336091498515
119.17,1.26566562762028,-0.24700951858915854,-0.792915078017303
119.18,1.26320000271896,-0.24611503109175187,-0.7996420530332162
119.19,1.26074333558835,-0.24521796662658746,-0.806425822632321
119.2,1.2582956519406,-0.24431833581741355,-0.8132572034637527
119.21,1.25585697738859,-0.24341614975840753,-0.8198314123100859
119.22,1.25342733741897,-0.24251142170400772,-0.8266390946990136
119.23,1.25100675738632,-0.24160416417831992,-0.8335863114473722
119.24,1.24859526252692,-0.2406943893134117,-0.8408544566741923
119.25,1.24619287795359,-0.23978210805608766,-0.8477908147511715
119.26,1.24379962867474,-0.2388673339765927,-0.8546629599723692
119.27,1.24141553953561,-0.23795008166231554,-0.861976835571207
119.28,1.23904063526027,-0.23703036373248962,-0.8693772302887145
119.29,1.23667494043731,-0.23610819280717177,-0.8768276308326873
119.3,1.23431847953624,-0.235183581990663,-0.8840327902557709
119.31,1.23197127688023,-0.2342565464318473,-0.8914995049515011
119.32,1.22963335664251,-0.23332710047358302,-0.8991192953561244
119.33,1.22730474285929,-0.23239525806232342,-0.9070598824810486
119.34,1.22498545942555,-0.23146103206567553,-0.9147000201071483
119.35,1.22267553011203,-0.23052443773284303,-0.9223026851304836
119.36,1.22037497851231,-0.22958549118933064,-0.9303460995344528
119.37,1.21808382808131,-0.2286442067455726,-0.938493348094388
119.38,1.21580210212251,-0.22770059868491752,-0.9466994784112225
119.39,1.2135298238031,-0.22675468175500185,-0.954702944505143
119.4,1.21126701612882,-0.22580647248007607,-0.9629812781720815
119.41,1.20901370194239,-0.22485598660225148,-0.9714200036519695
119.42,1.20676990393444,-0.22390323952018454,-0.9801779856691973
119.43,1.20453564464033,-0.22294824567406687,-0.988681797127754
119.44,1.20231094645476,-0.22199102158773631,-0.9971806168683057
119.45,1.20009583158584,-0.22103158451291702,-1.0061090524855798
119.46,1.19789032208905,-0.22006995009809333,-1.01516726805155
119.47,1.1956944398562,-0.21910613391082356,-1.024296893915517
119.48,1.19350820662941,-0.21814015195724495,-1.0332651950488345
119.49,1.19133164397802,-0.21717202179150075,-1.0425231909856136
119.5,1.18916477329848,-0.2162017602164242,-1.051955963113292
119.51,1.18700761582374,-0.21522938371558906,-1.0617183705299398
119.52,1.18486019262114,-0.21425490788524923,-1.071255421341407
119.53,1.18272252460517,-0.21327835023224515,-1.0808213912446367
119.54,1.18059463249615,-0.2122997288616609,-1.0908301740583948
119.55,1.17847653685169,-0.2113190603769984,-1.1009545515445438
119.56,1.1763682580567,-0.21033636143975762,-1.1112489601276878
119.57,1.17426981633481,-0.20935164873117826,-1.121373945210782
119.58,1.17218123173388,-0.2083649405282384,-1.1317649945801724
119.59,1.17010252411687,-0.2073762546076737,-1.142362674806466
119.6,1.16803371317657,-0.2063856083655095,-1.1533810012367993
119.61,1.16597481842925,-0.20539301798923604,-1.1641923985187441
119.62,1.16392585923678,-0.20439850149424993,-1.1749704652598076
119.63,1.16188685475726,-0.2034020778405014,-1.1863075096132538
119.64,1.15985782397996,-0.2024037641537487,-1.197663217665692
119.65,1.15783878571555,-0.20140357811316106,-1.2093579123489036
119.66,1.15582975860155,-0.20040153673083946,-1.2209030508676473
119.67,1.15383076110356,-0.19939765854209054,-1.2326122389280703
119.68,1.15184181149174,-0.19839196216258997,-1.2446871019565788
119.69,1.14986292786212,-0.19738446529007914,-1.257018014858309
119.7,1.14789412812954,-0.19637518524875203,-1.269411710970191
119.71,1.14593543004077,-0.1953641399930095,-1.2817674055341466
119.72,1.14398685115079,-0.19435134850308752,-1.2945191072813067
119.73,1.14204840883128,-0.19333682886275388,-1.3074356285472652
119.74,1.14012012027399,-0.19232059916624208,-1.3207396570489436
119.75,1.1382020024899,-0.19130267672350007,-1.3339500107588593
119.76,1.1362940723197,-0.1902830801710794,-1.3472688524809011
119.77,1.13439634640378,-0.18926182856641902,-1.3610562234318482
119.78,1.13250884120556,-0.18823893981091783,-1.3750136997661957
119.79,1.13063157300475,-0.18721443189440765,-1.3892212530191197
119.8,1.12876455790477,-0.1861883227238422,-1.4034078225726516
119.81,1.12690781182479,-0.18516063122916426,-1.4178936388632295
119.82,1.12506135049274,-0.1841313760251669,-1.4326581047379714
119.83,1.12322518945601,-0.1831005753981707,-1.4478571039027583
119.84,1.12139934407755,-0.18206824679132447,-1.4630098659301423
119.85,1.11958382955105,-0.18103440884625344,-1.4782450046308644
119.86,1.11777866086802,-0.17999908083200697,-1.4940443102324013
119.87,1.11598385284132,-0.17896228070442372,-1.5099076277508054
119.88,1.11419942009955,-0.177924027005244,-1.526312724120544
119.89,1.11242537708782,-0.17688433716340954,-1.5426404384071306
119.9,1.11066173808065,-0.17584322995259546,-1.5591079305689834
119.91,1.10890851714973,-0.174800724606831,-1.5761679401216522
119.92,1.10716572818914,-0.173756839040079,-1.5933327006114393
119.93,1.10543338490856,-0.17271159166666514,-1.6110001802022824
119.94,1.1037115008361,-0.1716650000599118,-1.628632718025237
119.95,1.10200008932541,-0.1706170830091595,-1.6464865336289918
119.96,1.10029916353113,-0.16956785952084164,-1.6648916760447974
119.97,1.0986087364299,-0.1685173475472553,-1.683486426846571
119.98,1.09692882081452,-0.16746556531724116,-1.7025163777800811
119.99,1.0952594292982,-0.16641253057724423,-1.7215869661882204
120.0,1.0936005743156,-0.16535826204942355,-1.7409657216638412
120.01,1.09195226810781,-0.16430277843108393,-1.7608306585231877
120.02,1.09031452273733,-0.16324609771475504,-1.7809797829137255
120.03,1.08868735008377,-0.16218823793350085,-1.8015059371715545
120.04,1.08707076184905,-0.16112921694550292,-1.8221494555140598
120.05,1.08546476955359,-0.16006905336182764,-1.8431813036150277
120.06,1.08386938452935,-0.1590077655733324,-1.8646429620965923
120.07,1.08228461792959,-0.15794537157208985,-1.8864833024212806
120.08,1.08071048072585,-0.1568818891729144,-1.9086546179172705
120.09,1.07914698371424,-0.15581733627117456,-1.9310095537737673
120.1,1.0775941375073,-0.15475173135083659,-1.9538304986139432
120.11,1.07605195253373,-0.15368509250890766,-1.9770391457413394
120.12,1.07452043904387,-0.1526174376882498,-2.0007210970121196
120.13,1.07299960710787,-0.15154878445451198,-2.024689495380086
120.14,1.07148946662301,-0.15047915069791862,-2.0489042990628086
120.15,1.06999002730139,-0.14940855476165787,-2.073669742922871
120.16,1.06850129867578,-0.14833701443166722,-2.0987662548524044
120.17,1.06702329010143,-0.14726454760125018,-2.1245498812078676
120.18,1.06555601075513,-0.14619117122650627,-2.1504193802991995
120.19,1.06409946964834,-0.14511690336282784,-2.176554652773656
120.2,1.06265367559824,-0.1440417625385789,-2.2034976511900606
120.21,1.06121863724985,-0.14296576599183894,-2.2307079680412243
120.22,1.05979436307184,-0.1418889314138287,-2.258336035172986
120.23,1.05838086135616,-0.1408112765326745,-2.2865429050492416
120.24,1.05697814021838,-0.13973281855158376,-2.3154080763474307
120.25,1.05558620760609,-0.1386535740565816,-2.3441438363600438
120.26,1.05420507129747,-0.13757356153007994,-2.3734391646963773
120.27,1.05283473887567,-0.13649279912275233,-2.4036389583369933
120.28,1.05147521775863,-0.1354113035589984,-2.434054962552786
120.29,1.0501265151901,-0.13432909231808066,-2.4649042802508148
120.3,1.04878863823999,-0.133246182956831,-2.4968198100122296
120.31,1.04746159380472,-0.13216259126358487,-2.528706537786843
120.32,1.04614538863041,-0.13107833471617814,-2.560698847526622
120.33,1.04484002926509,-0.12999343201007263,-2.593909131316385
120.34,1.04354552208889,-0.12890789967515878,-2.6274608618890363
120.35,1.04226187331377,-0.12782175466525642,-2.6614799903400312
120.36,1.04098908898087,-0.12673501411992194,-2.696118660296843
120.37,1.03972717496076,-0.1256476948486666,-2.7316118442963657
120.38,1.0384761369592,-0.12455981277749903,-2.7670687230552913
120.39,1.03723598052225,-0.12347138559882602,-2.803096227396355
120.4,1.03600671100609,-0.12238243094367385,-2.8401982407728914
120.41,1.03478833360774,-0.12129296491099803,-2.8775927609916794
120.42,1.03358085335636,-0.120203004339244,-2.9155763832930117
120.43,1.03238427511373,-0.11911256602399704,-2.9544084158926056
120.44,1.03119860357472,-0.1180216659900831,-2.993654640862192
120.45,1.0300238432775,-0.11693032080350627,-3.0332589913134034
120.46,1.02885999858533,-0.11583854771782995,-3.073784131966405
120.47,1.02770707369503,-0.11474636308407837,-3.114921939611792
120.48,1.0265650726411,-0.1136537832022481,-3.1566282846553064
120.49,1.02543399929375,-0.11256082451258642,-3.1989916876078524
120.5,1.02431385735936,-0.11146750333366948,-3.242209495806505
120.51,1.02320465038262,-0.11037383539067211,-3.2857614971450393
120.52,1.0221063817521,-0.10927983727525015,-3.3299364117818135
120.53,1.02101905468255,-0.10818552563524042,-3.3750827257684954
120.54,1.01994267223183,-0.10709091623307503,-3.420739271537013
120.55,1.01887723729669,-0.1059960251983405,-3.467073870771184
120.56,1.01782275261319,-0.10490086862076457,-3.5142428488970965
120.57,1.01677922075723,-0.10380546213525355,-3.5620350891077543
120.58,1.01574664415064,-0.10270982154366541,-3.6103203117640406
120.59,1.01472502505252,-0.1016139631615065,-3.65947645748081
120.6,1.01371436556075,-0.1005179028089868,-3.7093908834367064
120.61,1.01271466761749,-0.09942165610141349,-3.7599520754844016
120.62,1.01172593300748,-0.09832523878050559,-3.8112274810063704
120.63,1.01074816335853,-0.09722866652625377,-3.8634249867796595
120.64,1.00978136014273,-0.0961319544628266,-3.9160846569439682
120.65,1.00882552468264,-0.09503511837907024,-3.9694177048503363
120.66,1.0078806581359,-0.09393817415943029,-4.0237515645516
120.67,1.00694676150938,-0.09284113693817284,-4.078680223647302
120.68,1.00602383565578,-0.09174402213290393,-4.134356670460524
120.69,1.00511188127426,-0.09064684509433873,-4.190831233857615
120.7,1.00421089891089,-0.08954962096026087,-4.24804258273162
120.71,1.00332088896158,-0.08845236483917182,-4.305873589443021
120.72,1.00244185166957,-0.08735509210591372,-4.364509100605207
120.73,1.0015737871244,-0.08625781791959572,-4.423939307216822
120.74,1.00071669526616,-0.08516055723626903,-4.484063515573775
120.75,0.999870575884652,-0.0840633250687691,-4.544920683331244
120.76,0.999035428619939,-0.08296613638230829,-4.606581552477118
120.77,0.998211252962885,-0.0818690059154507,-4.668890936578559
120.78,0.997398048257901,-0.0807719485681017,-4.731900417483843
120.79,0.996595813698202,-0.0796749792519628,-4.795720028070437
120.8,0.995804548330647,-0.07857811259948297,-4.860209343671091
120.81,0.995024251055089,-0.0774813632929324,-4.925410651214826
120.82,0.994254920624934,-0.07638474595521769,-4.991322135415556
120.83,0.99349655564765,-0.07528827512696956,-5.057928648878935
120.84,0.992749154585762,-0.0741919652881673,-5.125186343592178
120.85,0.992012715756949,-0.07309583094295599,-5.193126191686646
120.86,0.991287237333906,-0.07199988651166722,-5.261742032996587
120.87,0.990572717345957,-0.07090414631390393,-5.330990206365877
120.88,0.989869153679225,-0.06980862464601445,-5.400871376538216
120.89,0.98917654407717,-0.06871333574711055,-5.4713673418693896
120.9,0.988494886141132,-0.06761829380334725,-5.542464032144131
120.91,0.987824177330866,-0.06652351294067124,-5.614145953235644
120.92,0.987164414965195,-0.06542900722038374,-5.686377571360853
120.93,0.986515596222555,-0.06433479068050363,-5.759151498215805
120.94,0.98587771814109,-0.06324087730093705,-5.832453098861306
120.95,0.985250777619687,-0.062147280983879116,-5.906244479140755
120.96,0.984634771418364,-0.06105401559034126,-5.980506760641343
120.97,0.984029696158812,-0.05996109492636774,-6.055214283798838
120.98,0.98343554832493,-0.058868532740934586,-6.130336216765812
120.99,0.982852324263379,-0.057776342739675655,-6.205808753419814
121.0,0.982280020183812,-0.05668453866476779,-6.281698516903955
121.01,0.981718632158629,-0.05559313403650697,-6.357914182329422
121.02,0.981168156126702,-0.05450214231348579,-6.434362850859829
121.03,0.98062858789088,-0.053411577050835324,-6.511096964276853
121.04,0.980099923119439,-0.052321451671074236,-6.5880422960964955
121.05,0.979582157346625,-0.0512317795504295,-6.665165449642878
121.06,0.979075285973191,-0.050142574008198625,-6.742440417985193
121.07,0.978579304266948,-0.04905384828997976,-6.819672537860473
121.08,0.978094207363006,-0.047965615960349206,-6.89714037340349
121.09,0.977619990259942,-0.046877889992288,-6.974648255980407
121.1,0.977156647832385,-0.04579068320351247,-7.051926042736723
121.11,0.976704174821054,-0.044704008894242794,-7.1292148732179195
121.12,0.976262565836324,-0.0436178800467794,-7.206348407875943
121.13,0.975831815358763,-0.04253230961487979,-7.283288826977779
121.14,0.97541191773967,-0.041447310498848866,-7.360014883015106
121.15,0.975002867201607,-0.04036289548348948,-7.436249432184396
121.16,0.974604657838938,-0.0392790778820031,-7.5123511482905645
121.17,0.974217283610926,-0.038195870234365256,-7.588121094614052
121.18,0.973840738360062,-0.0371132847612754,-7.663169710131339
121.19,0.973475015798723,-0.03603133441854219,-7.737797317462788
121.2,0.973120109512667,-0.0349500317953888,-7.811825093377607
121.21,0.972776012961991,-0.03386938942824177,-7.885195479183865
121.22,0.972442719481653,-0.032789419804721276,-7.957872348061814
121.23,0.972120222281999,-0.031710135301529774,-8.029620629695433
121.24,0.971808514449298,-0.030631548771594318,-8.10066531150767
121.25,0.971507588939335,-0.029553672470257013,-8.170904149476168
121.26,0.971217438592932,-0.02847651818635629,-8.239978307764119
121.27,0.970938056127501,-0.02740009834962439,-8.308050082680184
121.28,0.970669434136989,-0.026324425217905123,-8.375028181565357
121.29,0.970411565093746,-0.025249510913873584,-8.440822301486273
121.3,0.970164441349041,-0.024175367519718716,-8.50538612378612
121.31,0.969928055133582,-0.02310200701748274,-8.568547465549123
121.32,0.969702398558043,-0.022029441758555923,-8.63039120321427
121.33,0.96948746360786,-0.020957683737691617,-8.69089318247479
121.34,0.969283242154291,-0.019886744365100555,-8.74977228787242
121.35,0.969089725952089,-0.018816635524103918,-8.807061510273483
121.36,0.968906906635687,-0.01774736914657941,-8.862739554565785
121.37,0.968734775721921,-0.016678956948457113,-8.916704730752143
121.38,0.968573324610537,-0.015611410613132945,-8.968912088313639
121.39,0.968422544584704,-0.014544741719875003,-9.019227611422583
121.4,0.968282426811527,-0.01347896224451195,-9.067675035863541
121.41,0.968152962336226,-0.012414083961234668,-9.114286023939387
121.42,0.968034142092055,-0.011350117697105552,-9.158813279395979
121.43,0.967925956904276,-0.010287074788240907,-9.20123724383718
121.44,0.967828397479579,-0.009224966937951273,-9.241592018483816
121.45,0.967741454411008,-0.008163805448783517,-9.279776844049175
121.46,0.967665118178465,-0.0071036016095436345,-9.315750794517724
121.47,0.967599379149218,-0.006044366658465121,-9.349467529848091
121.48,0.967544227578404,-0.004986111783326456,-9.380894595646046
121.49,0.967499653609535,-0.00392884795652193,-9.409924461099283
121.5,0.967465647275001,-0.0028725876702097772,-9.436655674684665
121.51,0.967442198476776,-0.001817341267810561,-9.460980974551475
121.52,0.967429297036757,-0.0007631184830529196,-9.4828028825027
121.53,0.96742693265572,0.00029006878068763936,-9.502184211950528
121.54,0.967435094924519,0.001342209675594952,-9.519067262255726
121.55,0.96745377332519,0.002393293349668239,-9.533433627168769
121.56,0.967482957231446,0.0034433089955987484,-9.545265496116098
121.57,0.967522635909176,0.004492245855506709,-9.554541836263704
121.58,0.967572798516935,0.005540093289963892,-9.561287465571572
121.59,0.967633434106442,0.0065868401813421835,-9.565511764657806
121.6,0.967704531614778,0.007632475096772118,-9.567019597984743
121.61,0.967786079870159,0.008676988601566404,-9.565986313679236
121.62,0.967878067615058,0.009720370738220779,-9.562499186091756
121.63,0.967980483476494,0.010762610251681867,-9.556371867948618
121.64,0.968093315976872,0.011803696791173879,-9.54770571264839
121.65,0.968216553534469,0.012843619968055942,-9.536501356269666
121.66,0.968350184463917,0.013882369442042946,-9.522778295421363
121.67,0.968494196976687,0.014919934921147257,-9.50651474562796
121.68,0.968648579181571,0.015956306310496715,-9.488027251929706
121.69,0.968813319085164,0.016991472179712457,-9.466832506160596
121.7,0.968988404574473,0.018025422717884987,-9.443040929438595
121.71,0.969173823458338,0.01905814911353406,-9.417212468498763
121.72,0.969369563440817,0.020089640691504467,-9.388940797309042
121.73,0.969575612122292,0.021119887272221437,-9.358331246606586
121.74,0.969791957003125,0.022148878904112067,-9.325462278111434
121.75,0.970018585484135,0.023176605656359078,-9.290371167874127
121.76,0.970255484867067,0.024203057645185343,-9.25309179523108
121.77,0.970502642355065,0.025228225069721482,-9.213723401885533
121.78,0.970760045053143,0.02625209796929817,-9.172533275121657
121.79,0.971027679964376,0.027274665615933023,-9.128810800850763
121.8,0.971305533985239,0.02829591919806344,-9.083149206770601
121.81,0.971593593937921,0.029315849836025754,-9.036024619599178
121.82,0.971891846537735,0.030334447111933043,-8.986776921004328
121.83,0.972200278404021,0.03135170153852895,-8.935780257673072
121.84,0.972518876060607,0.032367603587932225,-8.883053075009608
121.85,0.972847625936274,0.03338214377787789,-8.828661429114256
121.86,0.973186514365207,0.03439531267279602,-8.772610189419114
121.87,0.973535527587475,0.03540710098424808,-8.71534775890472
121.88,0.973894651749479,0.03641749856663212,-8.656364761492842
121.89,0.97426387289234,0.03742649607217467,-8.595587609464143
121.9,0.974643176976131,0.03843408527056391,-8.533900861460344
121.91,0.97503254987203,0.03944025677468932,-8.470967512977218
121.92,0.975431977354532,0.04044500110447954,-8.406696197318158
121.93,0.975841445106585,0.041448309166293905,-8.341300222552338
121.94,0.976260938720033,0.04245017187299582,-8.27482165780657
121.95,0.976690443696082,0.04345058018333977,-8.20732161526941
121.96,0.977129945445749,0.04444952511446314,-8.138827910510592
121.97,0.977579429290313,0.045446997744031756,-8.069996154770488
121.98,0.978038880460145,0.04644298798955615,-7.999518887580209
121.99,0.978508284081966,0.04743748775769922,-7.9281932795247965
122.0,0.978987625220226,0.04843048921555626,-7.856967861430529
122.01,0.979476888840037,0.049421982700417755,-7.7846493726478005
122.02,0.979976059818847,0.05041195956162944,-7.711818036143467
122.03,0.980485122946884,0.05140041109978807,-7.6384632591929
122.04,0.981004062927606,0.052387328659505204,-7.564648340150314
122.05,0.981532864378135,0.0533727036301677,-7.490347838688579
122.06,0.982071511829715,0.054356527553117706,-7.416129762283894
122.07,0.982619989728136,0.05533879108630217,-7.34146501180418
122.08,0.98317828242124,0.056319485333281946,-7.265696294180898
122.09,0.983746374179979,0.0572986032707908,-7.190334810661038
122.1,0.984324249204465,0.058276136655448695,-7.115188208178249
122.11,0.984911891601442,0.05925207645940771,-7.039573245312223
122.12,0.98550928539429,0.06022641444716944,-6.9639671629397055
122.13,0.986116414523449,0.06119914234668049,-6.888350986028925
122.14,0.986733262846861,0.06217025193013814,-6.812770822784442
122.15,0.987359814140409,0.06313973501344458,-6.737268282475608
122.16,0.987996052098353,0.06410758345632799,-6.6618936002339515
122.17,0.988641960333771,0.06507378916262851,-6.586435142964221
122.18,0.989297522378998,0.06603834437401887,-6.512658408827538
122.19,0.989962721686054,0.0670012385910542,-6.437339603148498
122.2,0.990637541591735,0.0679624648960255,-6.3615623464189115
122.21,0.99132196540474,0.06892201789256056,-6.2881307449725234
122.22,0.992015976340963,0.0698798881818452,-6.214248587715156
122.23,0.99271955753277,0.07083606774234696,-6.140667955197513
122.24,0.993432692034153,0.07179054879856983,-6.067496993610516
122.25,0.994155362821179,0.07274332357906921,-5.9947355860432765
122.26,0.994887552792407,0.07369438435416895,-5.922409298309105
122.27,0.995629244769314,0.07464372343761369,-5.850544489964544
122.28,0.996380421496733,0.07559133318604436,-5.779117853914383
122.29,0.997141065643273,0.07653720606395908,-5.708267082000666
122.3,0.997911159801753,0.07748133427529133,-5.639210577902564
122.31,0.998690686481799,0.07842370783139041,-5.56827617001283
122.32,0.999479628091906,0.07936432144958298,-5.4980168818043476
122.33,1.00027796702473,0.08030316973333673,-5.430452038660515
122.34,1.00108568557125,0.08124024318572436,-5.362178753010239
122.35,1.00190276594855,0.08217553466283722,-5.294702586638298
122.36,1.00272919030018,0.08310903683467394,-5.227832661045846
122.37,1.00356494069663,0.08404074241575299,-5.16159106141864
122.38,1.00440999913573,0.08497064416041664,-5.095987503329818
122.39,1.00526434754306,0.08589873486441468,-5.031036291642625
122.4,1.00612796777237,0.08682500736725644,-4.966608259361822
122.41,1.00700084160602,0.08774945471474357,-4.903580837405551
122.42,1.00788295075534,0.0886720685650729,-4.8409925398494655
122.43,1.00877427684105,0.08959284117816917,-4.777591812827739
122.44,1.0096748014248,0.09051176777509033,-4.715891979584581
122.45,1.01058450602032,0.0914288416795898,-4.655524886175067
122.46,1.01150337205649,0.0923440548791695,-4.595204499615825
122.47,1.01243138089302,0.09325740060683504,-4.5356816181022515
122.48,1.0133685138209,0.09416887200974222,-4.476850505548644
122.49,1.01431475206278,0.09507846227515548,-4.4187159184662725
122.5,1.0152700767734,0.09598616463291632,-4.361280584672454
122.51,1.01623446904,0.09689197235233649,-4.304553074755711
122.52,1.01720790988271,0.09779587874383933,-4.248314631989578
122.53,1.01819038025498,0.09869787741699776,-4.1940660953485
122.54,1.01918186104398,0.09959795959241236,-4.13898941188281
122.55,1.02018233304012,0.10049611958575788,-4.083967229372817
122.56,1.02119177701274,0.10139235309441127,-4.031406831709963
122.57,1.02221017365477,0.10228665233199172,-3.978890302640141
122.58,1.02323750358985,0.10317901066691874,-3.9270022854734083
122.59,1.02427374737716,0.10406942171083955,-3.8758249187690095
122.6,1.02531888551183,0.10495787907700005,-3.8253279910368603
122.61,1.02637289842531,0.10584437641924886,-3.77550815850077
122.62,1.02743576648581,0.1067289074335028,-3.7263646362878546
122.63,1.02850746999869,0.10761146585416641,-3.6778611009166444
122.64,1.02958798920685,0.10849204550349065,-3.630062656657815
122.65,1.03067730429113,0.10937064003283167,-3.5838668533083995
122.66,1.03177539536491,0.11024724134284607,-3.536565773906784
122.67,1.03288224245923,0.1111218450238353,-3.489985864542729
122.68,1.03399782559051,0.11199444662207125,-3.445597823647388
122.69,1.03512212469307,0.11286503845466626,-3.400904387189338
122.7,1.03625511964098,0.11373361469366738,-3.3569831967257713
122.71,1.03739679024843,0.11460016937234382,-3.313683060849201
122.72,1.03854711627015,0.1154646965613293,-3.2710019950416824
122.73,1.03970607740175,0.11632719037173815,-3.228934061599067
122.74,1.04087365328018,0.11718764495434002,-3.1874787792024977
122.75,1.04204982348406,0.11804605449699894,-3.1465166118163244
122.76,1.04323456753411,0.11890241337791745,-3.106724435608121
122.77,1.04442786489355,0.11975671475550342,-3.067359749064324
122.78,1.04562969495075,0.12060895226916335,-3.0273765094001033
122.79,1.04684003704652,0.12145912224633867,-2.9887610510019424
122.8,1.04805887048557,0.12230721935607147,-2.951249706065288
122.81,1.04928617450255,0.12315323701540908,-2.9137756353072946
122.82,1.05052192827626,0.12399716978275244,-2.8769380875130652
122.83,1.05176611093019,0.12483901213966772,-2.8406447628493536
122.84,1.05301870153276,0.12567875860166797,-2.804887902598225
122.85,1.05427967909779,0.12651640372750758,-2.7696638401413347
122.86,1.05554902258486,0.12735194211208797,-2.7349752890752472
122.87,1.05682671089969,0.12818536838757705,-2.7005623310583307
122.88,1.05811272289451,0.12901667756933244,-2.668154508213533
122.89,1.05940703736848,0.12984586145866803,-2.634446965399828
122.9,1.06070963302686,0.13067291608025075,-2.6005071372882242
122.91,1.06202048858345,0.13149783926783196,-2.5691504482997494
122.92,1.06333958268464,0.1323206240487355,-2.5375115719312658
122.93,1.06466689391858,0.13314126501550172,-2.506266232490687
122.94,1.06600240082205,0.1339597571060891,-2.475521758231528
122.95,1.06734608188087,0.13477609524109221,-2.445239186054691
122.96,1.06869791553023,0.13559027437699916,-2.4154113286718357
122.97,1.07005788015509,0.13640228951082672,-2.38603368695995
122.98,1.07142595409057,0.1372121356752539,-2.3570981824891026
122.99,1.07280211562229,0.1380198079418323,-2.3286034069335764
123.0,1.0741863429868,0.13882530142049582,-2.300434876154989
123.01,1.07557861437191,0.13962861143216876,-2.2731361275620507
123.02,1.07697890791707,0.14042973207566423,-2.2471099236901186
123.03,1.07838720169259,0.14122865565700712,-2.2187643154122663
123.04,1.07980347370316,0.14202538129883813,-2.191523543127089
123.05,1.08122770198179,0.1428199065337384,-2.1667140231235096
123.06,1.08265986447481,0.14361222372475577,-2.1408900869675453
123.07,1.08409993908174,0.14440232854583587,-2.115666334592948
123.08,1.08554790365579,0.14519021638008298,-2.090814517655842
123.09,1.08700373600413,0.14597588264474437,-2.066336637665568
123.1,1.08846741388832,0.14675932279365664,-2.042226473832667
123.11,1.08993891502461,0.14754053231834469,-2.0184781909165213
123.12,1.09141821708439,0.14831950674808286,-1.9950871796266334
123.13,1.09290529769449,0.14909624164708055,-1.972060368896942
123.14,1.09440013443759,0.1498707326175001,-1.9490581680756995
123.15,1.09590270485256,0.15064297582500683,-1.9283567600378397
123.16,1.09741298643485,0.15141296253250633,-1.9058037403237607
123.17,1.09893095657357,0.1521806899160779,-1.8822973303315158
123.18,1.10045659270177,0.1529461587222447,-1.8618714232445899
123.19,1.10198987219799,0.15370936241641173,-1.8410520652717326
123.2,1.10353077238354,0.15447029601216763,-1.82026113165407
123.21,1.10507927053776,0.15522895545950396,-1.7998443937061508
123.22,1.10663534389847,0.15598533662334324,-1.7797297642458187
123.23,1.10819896966229,0.15673943540000512,-1.7599129030741323
123.24,1.10977012498498,0.15749124772374,-1.740390121730908
123.25,1.11134878698184,0.15824076956399796,-1.7211561928362056
123.26,1.11293493272802,0.15898799692642038,-1.7022106644527315
123.27,1.11452853925893,0.1597329258513321,-1.6834710215230468
123.28,1.11612958357053,0.16047555256475943,-1.6652580842715832
123.29,1.11773804261976,0.1612158723952521,-1.6484383392781474
123.3,1.11935389330689,0.16195387784499288,-1.6291978316493458
123.31,1.12097711246238,0.16268956912349197,-1.61064579822383
123.32,1.12260767697009,0.16342294537932864,-1.5945334450044684
123.33,1.12424556363054,0.1641539994225135,-1.5772493551658826
123.34,1.12589074920665,0.16488272789325448,-1.5604315581700465
123.35,1.12754321042416,0.16560912708457426,-1.5438499464172366
123.36,1.12920292397186,0.16633319332508187,-1.5275079911556035
123.37,1.13086986650207,0.16705492298300467,-1.511405743000805
123.38,1.13254401463092,0.16777431245483995,-1.4955359053927213
123.39,1.13422534493868,0.16849135817482894,-1.4798957181278238
123.4,1.13591383397016,0.16920605661224591,-1.4644927574475952
123.41,1.13760945823501,0.16991840426924626,-1.4490652249947025
123.42,1.13931219420809,0.17062839815192485,-1.4353388112002243
123.43,1.14102201832981,0.17133603097617134,-1.4203424824969295
123.44,1.14273890695033,0.17204130013091698,-1.4042860168357223
123.45,1.14446283645579,0.17274420702667234,-1.3905328708334492
123.46,1.14619378320022,0.17344474673700594,-1.3767148087372556
123.47,1.14793172348573,0.17414291484749156,-1.3627187390310225
123.48,1.14967663358141,0.17483870822391223,-1.3489950655336023
123.49,1.15142848972361,0.17553212361509085,-1.335462662625565
123.5,1.15318726811639,0.1762231578045818,-1.3221233497772549
123.51,1.15495294493176,0.1769118076056675,-1.3089717093280842
123.52,1.15672549631006,0.17759806986825297,-1.2960061362322086
123.53,1.15850489836029,0.178281941474658,-1.2832255068853895
123.54,1.16029112716044,0.17896341934150461,-1.270576427109938
123.55,1.16208415875784,0.17964250053958963,-1.2581922336608287
123.56,1.16388396916948,0.18031918159732893,-1.2473429881010236
123.57,1.16569053436786,0.18099345503283515,-1.233984492035938
123.58,1.16750383024892,0.18166532214665873,-1.2209899069901893
123.59,1.16932383278942,0.18233478376374346,-1.210498078596348
123.6,1.17115051788436,0.18300183298767075,-1.1987109646689629
123.61,1.17298386139973,0.18366646737259334,-1.1873015119343906
123.62,1.17482383917288,0.18432868407291156,-1.17604180893932
123.63,1.17667042701287,0.1849884802724966,-1.1649377488819115
123.64,1.17852360070073,0.18564585318640767,-1.153985860372299
123.65,1.18038333598983,0.18630080006433553,-1.1431841818739719
123.66,1.18224960860619,0.18695331818900005,-1.1325307947559955
123.67,1.18412239424883,0.18760340487433877,-1.122032154803395
123.68,1.18600166859005,0.1882510574660786,-1.1114695625093216
123.69,1.18788740727579,0.1888962737941517,-1.1022686597590765
123.7,1.18977958592594,0.18953904762775883,-1.0921556888267212
123.71,1.19167818008065,0.1901793765713311,-1.0808215842896236
123.72,1.1935831653136,0.1908172630724292,-1.0713581613116816
123.73,1.19549451718851,0.19145270362007638,-1.062083251792456
123.74,1.19741221122013,0.19208569420182675,-1.0524541503306468
123.75,1.19933622289848,0.19271623255833759,-1.0430408957186774
123.76,1.20126652768914,0.1933443162627428,-1.0337502684982935
123.77,1.20320310103359,0.19396994291841313,-1.0245838054206675
123.78,1.20514591834948,0.19459311016016279,-1.0155392111063892
123.79,1.20709495503099,0.19521381565559456,-1.0066146242393084
123.8,1.20905018644912,0.19583205710467233,-0.9978113027054303
123.81,1.21101158795204,0.19644783223549123,-0.9890931256743348
123.82,1.21297913486532,0.19706113891216903,-0.9804272470398157
123.83,1.21495280249233,0.19767197482550478,-0.9737427536632769
123.84,1.21693256610198,0.19828033136158885,-0.9639293948912988
123.85,1.21891840086626,0.19888621188907663,-0.9542679338476429
123.86,1.22091028209337,0.1994896198089254,-0.9477004542579693
123.87,1.22290818499676,0.20009054740774412,-0.9394187288644769
123.88,1.22491208476891,0.20068899321692424,-0.9315132759022074
123.89,1.22692195658165,0.20128495518641304,-0.9236993489464537
123.9,1.22893777558646,0.201878431297405,-0.9159869829565472
123.91,1.23095951691479,0.2024694195608412,-0.9083743257305138
123.92,1.23298715567834,0.20305791801832526,-0.9008603337502398
123.93,1.23502066696939,0.2036439247405005,-0.8934425379791533
123.94,1.23706002586106,0.20422743783059527,-0.8861200461810828
123.95,1.23910520740769,0.20480845542225254,-0.8788932430046595
123.96,1.24115618664507,0.20538697567799766,-0.8717477016865615
123.97,1.2432129385908,0.20596299687442032,-0.8643562148103674
123.98,1.24527543824458,0.20653651785991028,-0.8602749251191344
123.99,1.24734366057884,0.2071075257879899,-0.8513255579079448
124.0,1.2494175804062,0.2076760272905746,-0.842181502575576
124.01,1.2514971727892,0.20824203038091924,-0.8379310088128628
124.02,1.25358241265259,0.20880552409234254,-0.8309258899196188
124.03,1.25567327490425,0.20936650775941942,-0.8244238193467113
124.04,1.25776973443552,0.20992497974450242,-0.8179871099064238
124.05,1.25987176612151,0.21048093843615465,-0.8116320794109161
124.06,1.26197934482133,0.21103438224832813,-0.8053551858300595
124.07,1.26409244537839,0.21158530962967492,-0.7991568419439549
124.08,1.26621104262076,0.21213371905743167,-0.793036149620808
124.09,1.26833511136139,0.21267960903591882,-0.7869916114509533
124.1,1.27046462639844,0.2132229780979859,-0.7810219584993786
124.11,1.27259956251552,0.21376382480591447,-0.7751464576108426
124.12,1.27473989448204,0.2143021477543435,-0.7688437817652355
124.13,1.27688559705348,0.21483794683724672,-0.7658123277172244
124.14,1.2790366449716,0.21537120955674913,-0.7583768805212614
124.15,1.28119301281153,0.21590194204134847,-0.7504783529076094
124.16,1.28335467539963,0.21643015288766443,-0.747181461763825
124.17,1.28552160743276,0.21695583180349662,-0.7413456309681586
124.18,1.28769378359492,0.21747897848057862,-0.7359604327542659
124.19,1.28987117855743,0.21799959167024263,-0.7306246851820748
124.2,1.29205376697932,0.21851767015399853,-0.7253542529712784
124.21,1.29424152350753,0.21903321273916515,-0.7201476289882208
124.22,1.29643442277724,0.2195462182609298,-0.7150045275148598
124.23,1.29863243941209,0.22005668558008526,-0.7099225329888613
124.24,1.30083554802449,0.22056461358924695,-0.7049020449063207
124.25,1.30304372321592,0.2210700012075073,-0.6999422383524797
124.26,1.30525693957717,0.22157284737999533,-0.6950598868436325
124.27,1.30747517168863,0.22207315108066505,-0.6898066192450257
124.28,1.30969839412057,0.22257091247316896,-0.6873048975569016
124.29,1.31192658143344,0.22306612063367667,-0.6813802340176086
124.3,1.31415970803887,0.2235587799924203,-0.6746571047822267
124.31,1.31639774855899,0.22404889896100272,-0.6717226390784514
124.32,1.31864067752588,0.2245364695935929,-0.6670232252410923
124.33,1.3208884694542,0.2250214911569126,-0.6625179767390225
124.34,1.32314109884932,0.2255039628066724,-0.6580786012000597
124.35,1.32539854020768,0.22598388365624444,-0.6536909451339995
124.36,1.32766076801692,0.22646125284383478,-0.6493545905324781
124.37,1.32992775675625,0.22693606953550494,-0.6450700386545074
124.38,1.33219948089662,0.22740833291990392,-0.6408359407395493
124.39,1.33447591490102,0.22787804221192087,-0.6366459181866801
124.4,1.33675703322469,0.2283451966670902,-0.6325421110243155
124.41,1.33904281031538,0.2288097954027457,-0.628451971419426
124.42,1.34133322061145,0.2292718377257493,-0.624373927248001
124.43,1.34362823854677,0.22973132313432085,-0.6203949439474535
124.44,1.34592783854872,0.23018825091599693,-0.616458988810425
124.45,1.34823199503742,0.23064262038625846,-0.612557988056079
124.46,1.35054068242673,0.23109443093775422,-0.6087040623914847
124.47,1.3528538751245,0.23154368198283204,-0.604895221891012
124.48,1.35517154753283,0.2319903729564125,-0.6011297671448853
124.49,1.35749367404828,0.23243450332131416,-0.5974076705158848
124.5,1.3598202290622,0.23287607256558357,-0.5937317572520315
124.51,1.3621511869609,0.23331508019782862,-0.5900443317638187
124.52,1.36448652212592,0.23375152591883497,-0.5866778495299678
124.53,1.3668262089343,0.23418540809809024,-0.5833624381571146
124.54,1.36917022173914,0.23461672522650523,-0.5793439802179865
124.55,1.37151853489489,0.23504547937766573,-0.5757605008257985
124.56,1.37387112278346,0.23547167081658568,-0.5726231200596852
124.57,1.37622795976354,0.23589529778474394,-0.5691795798518808
124.58,1.37858902019035,0.23631636010766344,-0.5658299310797905
124.59,1.38095427841584,0.23673485747076434,-0.5625163075596928
124.6,1.38332370878894,0.23715078958226518,-0.5592401408694933
124.61,1.38569728565577,0.23756415617516108,-0.5560010172107684
124.62,1.38807498335992,0.23797495700699778,-0.5528014833630222
124.63,1.39045677624266,0.23838319185999954,-0.5495789810072709
124.64,1.39284263864322,0.23878886075848946,-0.5465374075895447
124.65,1.39523254489897,0.23919196259158393,-0.5448897977080531
124.66,1.39762646931938,0.23959249016474912,-0.5406281076181735
124.67,1.40002438614095,0.2399904493668263,-0.5365208642530114
124.68,1.40242626975929,0.24038584568325527,-0.534734189343597
124.69,1.40483209449423,0.24077867326790886,-0.5316000382707335
124.7,1.40724183466363,0.2411689325443278,-0.5287059302269017
124.71,1.40965546458352,0.2415566233385865,-0.5258363740234165
124.72,1.41207295856829,0.24194174549657482,-0.5229945329252079
124.73,1.41449429093088,0.24232429888008483,-0.5203134178464627
124.74,1.41691943598292,0.2427042829499182,-0.5169792856126432
124.75,1.41934836803495,0.24308170068974197,-0.5137543076857202
124.76,1.42178106144686,0.24345655441010047,-0.5121056682054896
124.77,1.42421749055963,0.2438288385803289,-0.5096071562566914
124.78,1.42665762965115,0.24419855202248802,-0.5063840878997621
124.79,1.42910145303963,0.24456569765625344,-0.5038513071121474
124.8,1.43154893504416,0.24493027525224198,-0.5012432459949674
124.81,1.43400004998496,0.24529228492974714,-0.49866816848736206
124.82,1.43645477218352,0.24565172683259084,-0.49612071083064135
124.83,1.43891307596294,0.24600860113059472,-0.4936084745825922
124.84,1.44137493564809,0.24636290799217217,-0.4910863233930122
124.85,1.44384032556585,0.24671464779474536,-0.48862985675081894
124.86,1.44630922004774,0.24706382073742356,-0.4862278906647583
124.87,1.44878159342477,0.2474104268980759,-0.48380228727956
124.88,1.45125742003096,0.24775446663532485,-0.4814152531869152
124.89,1.45373667420384,0.24809594028200416,-0.4790596112050929
124.9,1.45621933028406,0.24843484816259126,-0.4767281430454035
124.91,1.45870536261573,0.2487711906311548,-0.4744238140119598
124.92,1.46119474554657,0.24910496806207866,-0.4721384002426522
124.93,1.46368745342818,0.24943618093142458,-0.4696085170407436
124.94,1.46618346061621,0.24976483036056413,-0.46952592417196476
124.95,1.46868274146108,0.2500909054667452,-0.4662461040649229
124.96,1.4711852701665,0.25041441241434226,-0.4623702762339497
124.97,1.47369102117449,0.25073536087116455,-0.4617613434546837
124.98,1.47619996883377,0.25105374348941556,-0.45944002575380205
124.99,1.4787120874947,0.25136956123359977,-0.4573853408769427
125.0,1.48122735150945,0.2516828142804073,-0.455573592342968
125.01,1.4837457352319,0.251993502015907,-0.4525771463739952
125.02,1.48626721301772,0.25230163041359094,-0.4497405855881328
125.03,1.48879175931895,0.2526072041759161,-0.44959754127500123
125.04,1.49131934855622,0.2529102135656769,-0.44800092370488687
125.05,1.49384995503879,0.2532106565595142,-0.4451482069295226
125.06,1.49638355314856,0.25350853847724475,-0.4434180592052078
125.07,1.49892011727053,0.25380385905349745,-0.44151261621851295
125.08,1.50145962179287,0.25409661860166244,-0.44023283826146753
125.09,1.50400204110685,0.254386815435087,-0.4352831894575989
125.1,1.50654734960692,0.25467446683266987,-0.43489480977266487
125.11,1.50909552193072,0.25495956529974867,-0.4358218229267688
125.12,1.51164653236391,0.2552420960310812,-0.4319090490924241
125.13,1.5142003553268,0.2555220704804203,-0.4304042592580387
125.14,1.51675696525183,0.25579948848283485,-0.4286657943152035
125.15,1.51931633657643,0.2560743504774107,-0.42705147082158024
125.16,1.52187844374301,0.25634665657684463,-0.4249593075284475
125.17,1.52444326119895,0.2566164098576,-0.4224981105456072
125.18,1.52701076344277,0.25688361513940644,-0.4218932948157461
125.19,1.5295809249916,0.25714826705307375,-0.4207430326861689
125.2,1.53215372026748,0.25741036321967525,-0.4184118751710687
125.21,1.53472912375026,0.25766990809825696,-0.41693825553280095
125.22,1.53730710992569,0.25792690185065803,-0.4153573982350371
125.23,1.53988765328549,0.25818134506791124,-0.4138164153193448
125.24,1.54247072832724,0.2584332382938352,-0.4122106292859244
125.25,1.54505630955451,0.2586825825269183,-0.41071855789565886
125.26,1.54764437148259,0.25892937823767487,-0.4092955668149428
125.27,1.55023488862506,0.2591736256167469,-0.4077816638954497
125.28,1.55282783550312,0.25941532546824486,-0.4063248987768443
125.29,1.55542318664474,0.2596544784204957,-0.40488595005964223
125.3,1.55802091658384,0.259891085065983,-0.4035862186579731
125.31,1.56062099986036,0.2601251455201718,-0.4018439285078911
125.32,1.56322341102016,0.2603566630845859,-0.39870749357372803
125.33,1.56582812467288,0.26058564822083835,-0.3990155124751433
125.34,1.56843511551385,0.26081209192783117,-0.3989188598643767
125.35,1.57104435802338,0.2610359873621663,-0.3961348731856689
125.36,1.57365582679282,0.2612573431763465,-0.39505120297064683
125.37,1.57626949642118,0.26147615927291834,-0.3937233552124321
125.38,1.57888534151509,0.2616924364130043,-0.39268185428558144
125.39,1.58150333668879,0.2619061744312516,-0.39012802798935403
125.4,1.58412345656414,0.26211738159832576,-0.38897358344023125
125.41,1.58674567588183,0.2623260580420894,-0.3891951363327413
125.42,1.58936996926761,0.2625321960000149,-0.387463047669371
125.43,1.5919963113515,0.26273579882109177,-0.3859815312487921
125.44,1.5946246768015,0.2629368691261458,-0.384844448058722
125.45,1.59725504029442,0.2631354075504892,-0.38365881207428854
125.46,1.59988737651583,0.2633314149776763,-0.38249454339735856
125.47,1.60252166016008,0.26352489226368164,-0.3813973992800752
125.48,1.60515786592946,0.26371583999665515,-0.3802299625070409
125.49,1.60779596853182,0.26390425926850114,-0.37907686825272086
125.5,1.61043594269015,0.2640901511894167,-0.3780181352508046
125.51,1.61307776313338,0.2642735164188337,-0.3769306557688244
125.52,1.61572140459921,0.264454355853259,-0.37586027570787134
125.53,1.61836684183404,0.2646326703659071,-0.3749365011784928
125.54,1.62101404959304,0.26480846034466954,-0.37328282238713056
125.55,1.62366300264011,0.2649817304554103,-0.37208241517974194
125.56,1.62631367580641,0.26515248259059154,-0.37195066019777456
125.57,1.62896604388635,0.2653207124422445,-0.37089340227951945
125.58,1.63162008165209,0.2654864210802521,-0.36960648628208886
125.59,1.63427576391248,0.26564961130267445,-0.3687002668954758
125.6,1.63693306548582,0.26581028382740757,-0.36774782974685627
125.61,1.63959196119987,0.26596843957749455,-0.3669126222839186
125.62,1.64225242589192,0.2661240792039129,-0.3652374423098418
125.63,1.64491443441198,0.266277208061159,-0.36474968381147943
125.64,1.64757796167823,0.26642782460301423,-0.3644781623915639
125.65,1.65024298252301,0.2665759260373287,-0.3630429610270611
125.66,1.6529094718278,0.2667215164449973,-0.36226391103856986
125.67,1.65557740448406,0.2668645964982656,-0.3614038791233266
125.68,1.65824675539323,0.2670051671906537,-0.3606319820369299
125.69,1.66091749946666,0.2671432292462472,-0.3595045191404286
125.7,1.66358961162572,0.26727878563241325,-0.35837390260426905
125.71,1.66626306683443,0.26741183920283573,-0.35816464363366657
125.72,1.6689378400595,0.2675423874059039,-0.357526842399089
125.73,1.67161390623256,0.26767043023199766,-0.3564242872399317
125.74,1.67429124032205,0.26779597065033633,-0.35571913347498557
125.75,1.67696981730699,0.2679190094962536,-0.35497168743014196
125.76,1.6796496121769,0.26803954781982425,-0.35415669432812674
125.77,1.68233059993181,0.2681575869797578,-0.3538731559751272
125.78,1.68501275558223,0.26827312541867027,-0.35298975924153947
125.79,1.68769605411206,0.26838616525500053,-0.35189901728753264
125.8,1.69038047056866,0.26849670995399144,-0.3515040962257778
125.81,1.69306597999265,0.2686047589645043,-0.3508217224678086
125.82,1.69575255743247,0.26871031331100287,-0.3501663697786079
125.83,1.6984401779468,0.26881337403690625,-0.34954908172956434
125.84,1.70112881660454,0.26891394207642455,-0.34885209718666726
125.85,1.70381844848478,0.2690120189864124,-0.3480199869026939
125.86,1.70650904868714,0.26910760709066656,-0.3476640209050662
125.87,1.70920059232923,0.2692007059278486,-0.34722384221548547
125.88,1.71189305450926,0.26929131558492786,-0.34645843867947457
125.89,1.7145864103504,0.26937943820473653,-0.3459265766113847
125.9,1.71728063498631,0.26946507471109127,-0.34537822179824273
125.91,1.71997570356106,0.26954822614834917,-0.3447458687465782
125.92,1.72267159122921,0.26962889393149875,-0.34470932603172333
125.93,1.7253682731558,0.26970707611349937,-0.34411465537384484
125.94,1.72806572447245,0.2697827742578318,-0.3430877971543995
125.95,1.73076392037336,0.2698559926379148,-0.3428297851256331
125.96,1.73346283605875,0.26992673104699144,-0.3424262033896087
125.97,1.73616244672965,0.2699949899844993,-0.3419506781479028
125.98,1.73886272759713,0.2700607705286721,-0.3414821110274834
125.99,1.74156365388226,0.2701240737922476,-0.34107790821957124
126.0,1.74426520081619,0.2701849003355813,-0.34126312173820406
126.01,1.74696734362706,0.2702432475288267,-0.34038364373638147
126.02,1.74967005751526,0.27029911925575134,-0.33952464852200154
126.03,1.75237331777136,0.27035251941025706,-0.3396198547043146
126.04,1.7550770996599,0.27040344619883955,-0.3391729038684926
126.05,1.75778137845495,0.27045190087206517,-0.33882525639682815
126.06,1.76048612944012,0.2704978843785048,-0.3383815350605544
126.07,1.76319132790847,0.2705413980708375,-0.33854052237273735
126.08,1.76589694916264,0.2705824397861619,-0.33835845027927436
126.09,1.76860296846661,0.2706210096591777,-0.33741521748360803
126.1,1.7713093611309,0.27065711253824365,-0.3372020559142494
126.11,1.77401610249545,0.27069074901916457,-0.3371458073519603
126.12,1.77672316788877,0.2707219185853353,-0.3368531523773771
126.13,1.77943053264727,0.2707506221864146,-0.3366165813417585
126.14,1.78213817211522,0.2707768606059998,-0.3363568280600934
126.15,1.78484606164468,0.2708006347529028,-0.33628964476909845
126.16,1.78755417659533,0.270821944400849,-0.3362659752226351
126.17,1.7902624923178,0.27084078924224747,-0.3357899801413632
126.18,1.79297098417208,0.2708571717921715,-0.33553399274204154
126.19,1.79567962754961,0.27087109333949017,-0.3355481573805417
126.2,1.79838839783475,0.2708825535377454,-0.33537664046897436
126.21,1.80109727041842,0.2708915531541826,-0.33525020340596756
126.22,1.80380622069803,0.27089809283217436,-0.3351043237687766
126.23,1.80651522407735,0.2709021733344123,-0.3350948665359592
126.24,1.80922425596633,0.2709037945049157,-0.3354586045215126
126.25,1.81193329176469,0.2709029542213156,-0.3349689065895322
126.26,1.81464230685616,0.270899655618001,-0.33459764565961647
126.27,1.81735127668943,0.27089390123149854,-0.334924003354473
126.28,1.82006017669009,0.27088568940574026,-0.3348392741972349
126.29,1.82276898228835,0.27087502082442005,-0.33483255883415414
126.3,1.82547766891883,0.27086189592184046,-0.33482624380619763
126.31,1.82818621202042,0.27084631517459806,-0.3348065629823237
126.32,1.83089458703603,0.27082827893983497,-0.33548696818766044
126.33,1.833602769405,0.27080778368765435,-0.33513595036998445
126.34,1.83631073452269,0.2707848322162365,-0.3346909428934722
126.35,1.83901845787118,0.2707594280061695,-0.33525749239600994
126.36,1.84172591489952,0.2707315685170094,-0.3352800353518057
126.37,1.8444330810589,0.2707012542460826,-0.335399329049019
126.38,1.84713993180241,0.2706684853694963,-0.33553607210959846
126.39,1.84984644258477,0.270633262040824,-0.33553744718460365
126.4,1.85255258886214,0.2705955849524026,-0.3364839722695406
126.41,1.85525834609184,0.27055544945917553,-0.3363194758182758
126.42,1.85796368966468,0.2705128577267476,-0.3358418958151091
126.43,1.86066859506999,0.27046781392066993,-0.33659539028751206
126.44,1.86337303776013,0.2704203149271611,-0.3367616566476173
126.45,1.86607699318496,0.27037036085332444,-0.3370118703312499
126.46,1.86878043679318,0.2703179515792631,-0.3372823924772882
126.47,1.87148334403199,0.2702630869438246,-0.3374510259584054
126.48,1.87418569034686,0.2702057672000824,-0.33834072879464616
126.49,1.87688745118114,0.2701459884864181,-0.3385639444563129
126.5,1.87958860192237,0.2700837511239137,-0.33827778541484776
126.51,1.8822891180177,0.2700190586062523,-0.33891049084830727
126.52,1.88498897490447,0.26995190903916594,-0.33936104747418244
126.53,1.88768814800519,0.26988230140240765,-0.3397334786884649
126.54,1.89038661273759,0.2698102352926668,-0.3401479004104527
126.55,1.89308434451437,0.2697357101877703,-0.3404776167202094
126.56,1.89578131874279,0.26965872591408296,-0.34139998191202814
126.57,1.89847751082426,0.269579278844323,-0.34202646098349404
126.58,1.90117289610702,0.26949736738424346,-0.3418459454164986
126.59,1.90386744996689,0.26941299488967285,-0.34239447860748456
126.6,1.90656114779772,0.2693261604916638,-0.343164759883797
126.61,1.9092539649631,0.26923686183257434,-0.3436669808041909
126.62,1.9119458768177,0.2691450981795111,-0.34424042649514663
126.63,1.91463685870682,0.26905086857250127,-0.34473919358217603
126.64,1.91732688596594,0.26895417236974345,-0.34571353228269086
126.65,1.92001593392032,0.26885500602074064,-0.3468834003199802
126.66,1.92270397784133,0.26875336520908644,-0.3467332843787569
126.67,1.92539099298745,0.26864925362041586,-0.3471194153081474
126.68,1.92807695467789,0.26854267190099534,-0.34832342878762507
126.69,1.93076183817835,0.2684336157221764,-0.34895939836270595
126.7,1.93344561874041,0.26832208397534013,-0.349710445646692
126.71,1.93612827160095,0.26820807516507544,-0.35041863062143425
126.72,1.93880977198165,0.2680915879982408,-0.35135532708627243
126.73,1.94149009508846,0.2679726195387496,-0.353156867756693
126.74,1.9441692160807,0.2678511622614954,-0.3531403422542725
126.75,1.9468471100487,0.26772721956541495,-0.35329354559290005
126.76,1.94952375219219,0.26760079400550696,-0.35497703619626486
126.77,1.95219911763253,0.26747187908408393,-0.3557661963390707
126.78,1.95487318147068,0.2673404732159157,-0.3567168820142373
126.79,1.95754591878653,0.2672065742623372,-0.3576678293065004
126.8,1.96021730463828,0.26707018012956574,-0.3585393636055488
126.81,1.96288731406185,0.26693128869623717,-0.36096237306829676
126.82,1.96555592205769,0.266789889351086,-0.36118519907608504
126.83,1.96822310349826,0.26664598459533173,-0.3611371313233311
126.84,1.97088883340743,0.2664995786822481,-0.36328544075588376
126.85,1.97355308670833,0.26635066309382655,-0.36425810534112996
126.86,1.97621583829638,0.26619923563982834,-0.365431942307609
126.87,1.9788770630386,0.26604529344059213,-0.36663906174021493
126.88,1.98153673577281,0.26588883353959036,-0.3675443333360364
126.89,1.9841948313069,0.26572985409983507,-0.3705054394999022
126.9,1.98685132441803,0.2655683419504988,-0.37110293212859863
126.91,1.98950618970838,0.2654042979545024,-0.3709058178414866
126.92,1.99215940195059,0.265237727778341,-0.37338812825716483
126.93,1.99481093581284,0.26506862170817735,-0.3746775934114144
126.94,1.99746076592031,0.26489697626325326,-0.3760908387907736
126.95,2.00010886686116,0.26472278774990293,-0.3775557557278231
126.96,2.00275521318556,0.2645460523267566,-0.37873698683942225
126.97,2.00539977940485,0.2643667672094933,-0.3818106819410132
126.98,2.00804253999062,0.2641849190993306,-0.38321121117349866
126.99,2.0106834692365,0.2640005048099211,-0.38309912997581924
127.0,2.01332254154684,0.2638135300984853,-0.3853969092917699
127.01,2.01595973127742,0.2636239870616823,-0.3873419288163347
127.02,2.01859501270616,0.2634318692054993,-0.3889906991267432
127.03,2.02122836006366,0.2632371720055852,-0.39075381308531076
127.04,2.0238597475321,0.2630398905715851,-0.3922817621085515
127.05,2.02648914924427,0.2628400208950684,-0.39533397312707785
127.06,2.02911653928245,0.2626375503448279,-0.39775877266376486
127.07,2.03174189155905,0.2624324705374992,-0.3978571557021365
127.08,2.03436518000896,0.26222478663783616,-0.3998144603287332
127.09,2.03698637859185,0.2620144934525929,-0.4025531813894331
127.1,2.03960546114831,0.261801580869081,-0.4044696298732313
127.11,2.04222240145954,0.26158604339875013,-0.40657575183168543
127.12,2.04483717324619,0.2613678749211516,-0.40856092580958314
127.13,2.04744975016704,0.2611470697854834,-0.41132544728149323
127.14,2.05006010581777,0.26092361767258154,-0.4147788087353716
127.15,2.05266821365792,0.26069750505775724,-0.41571292557607886
127.16,2.05527404705252,0.2604687329260817,-0.41735717504587005
127.17,2.05787757943811,0.26023729851458366,-0.4207354899996733
127.18,2.06047878410816,0.2600031891516771,-0.4230456345814896
127.19,2.06307763428129,0.2597663978589071,-0.4254862220708606
127.2,2.06567410309976,0.2595269172389947,-0.4284583541880965
127.21,2.06826816362784,0.2592847369898288,-0.43127371110163104
127.22,2.07085978881188,0.25903984796741275,-0.4334102728687886
127.23,2.07344895153947,0.2587922449972672,-0.43615084849503805
127.24,2.07603562463671,0.2585419197121852,-0.43915268255845574
127.25,2.07861978082681,0.25828886224483394,-0.441974269388848
127.26,2.08120139274514,0.2580330638659034,-0.4446825980979544
127.27,2.08378043293753,0.2577745162645936,-0.4486800463033393
127.28,2.08635687385856,0.2575132043284264,-0.4515864583538176
127.29,2.08893068778242,0.2572491193087445,-0.4536565604561904
127.3,2.09150184698485,0.25698225729308505,-0.4572925536218151
127.31,2.0940703236308,0.25671260596732787,-0.46062068949376933
127.32,2.09663608977043,0.25644015442885343,-0.46390023499059324
127.33,2.09919911735098,0.2561648924385892,-0.4667622907687013
127.34,2.10175937821483,0.2558868110827469,-0.47314634604435357
127.35,2.10431684409337,0.25560588323983635,-0.47542718270237294
127.36,2.10687148637962,0.25532210462472227,-0.47661795102899024
127.37,2.10942327668052,0.25503547719617126,-0.4822997152705708
127.38,2.11197218635706,0.2547459787995162,-0.4857668914539912
127.39,2.11451818664935,0.25445359829348035,-0.48959570250313095
127.4,2.11706124867432,0.25415832341156486,-0.49355601964845836
127.41,2.11960134342338,0.25386014087151654,-0.49868695592315576
127.42,2.12213844173991,0.25355903163659654,-0.5020785059445673
127.43,2.12467251426949,0.253254986346733,-0.5054270233228318
127.44,2.12720353164681,0.25294799612431973,-0.5104958079307877
127.45,2.12973146431697,0.252638043009934,-0.5147364015868294
127.46,2.13225628258483,0.25232511328360613,-0.5190351224908373
127.47,2.13477795661246,0.2520091931202395,-0.5241518778031391
127.48,2.1372964564167,0.2516902641161778,-0.5301007101976759
127.49,2.1398117517975,0.25136830422116674,-0.5334234927195488
127.5,2.14232381237121,0.25104330574356276,-0.537483575170496
127.51,2.144832607742,0.25071525741408773,-0.5434673687376289
127.52,2.14733810728347,0.2503841377409185,-0.5483609618235299
127.53,2.14984028020589,0.2500499308365711,-0.5532165218551636
127.54,2.15233909555342,0.24971262102460406,-0.5599069576857769
127.55,2.15483452220121,0.24937218311958573,-0.5660342097610035
127.56,2.15732652872308,0.24902859570858177,-0.5695474921089435
127.57,2.15981508358882,0.2486818515120078,-0.5751257023035492
127.58,2.16230015516927,0.2483319328579888,-0.5816611006578672
127.59,2.16478171158929,0.2479788167572698,-0.5874037529983082
127.6,2.16725972078388,0.24762248455018065,-0.5929193578838956
127.61,2.16973415049483,0.24726291837365116,-0.6014602045282524
127.62,2.17220496826757,0.2469000853750014,-0.60747133978967
127.63,2.17467214125397,0.24653396652473497,-0.6114009091088762
127.64,2.177135636612,0.24616455397992176,-0.6190058939372629
127.65,2.1795954212673,0.24579182145100983,-0.625950990656779
127.66,2.18205146189662,0.24541574539140484,-0.6327013836404057
127.67,2.18450372495681,0.24503630390990683,-0.6393049421837063
127.68,2.18695217668111,0.24465347557233547,-0.648353012265641
127.69,2.18939678307403,0.24426722734282777,-0.6547862448598935
127.7,2.1918375097657,0.24387753998642941,-0.66056491260681
127.71,2.19427432235239,0.243484397987855,-0.6694305943857809
127.72,2.19670718610962,0.24308777064973772,-0.676929785122918
127.73,2.19913606606685,0.24268763381676273,-0.6846848525519154
127.74,2.20156092700341,0.24228396273574168,-0.6926853418436457
127.75,2.2039817334447,0.24187673049340663,-0.7045304729977941
127.76,2.20639844960413,0.24146589231059576,-0.7111311504439621
127.77,2.2088110392134,0.2410514303797462,-0.7170958740799426
127.78,2.21121946607574,0.24063333066117742,-0.7282980623643225
127.79,2.21362369357201,0.2402115534931748,-0.7369158260772014
127.8,2.21602368479367,0.23978607107882172,-0.7464976205940391
127.81,2.21841940253766,0.23935685195323927,-0.7563040609340016
127.82,2.22081080927148,0.2389238640394198,-0.7654723241477855
127.83,2.2231978671601,0.23848707889075893,-0.7751899801143901
127.84,2.22558053808846,0.2380464658506498,-0.7855233751681746
127.85,2.22795878360661,0.23760199160508905,-0.7956827666695031
127.86,2.23033256494148,0.2371536239387388,-0.8065095289646335
127.87,2.23270184299165,0.23670132801082805,-0.817163739717894
127.88,2.23506657829613,0.23624507034474274,-0.8277691258627157
127.89,2.23742673108251,0.2357848182189426,-0.8390759003831137
127.9,2.23978226122699,0.23532053608050035,-0.8503825663907881
127.91,2.24213312825226,0.23485218871923305,-0.8619832421954585
127.92,2.24447929132447,0.23437973939802367,-0.8759753177543618
127.93,2.24682070921604,0.2339031410654798,-0.8870012194301328
127.94,2.24915734020947,0.2334223616280847,-0.8978180226735949
127.95,2.2514891424044,0.23293737067760686,-0.9118750558352822
127.96,2.25381607343598,0.2324481230658204,-0.9243147915191258
127.97,2.25613809054681,0.23195458076850456,-0.9387082615472996
127.98,2.25845515058085,0.2314566973289985,-0.9534939588905552
127.99,2.26076720987114,0.2309544255833999,-0.9655187794483764
128.0,2.26307422435114,0.23044773219608183,-0.9791640587790507
128.01,2.26537614963912,0.22993657706408266,-0.9945791584707464
128.02,2.26767294086116,0.22942091217315053,-1.0088576457506993
128.03,2.26996455270361,0.22890069464842994,-1.025515495786884
128.04,2.27225093940628,0.2283758718599242,-1.0406907241342471
128.05,2.27453205464227,0.22784639895231756,-1.0549998855151441
128.06,2.27680785174725,0.22731223589200397,-1.071854193059893
128.07,2.27907828355709,0.22677333182099524,-1.0882545170631124
128.08,2.2813433024178,0.22622963818526393,-1.1050028499009166
128.09,2.28360286018815,0.22568110545041117,-1.1233878288612649
128.1,2.2858569082135,0.22512767779099274,-1.140201377386096
128.11,2.28810539726864,0.2245693074904409,-1.1571135538593589
128.12,2.2903482777268,0.22400594729858153,-1.1761702629949553
128.13,2.2925854993957,0.22343754119159195,-1.1944038511660993
128.14,2.29481701155415,0.2228640369868251,-1.214426227938791
128.15,2.29704276294445,0.2222853754575612,-1.2347933590312203
128.16,2.29926270167838,0.2217014972006548,-1.253011722368324
128.17,2.30147677533463,0.22111235353285963,-1.2728935215523334
128.18,2.30368493101151,0.22051788945190628,-1.294351311933271
128.19,2.30588711518555,0.21991804366972384,-1.3150413916652386
128.2,2.30808327375151,0.21931275874077136,-1.3374958574791538
128.21,2.31027335201426,0.2187019703282833,-1.3611647125585085
128.22,2.3124572945923,0.21808561041609295,-1.3816980013641078
128.23,2.31463504547248,0.21746362606217912,-1.4036811250198526
128.24,2.31680654816734,0.21683595922208365,-1.4283514167355114
128.25,2.31897174548712,0.21620254098881908,-1.4518661927091143
128.26,2.32113057960277,0.2155633080110057,-1.47664807630592
128.27,2.32328299203726,0.21491819259084055,-1.5030690180077473
128.28,2.32542892360714,0.21426712159306657,-1.5271278762008318
128.29,2.32756831441118,0.21361003346749285,-1.5519875379073464
128.3,2.32970110400296,0.21294686455560763,-1.5795120217104615
128.31,2.33182723118772,0.21227754092797796,-1.6062148340359734
128.32,2.33394663407279,0.2116019929733056,-1.633761468379605
128.33,2.33605925005846,0.21092014888000796,-1.6626441581371592
128.34,2.33816501581208,0.21023193270835647,-1.6906261508330178
128.35,2.34026386723644,0.20953727378700826,-1.7191014940385108
128.36,2.34235573957163,0.2088361007839231,-1.7493783637388158
128.37,2.34444056728042,0.20812833616983273,-1.7795137074845226
128.38,2.34651828406985,0.20741390418483147,-1.810315489555025
128.39,2.34858882288182,0.20669272781052017,-1.8420269814408032
128.4,2.35065211588065,0.20596472775301264,-1.8738937126015798
128.41,2.35270809442956,0.20522982559855557,-1.9062470466101131
128.42,2.35475668912141,0.2044879424407453,-1.9396442348941312
128.43,2.35679782973607,0.2037389966139373,-1.9734226282698633
128.44,2.35883144523984,0.20298290652568016,-2.0072127727339164
128.45,2.36085746378333,0.20221959204193007,-2.042472378409706
128.46,2.36287581271641,0.20144896853150723,-2.07852737074769
128.47,2.3648864185036,0.20067094968409344,-2.1144442479126906
128.48,2.36688920677822,0.19988545141522338,-2.1513289362758186
128.49,2.36888410231572,0.199092387889932,-2.1874382055586024
128.5,2.37087102904354,0.19829167771994172,-2.226117383682716
128.51,2.37284991007937,0.19748323065983028,-2.2657556012198636
128.52,2.37482066756103,0.19666695419648939,-2.3043318914780295
128.53,2.37678322277646,0.19584276187482041,-2.3442649141585483
128.54,2.37873749611668,0.1950105643857558,-2.382822715186
128.55,2.38068340709959,0.19417027905748915,-2.4249009196854496
128.56,2.38262087441978,0.19332181067016618,-2.467974995776792
128.57,2.38454981571436,0.19246506162715615,-2.509264936880462
128.58,2.38647014775442,0.19159994335242367,-2.5520815903782137
128.59,2.38838178638145,0.19072636419476358,-2.5927288150044916
128.6,2.39028464655421,0.1898442419869991,-2.6382820693295965
128.61,2.39217864240931,0.18895347657432357,-2.684798578224272
128.62,2.39406368693886,0.18805396551189552,-2.728497969447382
128.63,2.39593969226973,0.18714561954383443,-2.773875186494761
128.64,2.39780656957614,0.18622834626826532,-2.81608747636183
128.65,2.39966422916229,0.18530206621449885,-2.8650890161286973
128.66,2.40151258052715,0.18436667448827512,-2.914873415885771
128.67,2.40335153193207,0.18342206446840814,-2.9604865851089643
128.68,2.40518099079579,0.18246814813898857,-3.007898278306848
128.69,2.4070008635752,0.18150483438959347,-3.051165178238861
128.7,2.40881105589551,0.18053204827442512,-3.103328526066039
128.71,2.41061147260308,0.17954968104732702,-3.1558570419657452
128.72,2.4124020172259,0.17855762360817024,-3.2028170781460963
128.73,2.41418259249264,0.1775557910708196,-3.2514780437917894
128.74,2.41595310017901,0.17654409628517315,-3.2951227898089237
128.75,2.41771344129946,0.17552247098917562,-3.3499634525037356
128.76,2.41946351612624,0.17449080383557342,-3.4044504990603444
128.77,2.42120322355178,0.1734489855417317,-3.452003624803338
128.78,2.4229324617373,0.17239693663183936,-3.5008415048314117
128.79,2.42465112792293,0.1713345773618406,-3.5439226398764214
128.8,2.42635911869962,0.17026184903814098,-3.6007892268407256
128.81,2.42805632996692,0.169178639175079,-3.6562117611204945
128.82,2.42974265620464,0.16808484110651206,-3.7033442429998065
128.83,2.43141799126208,0.16698038374832747,-3.751009886215387
128.84,2.43308222812812,0.16586519899581081,-3.792433422306267
128.85,2.43473525930496,0.1647392409637701,-3.850430670499127
128.86,2.43637697666818,0.16360239804774634,-3.9054516547829494
128.87,2.43800727066691,0.1624545699117408,-3.950955564320113
128.88,2.43962603125799,0.16129569739997685,-3.995910612258195
128.89,2.44123314763403,0.16012572883314924,-4.034585945994905
128.9,2.44282850871714,0.15894463425827715,-4.092486066956356
128.91,2.44441200288013,0.15775230601559426,-4.145445087164279
128.92,2.4459835171158,0.15654865499648749,-4.188078057383769
128.93,2.44754293810144,0.15533363767507025,-4.228578229642404
128.94,2.44909015188804,0.15410722455306836,-4.263265717450086
128.95,2.45062504453704,0.15286940550216882,-4.3197374171563725
128.96,2.45214750165423,0.1516200802654429,-4.368886236695657
128.97,2.4536574075707,0.15035917657250839,-4.406641078343301
128.98,2.45515464652547,0.1490866728618386,-4.444060490584498
128.99,2.45663910231826,0.14780255421166233,-4.475165724556303
129.0,2.45811065889129,0.14650682831125472,-4.522838805379028
129.01,2.45956919999186,0.14519943242842967,-4.56596872598668
129.02,2.46101460851692,0.14388032194400102,-4.595685426423725
129.03,2.46244676743189,0.14254951172092784,-4.626421127834551
129.04,2.46386555977825,0.1412070136321016,-4.6644123812531975
129.05,2.46527086867599,0.13985280609764006,-4.701021148658515
129.06,2.46666257683387,0.13848687315459002,-4.728533407891355
129.07,2.46804056714513,0.13710924028792112,-4.753434873164713
129.08,2.46940472275282,0.1357199451369769,-4.7852497273070425
129.09,2.47075492719304,0.1343189931489741,-4.816800943622771
129.1,2.47209106380071,0.1329063905780655,-4.839096438837584
129.11,2.47341301635037,0.1314821879734307,-4.854989540793401
129.12,2.47472066914209,0.13004646574015605,-4.88140510596014
129.13,2.47601390736727,0.1285992546031567,-4.908978284243756
129.14,2.47729261604709,0.1271405792932871,-4.924249801740355
129.15,2.47855668103799,0.1256705249847445,-4.932845984066585
129.16,2.47980598899266,0.12418921076649733,-4.952448680628738
129.17,2.48104042793366,0.12269670186041415,-4.974500455569654
129.18,2.48225988592047,0.1211930514014877,-4.983342116749816
129.19,2.48346425223722,0.11967837954266851,-4.987180124707731
129.2,2.48465341725296,0.1181528351454871,-4.999424016621
129.21,2.48582727304846,0.11661652449409163,-5.014332989312199
129.22,2.48698571219293,0.11506954111593823,-5.018218487726381
129.23,2.48812862881769,0.11351203774258393,-5.017530209260254
129.24,2.48925591847289,0.11194419564177031,-5.023256407484357
129.25,2.49036747875903,0.11036616319091141,-5.03158170767337
129.26,2.49146320824664,0.108778076879823,-5.030961648041748
129.27,2.49254300742478,0.10718012492766382,-5.026166856007119
129.28,2.49360677857331,0.1055725241817814,-5.026360688150785
129.29,2.49465442638107,0.10395546618941673,-5.029167626994942
129.3,2.49568585699515,0.10232913133442212,-5.024292471403192
129.31,2.49670097885677,0.10069374796576325,-5.017144282172898
129.32,2.49769970261878,0.09904956495414934,-5.012562987807433
129.33,2.49868194161422,0.09739682007041303,-5.010331767985071
129.34,2.49964761126025,0.09573574241484492,-5.002895155780775
129.35,2.50059662958008,0.09406659775984169,-4.994817913076915
129.36,2.50152891725588,0.09238966431107296,-4.986983473785106
129.37,2.50244439784808,0.09070522502340936,-4.980381417363065
129.38,2.50334299768692,0.08901356226975374,-4.971912008190952
129.39,2.50422464602559,0.08731497754006871,-4.963421651439875
129.4,2.50508927520359,0.08560978114539783,-4.955150692759139
129.41,2.50593682067663,0.08389829088397693,-4.945949413034466
129.42,2.50676722115779,0.08218084006664794,-4.936769039429277
129.43,2.50758041875311,0.0804577714757023,-4.928864834287103
129.44,2.50837635900743,0.0787294282184492,-4.922379779707276
129.45,2.50915499089667,0.07699615423582366,-4.91287776501855
129.46,2.50991626692006,0.07525832694107079,-4.90361368019692
129.47,2.51066014354585,0.07351633430091968,-4.8974742975585235
129.48,2.51138658096794,0.07177055133333887,-4.894820207847664
129.49,2.5120955431636,0.07002133871174174,-4.887073853072286
129.5,2.51278699770206,0.06826911118335,-4.878740167695387
129.51,2.5134609167734,0.06651430338209252,-4.875723657483031
129.52,2.51411727650434,0.06475731956758028,-4.878443932675411
129.53,2.51475605717599,0.06299852974175346,-4.874494812931277
129.54,2.51537724257467,0.06123837776857618,-4.868518626374979
129.55,2.51598082176703,0.05947734308906864,-4.870308447727108
129.56,2.51656678790043,0.05771585326432479,-4.879078995964681
129.57,2.51713513861138,0.0559542866627442,-4.8812136296451705
129.58,2.51768587493775,0.05419310412317543,-4.879605252633806
129.59,2.51821900366606,0.05243282239266733,-4.88819111236707
129.6,2.51873453584309,0.050673882885221566,-4.901982742823542
129.61,2.51923248716698,0.04891668950730196,-4.913374937778919
129.62,2.51971287699888,0.047161696237278214,-4.919723235009603
129.63,2.5201757301715,0.04540943389185944,-4.934224131316266
129.64,2.52062107633078,0.043660375073225254,-4.955493046269322
129.65,2.52104894975516,0.04191493778559578,-4.977465916380239
129.66,2.52145938865937,0.04017356064126195,-4.993918602176431
129.67,2.52185243626595,0.03843677685900031,-5.016183310704214
129.68,2.52222814114015,0.03670508584964945,-5.046693777692866
129.69,2.52258655637832,0.03497891418357731,-5.080521525178867
129.7,2.52292773925637,0.033258678953003905,-5.109155568533277
129.71,2.52325175149368,0.03154490526623792,-5.14156127119948
129.72,2.52355866058867,0.029838111664592937,-5.183415844141189
129.73,2.52384853840477,0.02813872583726784,-5.230611195598181
129.74,2.52412146114534,0.026447136970231266,-5.273339526767394
129.75,2.52437750884657,0.02476385639316551,-5.318726685034035
129.76,2.52461676768664,0.023089412887589145,-5.373702197321844
129.77,2.52483932796799,0.02142423897157538,-5.436614151425304
129.78,2.52504528457019,0.019768679512318275,-5.4963098122572696
129.79,2.52523473523838,0.018123216520079165,-5.55707307634549
129.8,2.52540778430828,0.016488393517081572,-5.629739386528548
129.81,2.5255645398903,0.014864611663323313,-5.707649760866033
129.82,2.5257051145635,0.013252228667903765,-5.788108041446418
129.83,2.52582962388054,0.011651659737010878,-5.870124779362191
129.84,2.52593818879005,0.010063412119676318,-5.9613837482998235
129.85,2.52603093453426,0.008487895879660812,-6.059055432421436
129.86,2.5261079903389,0.006925469728088126,-6.162331197235764
129.87,2.52616948876578,0.00537648250585517,-6.269573676608895
129.88,2.52621556627484,0.0038413846812172343,-6.384224146209226
129.89,2.52624636412108,0.0023205964655881317,-6.506786892774335
129.9,2.52626202701955,0.0008144583930909851,-6.635815495404877
129.91,2.52626270314759,-0.0006767339169229855,-6.772128585795784
129.92,2.52624854347975,-0.002152586303057665,-6.916684468679172
129.93,2.52621970387271,-0.0036126908329251846,-7.069568014901268
129.94,2.52617634317688,-0.0050567330092639775,-7.228981461077508
129.95,2.52611862362458,-0.006484462180741021,-7.3994013488781105
129.96,2.52604670945582,-0.007895539194080481,-7.580959497618002
129.97,2.52596076956592,-0.009289584722319926,-7.769890281725201
129.98,2.52586097541089,-0.01066633144264732,-7.96794617377124
129.99,2.52574750143182,-0.01202553206276491,-8.177765544088508
130.0,2.52562052415614,-0.013366922309491585,-8.402743874457116
130.01,2.52548022337545,-0.014690188260172803,-8.637237783565284
130.02,2.52532678163707,-0.01599507463701707,-8.882330098269117
130.03,2.52516038387048,-0.0172813628110687,-9.139400306372558
130.04,2.52498121707282,-0.018548848242405658,-9.415553672017246
130.05,2.52478947039878,-0.019797283152008426,-9.705895373507532
130.06,2.52458533565256,-0.02102643852373391,-10.007529156075687
130.07,2.52436900648664,-0.02223613309067322,-10.32245389385521
130.08,2.52414067839855,-0.02342620845752208,-10.659617228507393
130.09,2.52390054833758,-0.024596477294473267,-11.01620994666695
130.1,2.52364881547498,-0.025746753195924715,-11.385341394827137
130.11,2.52338568037342,-0.026876896150936545,-11.771121412507576
130.12,2.52311134506878,-0.0279867850343322,-12.180894390578072
130.13,2.52282601262609,-0.029076287584003012,-12.614386792843556
130.14,2.52252988770046,-0.030145270172776684,-13.06260202140071
130.15,2.52222317593694,-0.03119363723050143,-13.534993922859059
130.16,2.52190608397631,-0.03222129641542819,-14.029919739511172
130.17,2.52157881930055,-0.0332281665301674,-14.549434693189239
130.18,2.52124159017919,-0.03421417441950385,-15.091841590223881
130.19,2.5208946055436,-0.03517926157966904,-15.660682392246501
130.2,2.52053807485105,-0.0361233763558048,-16.257848415755884
130.21,2.52017220806499,-0.03704647295181459,-16.874616919232317
130.22,2.51979721551301,-0.03794853151243653,-17.51826465643528
130.23,2.5194133075935,-0.038829541754688744,-18.189268090946822
130.24,2.51902069486062,-0.03968949926218176,-18.908908880477767
130.25,2.51861958785643,-0.040528375643344994,-19.63347485856499
130.26,2.51821019752791,-0.04134619376666334,-20.371261525689075
130.27,2.51779273400902,-0.042143006804225745,-21.162948701532237
130.28,2.51736740733334,-0.04291883598724899,-21.977388392012784
130.29,2.51693442711638,-0.043673716534005834,-22.831375483415552
130.3,2.51649400270526,-0.04440768059240652,-23.68297261096015
130.31,2.51604634296846,-0.04512080413081969,-24.557195897513918
130.32,2.51559165582107,-0.04581317099048299,-25.490081811835672
130.33,2.51513014853856,-0.04648483668557487,-26.420077688818562
130.34,2.51466202778492,-0.047135890226942166,-27.35569311616537
130.35,2.51418749908153,-0.04776644063608042,-28.329066861706135
130.36,2.51370676699206,-0.04837658468883251,-29.326956056362032
130.37,2.51322003507201,-0.04896641945535037,-30.30825627316229
130.38,2.51272750587142,-0.04953607166545323,-31.2778186514289
130.39,2.51222938045105,-0.05008568473779211,-32.322108003123816
130.4,2.51172585862423,-0.05061535994825469,-33.33654886612455
130.41,2.51121713926303,-0.05112522650367879,-34.28735655018782
130.42,2.51070341956105,-0.05161545511899179,-35.26314638015555
130.43,2.51018489512605,-0.05208619744713576,-36.29097431409515
130.44,2.50966176014267,-0.05253757463966613,-37.22008478517158
130.45,2.50913420760965,-0.052969755896092874,-38.08566275839253
130.46,2.50860242838661,-0.053382932191000286,-38.99749168156059
130.47,2.5080666117851,-0.053777260425169615,-39.83557096020613
130.48,2.50752694540919,-0.054152917364839556,-40.61151581174131
130.49,2.50698361504131,-0.05451009243617374,-41.32468633247494
130.5,2.50643680452007,-0.054848981827737564,-42.047846153054316
130.51,2.50588669576448,-0.05516975968582842,-42.64834429005105
130.52,2.50533346901388,-0.05547262875692886,-43.12736065310665
130.53,2.50477730215409,-0.05575781380666722,-43.65468086580414
130.54,2.50421837108778,-0.05602549636885372,-44.20165457204361
130.55,2.50365685001248,-0.05627583253483189,-44.43679434149165
130.56,2.50309291144526,-0.05650906503749109,-44.56540226600376
130.57,2.50252672491811,-0.05672544616365238,-44.862750648280496
130.58,2.50195845813732,-0.05692514497365927,-45.16253159972626
130.59,2.5013882770886,-0.05710831036428814,-45.08135597153194
130.6,2.50081634620602,-0.057275191435923745,-44.90675669017871
130.61,2.50024282671142,-0.05742604446022925,-44.88840181678284
130.62,2.49966787809219,-0.05756105890108258,-44.58895618424405
130.63,2.49909165751319,-0.0576804829783358,-44.34872813511977
130.64,2.49851431968831,-0.057784530428591406,-44.05807212658198
130.65,2.49793601743778,-0.05787341230210445,-43.57463754668011
130.66,2.49735690114034,-0.0579473813546542,-42.93496422574193
130.67,2.49677711860568,-0.05800671850877034,-42.44153502407913
130.68,2.49619681479407,-0.05805164910601679,-41.87269180008544
130.69,2.49561613288867,-0.058082403373464306,-41.20699149394418
130.7,2.49503521329698,-0.058099211461337674,-41.39507525466056
130.71,2.49445419503378,-0.058102069109019126,-40.393596566047904
130.72,2.49387321733031,-0.058091294252238246,-39.194885523385544
130.73,2.49329241344839,-0.05806725838340965,-38.93417376496511
130.74,2.49271191592413,-0.05803007335808778,-37.83859286661619
130.75,2.49213185479035,-0.057980059865003764,-37.22530696069949
130.76,2.49155235686896,-0.05791740723183707,-36.67835662079312
130.77,2.49097354819083,-0.05784227944836129,-35.749567961875755
130.78,2.49039555199579,-0.05775494348240947,-35.07637878373075
130.79,2.48981848933879,-0.05765559910484441,-34.28245086426833
130.8,2.48924247927053,-0.05754447681284673,-33.470114665408026
130.81,2.48866763828133,-0.05742181350384401,-32.7437135734444
130.82,2.48809408075365,-0.057287822692320134,-31.961826829080668
130.83,2.48752191882421,-0.05714273388688722,-31.221435005550585
130.84,2.48695126233665,-0.05698676707074357,-30.494525651972175
130.85,2.48638221901176,-0.05682014070383934,-29.738075421817467
130.86,2.48581489430254,-0.05664308418893057,-29.028116935369813
130.87,2.48524939143579,-0.056455808126236004,-28.73600856703568
130.88,2.48468581183156,-0.056258403037253345,-27.872345739334087
130.89,2.48412425621907,-0.05605114052598855,-26.93453357583164
130.9,2.48356482093325,-0.05583432377033552,-26.53491470989926
130.91,2.48300760111243,-0.05560809104842764,-25.885194295274722
130.92,2.48245268983088,-0.05537264998498974,-25.50264525125049
130.93,2.48190017832592,-0.0551281336163297,-24.838646789567164
130.94,2.48135015663937,-0.05487477082533795,-24.14325378231887
130.95,2.48080271161431,-0.054612807296069064,-23.73929402036822
130.96,2.48025792863704,-0.054342396515753386,-23.21126236510239
130.97,2.47971589118281,-0.054063734058943755,-22.65373493027841
130.98,2.47917668076926,-0.053777031773249995,-22.206291660359803
130.99,2.47864037675914,-0.0534824671382476,-21.79271666559819
131.0,2.47810705706047,-0.053180209138969925,-21.308056112048046
131.01,2.47757679756908,-0.05287045546210993,-20.884766684733457
131.02,2.47704967234546,-0.05255338616241649,-20.53371314278859
131.03,2.47652575369451,-0.05222915885698676,-20.113422887740587
131.04,2.4760051124034,-0.051897960477098604,-19.69237049856696
131.05,2.47548781709544,-0.05155998268282502,-19.362178219251938
131.06,2.47497393481015,-0.05121538701058359,-19.00554831434286
131.07,2.47446353087045,-0.05086434294475639,-18.81665205274218
131.08,2.47395666904475,-0.050506962110230536,-18.444491541681288
131.09,2.47345341212561,-0.0501434302122572,-18.04580547858436
131.1,2.47295382030466,-0.04977394783468592,-17.847700671997615
131.11,2.4724579525752,-0.049398640642084324,-17.56822753237558
131.12,2.47196586638163,-0.04901766574031778,-17.286534590161324
131.13,2.47147761761842,-0.048631185688663425,-17.054694735966613
131.14,2.47099326053926,-0.048239345110419794,-16.84322606409665
131.15,2.47051284811888,-0.04784228245274802,-16.608998492993425
131.16,2.47003643179856,-0.04744014776338531,-16.406584639615716
131.17,2.46956406158715,-0.04703308309942367,-16.13645376489473
131.18,2.46909578601703,-0.04662125969526384,-15.975367432077059
131.19,2.46863165183857,-0.046204804425598045,-15.847405492408376
131.2,2.46817170497335,-0.04578383141684202,-15.632971570148484
131.21,2.46771598976878,-0.045358493457399916,-15.473690585430177
131.22,2.46726454922873,-0.04492892171314988,-15.38709808102395
131.23,2.4668174250965,-0.04449521701933209,-15.220828081624155
131.24,2.46637465820069,-0.04405751768716826,-15.041752500024376
131.25,2.46593628758678,-0.04361597000241968,-14.958106462704606
131.26,2.46550235127343,-0.0431706795084715,-14.837239484907162
131.27,2.46507288607871,-0.042721766649763314,-14.77001275262538
131.28,2.46464792767715,-0.04226933050574718,-14.662304609292468
131.29,2.46422751081451,-0.0418134902315052,-14.550143676534493
131.3,2.46381166882052,-0.041354368537482866,-14.495893179173528
131.31,2.46340043405345,-0.040892062569763965,-14.432857788521567
131.32,2.46299383781317,-0.04042667735393672,-14.250518861585167
131.33,2.46259191026408,-0.03995837446856647,-14.23563855287598
131.34,2.46219467978803,-0.03948723548049168,-14.271072662529225
131.35,2.46180217478856,-0.039013317820753755,-14.153528377644568
131.36,2.46141442226667,-0.03853675289956504,-14.126501710261293
131.37,2.46103144823169,-0.03805763515774737,-14.039485878685241
131.38,2.46065327768102,-0.03757608647908158,-14.025467069532478
131.39,2.46027993432229,-0.03709219331152388,-14.036219641657416
131.4,2.45991144136896,-0.036606030388908195,-13.98434180449461
131.41,2.45954782093259,-0.03611770445166955,-13.962620130319106
131.42,2.45918909421009,-0.03562730608748973,-14.059309333674577
131.43,2.45883528158553,-0.035134866903977865,-14.020995759067134
131.44,2.45848640332298,-0.03464048998958654,-13.94709246658968
131.45,2.45814247786419,-0.034144298378494906,-14.02249876903785
131.46,2.45780352323812,-0.03364633905417562,-14.03634223814102
131.47,2.45746955671207,-0.033146689055085776,-14.023394252159017
131.48,2.45714059479252,-0.032645441947591156,-14.0643029049001
131.49,2.456816652986,-0.03214266245166186,-14.12614557083666
131.5,2.45649774646327,-0.03163840427540995,-14.142489936326623
131.51,2.45618388957227,-0.031132745136519535,-14.225628917948914
131.52,2.45587509599573,-0.030625738278400316,-14.011357231277328
131.53,2.45557137866206,-0.030117597482996288,-14.133439437381535
131.54,2.455272747775,-0.02960834666222434,-14.376771141405403
131.55,2.45497921550439,-0.029097940904813473,-14.270762775251178
131.56,2.45469079233384,-0.028586530864016524,-14.297491220711871
131.57,2.45440748804136,-0.02807419363234735,-14.610210859043525
131.58,2.45412931177444,-0.027560839362509675,-14.597321193392
131.59,2.45385627426507,-0.027046572715224336,-14.462742016260476
131.6,2.45358838284702,-0.026531572119418517,-14.689557600753743
131.61,2.45332564534783,-0.026015805758690856,-14.775615140169043
131.62,2.45306806909085,-0.02549932020106486,-14.708266603752195
131.63,2.45281566090675,-0.024982260202592126,-14.833399700194402
131.64,2.45256842574251,-0.02446464982417037,-15.039215764248851
131.65,2.45232636978542,-0.02394646251724364,-15.038133613874885
131.66,2.45208949809911,-0.0234277985655007,-15.148872714369016
131.67,2.45185781526162,-0.02290869736115697,-15.201956848152992
131.68,2.45163132537997,-0.022389231682580966,-15.30522202501815
131.69,2.45141003171564,-0.021869441697593604,-15.432437012772533
131.7,2.45119393753318,-0.021349351846574237,-15.508933303413663
131.71,2.45098304549101,-0.02082901980738535,-15.617871974043465
131.72,2.45077735780452,-0.020308485112667068,-15.691194107796031
131.73,2.45057687626325,-0.019787811191599818,-15.800721369276966
131.74,2.45038160192462,-0.01926703588233473,-15.930125727395573
131.75,2.4501915357948,-0.018746182838943103,-16.022522211844404
131.76,2.4500066783628,-0.018225302391753722,-16.119259010226436
131.77,2.44982702970936,-0.01770444033159328,-16.298550986788456
131.78,2.44965258952811,-0.017183579342409477,-16.3995399864988
131.79,2.44948335795707,-0.01666276375741349,-16.45691172409925
131.8,2.44931933386557,-0.01614207288251531,-16.608921308612832
131.81,2.44916051605993,-0.015621512035587001,-16.73658433034248
131.82,2.44900690309689,-0.015101103437387131,-16.812115518607026
131.83,2.4488584932519,-0.014580917719264619,-16.890289697845766
131.84,2.44871528381382,-0.014061021796244837,-17.070209695690032
131.85,2.44857727192168,-0.01354138992508691,-17.202000964117047
131.86,2.44844445507068,-0.013022036057156832,-17.28996408534613
131.87,2.44831683009779,-0.012503016620509419,-17.413111051380003
131.88,2.44819439354956,-0.011984355680446276,-17.54728006745312
131.89,2.44807714174718,-0.011466062899482637,-17.656801124662305
131.9,2.44796507094745,-0.010948172953402965,-17.762683468775762
131.91,2.44785817682885,-0.010430723682837892,-17.889844049204083
131.92,2.44775645495733,-0.00991372844758957,-18.00765518124615
131.93,2.44765990066816,-0.00939720849717866,-18.109000163682737
131.94,2.44756850907564,-0.008881204678423682,-18.225013959181098
131.95,2.44748227479499,-0.008365736687569274,-18.35045062792093
131.96,2.44740119253338,-0.007850808589722943,-18.455392388091692
131.97,2.44732525673259,-0.00733644828608826,-18.565504255211522
131.98,2.44725446160721,-0.00682267544727481,-18.669789165097644
131.99,2.44718880117996,-0.006309515780985228,-18.77126918209044
132.0,2.44712826916601,-0.005796996081641748,-18.880340970487854
132.01,2.44707285909671,-0.005285124341269931,-18.983165470552628
132.02,2.44702256447101,-0.004773913942005918,-19.07896205036073
132.03,2.44697737854091,-0.004263387127249422,-19.17535001421817
132.04,2.44693729439265,-0.0037535599256862304,-19.26458028673059
132.05,2.4469023049251,-0.003244460039571647,-19.356472272550423
132.06,2.44687240273561,-0.002736097601559647,-19.445867684164778
132.07,2.44684758048934,-0.0022284785368438995,-19.527265745616212
132.08,2.44682783061876,-0.0017216241174973965,-19.607626722559658
132.09,2.44681314541472,-0.0012155468332331054,-19.683453307718626
132.1,2.44680351703275,-0.0007102650607400859,-19.756140715361326
132.11,2.44679893742125,-0.00020579162459307318,-19.825053096293843
132.12,2.44679939847829,0.00029786585347875893,-19.8893924361321
132.13,2.44680489197399,0.0008006938812495553,-19.949512653645623
132.14,2.44681540955225,0.0013026811600906167,-20.005777845441674
132.15,2.44683094274718,0.0018038133506870224,-20.058163257918082
132.16,2.4468514829246,0.0023040757507179306,-20.103799792680935
132.17,2.44687702135071,0.0028034650447613294,-20.145104738305367
132.18,2.4469075492904,0.0033019745062608705,-20.18304273018039
132.19,2.44694305786821,0.003799591670964701,-20.214950347478002
132.2,2.44698353812385,0.0042963087519239575,-20.239531650937984
132.21,2.44702898101779,0.004792121246333103,-20.271908106369747
132.22,2.44707937743681,0.005286998507503249,-20.29675310841657
132.23,2.44713471782233,0.005780920666246618,-20.292262891080703
132.24,2.44719499273927,0.006273912728586388,-20.29713775589294
132.25,2.44726019295752,0.006765971226489291,-20.306391336556082
132.26,2.4473303089909,0.007257076225493838,-20.30115930639147
132.27,2.44740533128819,0.007747222999432424,-20.2878654039231
132.28,2.44748525023757,0.008236408849234452,-20.2929200219122
132.29,2.44757005617095,0.00872460369415462,-20.2773046240505
132.3,2.44765973899107,0.009211798581002888,-20.228380565714907
132.31,2.44775428887289,0.00969801622400975,-20.202861330544177
132.32,2.44785369602337,0.010183246896411369,-20.17403831447796
132.33,2.44795795048247,0.01066747806091802,-20.131860593784868
132.34,2.44806704224014,0.01115070583341815,-20.088691760006512
132.35,2.44818096123974,0.011632924131928698,-20.022251100127022
132.36,2.44829969738152,0.012114141761065955,-19.966622635267843
132.37,2.44842324071768,0.012594353485240184,-19.91911795953088
132.38,2.44855158105233,0.013073543410824229,-19.844088318148568
132.39,2.44868470818799,0.013551714110996798,-19.769001024709628
132.4,2.4488226119347,0.014028865046903743,-19.691374641050164
132.41,2.44896528208332,0.014504994235912488,-19.591059093033227
132.42,2.44911270840934,0.014980107485558966,-19.59020706312256
132.43,2.4492648806768,0.015454144492247728,-19.470438900102156
132.44,2.44942178778427,0.015927122953858973,-19.296185812904543
132.45,2.44958341974369,0.01639909357227613,-19.249766299816333
132.46,2.44974976619,0.016870021485737574,-19.141533596447253
132.47,2.44992081669397,0.01733990516657643,-19.032459397187647
132.48,2.45009656080822,0.01780874329593285,-18.91865854979764
132.49,2.45027698806946,0.018276534749572804,-18.80951997743092
132.5,2.45046208799841,0.01874327399172075,-18.685615207463314
132.51,2.45065185004554,0.019208961874006558,-18.555168984065798
132.52,2.45084626373785,0.0196736010331026,-18.432477912476703
132.53,2.4510453185601,0.02013718804240172,-18.300315011282084
132.54,2.45124900399092,0.020599722681561666,-18.165066393719044
132.55,2.45145730950501,0.02106120492002909,-18.02579593045094
132.56,2.45167022457534,0.021521634338568983,-17.912799147573924
132.57,2.45188773864506,0.021980997134170753,-17.753682133096635
132.58,2.45210984099069,0.022439301294348755,-17.58597521537184
132.59,2.45233652117171,0.022896558017904134,-17.456961409184892
132.6,2.45256776863322,0.02335275840090375,-17.30290841420006
132.61,2.45280357282315,0.02380790378058162,-17.148998215482393
132.62,2.4530439231941,0.024261994984061307,-16.995282692071974
132.63,2.45328880920508,0.024715031402836967,-16.853508648524652
132.64,2.45353822029057,0.025167006828175076,-16.68248303597816
132.65,2.45379214582657,0.025617927699850274,-16.51043128015044
132.66,2.45405057534664,0.02606780040577128,-16.359785443667427
132.67,2.45431349832966,0.02651662103496285,-16.194111310113353
132.68,2.4545809042666,0.02696439141582907,-16.029484942500122
132.69,2.45485278266205,0.027411112991922636,-15.854307413314483
132.7,2.45512912303586,0.027856789810169296,-15.735075935136884
132.71,2.45540991492471,0.028301403096904952,-15.547158473383949
132.72,2.45569514759066,0.028744963136162482,-15.338764619851977
132.73,2.45598481072882,0.029187489087649048,-15.202107598683801
132.74,2.4562788938924,0.02962896970508666,-15.028279122673084
132.75,2.45657738664811,0.03006940783373639,-14.858948640796804
132.76,2.45688027858037,0.030508805330631272,-14.68510422140762
132.77,2.45718755929253,0.03094716520450902,-14.534416419818474
132.78,2.45749921840808,0.031384481240681605,-14.367393973611989
132.79,2.45781524544525,0.031820754327490285,-14.174319851675289
132.8,2.45813563005325,0.03225599626133595,-14.009359874965057
132.81,2.45846036193459,0.03269020769452643,-13.8463546883444
132.82,2.45878943077144,0.03312338806107373,-13.67634642015931
132.83,2.45912282626743,0.033555539897474805,-13.50664311690902
132.84,2.45946053814864,0.03398666586773569,-13.343865457675898
132.85,2.45980255616449,0.034416765903444446,-13.188015450521815
132.86,2.46014887004379,0.03484583788510761,-13.008511715443891
132.87,2.46049946952022,0.03527388951122257,-12.836023719612186
132.88,2.46085434444827,0.03570092621173101,-12.680509206696248
132.89,2.46121348465898,0.03612694685925696,-12.515073749368554
132.9,2.46157688000846,0.03655195439556207,-12.351835171510384
132.91,2.46194452037863,0.03697595158235941,-12.187806840408253
132.92,2.462316395678,0.037398941209169465,-12.05303563141942
132.93,2.46269249582542,0.037820915707668476,-11.87894044491715
132.94,2.46307281063768,0.038241883523075046,-11.700325844400496
132.95,2.46345733017115,0.038661855694184975,-11.561642464718014
132.96,2.46384604442107,0.03908082798300683,-11.403095196701628
132.97,2.46423894340924,0.0394988037920004,-11.249015225882463
132.98,2.46463601718444,0.03991578585090805,-11.093214335101893
132.99,2.46503725582307,0.0403317776644004,-10.956170455362141
133.0,2.4654426494296,0.04074677618607729,-10.80322171402484
133.01,2.46585218805079,0.04116078533694297,-10.640438912290685
133.02,2.46626586186387,0.04157381370692622,-10.500559014549967
133.03,2.4666836610568,0.0419858614924958,-10.356049393155219
133.04,2.46710557583285,0.04239693090672218,-10.211734619430638
133.05,2.46753159642353,0.04280702489327659,-10.0683929718514
133.06,2.4679617130889,0.04321614656568329,-9.931442249684249
133.07,2.46839591611801,0.04362429709724447,-9.79522240497905
133.08,2.46883419580081,0.04403147815014904,-9.651083325194476
133.09,2.46927654246714,0.04443769527368395,-9.514007897047163
133.1,2.46972294650392,0.044842951917656304,-9.382592260674581
133.11,2.47017339831005,0.04524724978014113,-9.249195384541819
133.12,2.47062788831397,0.04565059197152814,-9.117395050026587
133.13,2.47108640697392,0.046052981659161496,-8.988911507917225
133.14,2.4715489447783,0.04645442105033112,-8.871869307416855
133.15,2.47201549222559,0.046854908683398776,-8.736958757291408
133.16,2.47248603980129,0.04725445110940567,-8.604444052004789
133.17,2.47296057811583,0.04765305474425663,-8.489685559686869
133.18,2.47343909776709,0.04805071929965636,-8.367000547791756
133.19,2.47392158938268,0.04844744810876452,-8.24741306940261
133.2,2.47440804362013,0.048843244174197796,-8.127317861176198
133.21,2.4748984511671,0.04923811105923178,-8.02074393425497
133.22,2.47539280274155,0.04963204748523372,-7.906105235051653
133.23,2.47589108902693,0.05002505635107365,-7.7816564274664035
133.24,2.47639330080054,0.050417145495399815,-7.673330284109364
133.25,2.47689942887689,0.050808316721258816,-7.565755737827258
133.26,2.47740946408178,0.05119857184117116,-7.456888450610361
133.27,2.4779233972703,0.051587913935920625,-7.349886933413332
133.28,2.47844121932688,0.051976346019011466,-7.244707087406325
133.29,2.47896292116538,0.052363870784814345,-7.147749279775109
133.3,2.47948849372014,0.05275048823365862,-7.040997361689623
133.31,2.4800179279222,0.05313620327986509,-6.935294004362938
133.32,2.4805512147934,0.053521021142647715,-6.841102083961731
133.33,2.48108834535788,0.05390494263326866,-6.742680058974071
133.34,2.48162931066846,0.05428797084209662,-6.646580327671767
133.35,2.48217410180669,0.054670108641322976,-6.551140543945112
133.36,2.48272270988283,0.05505135911683483,-6.461395108914955
133.37,2.48327512603588,0.05543172347623286,-6.370289849474415
133.38,2.48383134140796,0.05581120423066392,-6.2754119925680945
133.39,2.48439134719058,0.056189806268747144,-6.187037285958117
133.4,2.48495513461275,0.056567532211104776,-6.100732502117164
133.41,2.48552269492195,0.05694438421948167,-6.014206135631331
133.42,2.48609401939359,0.05732036516304939,-5.929187157229159
133.43,2.48666909933096,0.05769547787025653,-5.845239130839824
133.44,2.48724792606526,0.05806972510801941,-5.768133867741864
133.45,2.48783049095088,0.05844310721574061,-5.684051941445113
133.46,2.48841678533999,0.058815628380578154,-5.600312958395217
133.47,2.48900680066291,0.05918729329874954,-5.525577460641276
133.48,2.48960052835583,0.05955810300208494,-5.447800032136047
133.49,2.49019795988175,0.05992806034583372,-5.371869493927073
133.5,2.49079908673046,0.060297168005415035,-5.29666039872235
133.51,2.49140390041845,0.06066542878673624,-5.225178888561199
133.52,2.49201239248878,0.06103284425855726,-5.153732721266776
133.53,2.4926245544939,0.06139941658240833,-5.079520623302626
133.54,2.49324037802303,0.06176514984882846,-5.009430200597594
133.55,2.49385985470256,0.06213004671758634,-4.94164410533462
133.56,2.4944829761762,0.06249410916416842,-4.873586708662825
133.57,2.49510973411315,0.06285733980465244,-4.806820883325057
133.58,2.49574012020805,0.06321974118756273,-4.7407228843854865
133.59,2.4963741261808,0.06358131592752633,-4.679395347266594
133.6,2.49701174377489,0.06394206485483833,-4.614085268362684
133.61,2.49765296473657,0.06430199132214284,-4.54890608437227
133.62,2.49829778087163,0.06466109917356486,-4.489681273858187
133.63,2.49894618399606,0.06501938971560743,-4.4287856933026095
133.64,2.49959816594998,0.06537686547117098,-4.3692504686216
133.65,2.5002537185975,0.06573352883457728,-4.310375287635032
133.66,2.50091283382661,0.06608938227976222,-4.253982151137794
133.67,2.50157550354895,0.06644442744506707,-4.1982020254257915
133.68,2.50224171968801,0.06679866616849939,-4.140316331235428
133.69,2.50291147419529,0.06715210189009262,-4.085141678546318
133.7,2.50358475905711,0.0675047371036001,-4.032149791737648
133.71,2.50426156627494,0.06785657353089633,-3.9788461016535885
133.72,2.50494188787278,0.06820761347708926,-3.9266040470269696
133.73,2.50562571589694,0.0685578591633577,-3.8749176556074483
133.74,2.50631304241586,0.06890731289158625,-3.825574101684413
133.75,2.50700385951998,0.06925597611940523,-3.776243471992914
133.76,2.50769815931011,0.06960385076158297,-3.7255386963571553
133.77,2.50839593391661,0.06995093993926357,-3.6774586156512004
133.78,2.50909717549751,0.0702972457590767,-3.6306996444579553
133.79,2.50980187622647,0.07064276994167193,-3.583955641432144
133.8,2.5105100282979,0.0709875145945967,-3.5380956128397645
133.81,2.51122162392673,0.07133148176134604,-3.4927219401819727
133.82,2.51193665534824,0.07167467355432648,-3.449485788252293
133.83,2.51265511481783,0.07201709127183653,-3.4058795684365175
133.84,2.51337699460018,0.07235873683691571,-3.3614802437821627
133.85,2.51410228698963,0.0726996130373192,-3.319509899382631
133.86,2.51483098430221,0.07303972164641367,-3.278247496523181
133.87,2.51556307886959,0.07337906433976249,-3.237227647387722
133.88,2.51629856304229,0.07371764302217163,-3.1969481783277143
133.89,2.5170374291895,0.07405545954816499,-3.1570641160793964
133.9,2.51777966969883,0.07439251584282491,-3.1192573444992053
133.91,2.51852527697613,0.07472881297016325,-3.080717705010169
133.92,2.51927424343419,0.07506435280259702,-3.0416578738995335
133.93,2.52002656151596,0.07539913789691803,-3.0050127640866817
133.94,2.52078222368116,0.07573316969956556,-2.9686211118263572
133.95,2.52154122240426,0.07606644977860381,-2.93258107095612
133.96,2.52230355017664,0.07639897983417651,-2.8971722166376925
133.97,2.52306919950637,0.07673076152157436,-2.8621021622732483
133.98,2.52383816291794,0.07706179655925609,-2.8289071928811724
133.99,2.52461043295207,0.07739208584599903,-2.794836870832637
134.0,2.52538600215513,0.07772163115715713,-2.7605469458702316
134.01,2.52616486310237,0.07805043474098754,-2.7284641013055544
134.02,2.52694700838148,0.07837849776323921,-2.696322643135744
134.03,2.52773243059395,0.07870582167350446,-2.664630088796364
134.04,2.52852112235618,0.07903240795681758,-2.633466130366253
134.05,2.52931307629915,0.07935825806309657,-2.602592332299211
134.06,2.53010828506826,0.07968337349901766,-2.5734055624721974
134.07,2.53090674132302,0.08000775499399741,-2.5432733195295754
134.08,2.53170843772726,0.08033140418797213,-2.5131290368302652
134.09,2.53251336697187,0.08065432303027883,-2.4849834839932328
134.1,2.5333215217565,0.08097651242942039,-2.4565825113124666
134.11,2.53413289479331,0.08129797368408391,-2.428671935674304
134.12,2.53494747880725,0.08161870806341713,-2.4012050795337356
134.13,2.53576526653578,0.08193871680925262,-2.373986055817726
134.14,2.53658625072865,0.08225800120816122,-2.348423766704995
134.15,2.5374104241474,0.08257656171947181,-2.321695907908723
134.16,2.53823777955523,0.08289439986034117,-2.295035907194274
134.17,2.53906830974208,0.08321151737585113,-2.270384147017955
134.18,2.53990200750285,0.08352791487549935,-2.2452678315307364
134.19,2.54073886564326,0.0838435934802706,-2.2206585152374925
134.2,2.54157887697961,0.08415855423583585,-2.196413723936154
134.21,2.54242203433853,0.08447279816991005,-2.1724521055611388
134.22,2.54326833055671,0.08478632629724814,-2.1499840762731903
134.23,2.54411775847967,0.08509913884909108,-2.1262554024638396
134.24,2.54497031095306,0.0854112371930745,-2.102667136089721
134.25,2.54582598084744,0.08572262284585186,-2.080994376536949
134.26,2.5466847610357,0.08603329616584018,-2.0588037699589035
134.27,2.54754664439929,0.08634325804998863,-2.0370721299491583
134.28,2.54841162382796,0.08665250931651307,-2.0156745592154475
134.29,2.54927969221952,0.0869610507578796,-1.9943939985518793
134.3,2.55015084247956,0.08726888323588033,-1.9747196289536746
134.31,2.55102506752114,0.0875760066654315,-1.9540246541536082
134.32,2.55190236025261,0.08788242194492554,-1.9328246674468825
134.33,2.55278271360407,0.08818813057949923,-1.9135751108093775
134.34,2.55366612050961,0.08849313282088822,-1.8941510698549924
134.35,2.5545525739076,0.08879742918456168,-1.8749131864915287
134.36,2.55544206674234,0.08910102026441862,-1.8560013802478217
134.37,2.55633459196376,0.08940390661068184,-1.8372370013657395
134.38,2.55723014252716,0.08970608881360884,-1.8195157817549068
134.39,2.55812871139288,0.09000756684000022,-1.8018269852008861
134.4,2.55903029151767,0.09030834085373234,-1.7830394689643807
134.41,2.55993487586704,0.09060841207702379,-1.7654407873925055
134.42,2.56084245741799,0.09090778100199204,-1.748642087959824
134.43,2.5617530291462,0.09120644762574312,-1.7315738787652972
134.44,2.56266658403071,0.09150441231575343,-1.714847730100611
134.45,2.56358311505371,0.09180167536975518,-1.6983093990361542
134.46,2.56450261520018,0.09209823708924425,-1.6822584678383927
134.47,2.56542507745759,0.09239409750199101,-1.66730610965358
134.48,2.56635049481104,0.09268925597518315,-1.6506383741915742
134.49,2.56727886024035,0.09298371344366174,-1.6344162349268199
134.5,2.56821016674524,0.09327747066993908,-1.619986565923693
134.51,2.56914440731795,0.09357052709043265,-1.6048235455275257
134.52,2.57008157495145,0.09386288283681118,-1.5900325002846492
134.53,2.57102166263918,0.09415453793640098,-1.5754643161797803
134.54,2.57196466337466,0.09444549238983117,-1.560814125868394
134.55,2.57291057015126,0.09473574631018908,-1.5484958483012619
134.56,2.57385937596131,0.09502529809434965,-1.533647897376909
134.57,2.57481107377516,0.09531414842425256,-1.518457842366973
134.58,2.57576565659454,0.09560229845664663,-1.5062632713638178
134.59,2.57672311740619,0.09588974695338519,-1.4927744269036156
134.6,2.57768344919475,0.09617649379800586,-1.4797004494787993
134.61,2.57864664494243,0.09646253873210053,-1.4668276855590396
134.62,2.5796126976287,0.09674788146416166,-1.453855788352239
134.63,2.58058160022994,0.0970325218313528,-1.4428084296188664
134.64,2.58155334571913,0.09731645816890937,-1.430379314121396
134.65,2.58252792704611,0.09759969018932058,-1.4166687033659702
134.66,2.58350533717779,0.09788221889666845,-1.4053366362138116
134.67,2.5844855690765,0.0981640433487474,-1.3938794309755325
134.68,2.58546861569465,0.09844516273223396,-1.3822634308112947
134.69,2.58645446997914,0.09872557651999422,-1.3708980019890045
134.7,2.58744312487104,0.09900528411092754,-1.3595092089573635
134.71,2.58843457330522,0.09928428498284052,-1.3493078071004658
134.72,2.58942880820998,0.0995625776251489,-1.3393572639216536
134.73,2.59042582249272,0.09984016049672992,-1.3270762196130728
134.74,2.59142560905602,0.10011703432335854,-1.3161530164953064
134.75,2.59242816081393,0.10039319874225831,-1.3067097179734133
134.76,2.59343347066086,0.10066865207249236,-1.2963751384006186
134.77,2.59444153148237,0.10094339350606626,-1.2863668308324625
134.78,2.59545233615484,0.10121742210367583,-1.2764194014843122
134.79,2.59646587754504,0.10149073694990889,-1.2668270486404758
134.8,2.59748214850978,0.10176333676689502,-1.2594947294033974
134.81,2.5985011418879,0.1020352184009273,-1.2483659056716951
134.82,2.59952285048569,0.1023063824029317,-1.237459488297155
134.83,2.60054726714421,0.10257682927392228,-1.2301121888703337
134.84,2.60157438467191,0.10284655620259968,-1.2208905961798924
134.85,2.60260419586479,0.10311556209633421,-1.2121064590794806
134.86,2.60363669350602,0.10338384565216445,-1.2034707824637842
134.87,2.60467187036553,0.10365140552358598,-1.1945551397860394
134.88,2.60570971919957,0.10391824058518795,-1.1881040508637786
134.89,2.60675023275036,0.10418434741142162,-1.1805957597594228
134.9,2.60779340371444,0.10444972381563981,-1.1696967707585844
134.91,2.60883922479512,0.10471437107967645,-1.161840770174676
134.92,2.60988768869977,0.1049782876394123,-1.1551134439824138
134.93,2.61093878810344,0.10524147073371903,-1.1472371218238377
134.94,2.61199251566427,0.10550391878327478,-1.1397017628164405
134.95,2.61304886402307,0.10576563002986003,-1.1323201842259867
134.96,2.61410782580282,0.10602660266983237,-1.1241833731456237
134.97,2.61516939360826,0.10628683540583328,-1.1216334682539708
134.98,2.61623356002541,0.10654632166325155,-1.1123488836689621
134.99,2.61730031755509,0.1068050617832476,-1.1015879010841163
135.0,2.61836965877787,0.10706305778915479,-1.0981026853177813
135.01,2.61944157621395,0.10732030439742543,-1.0909754510117973
135.02,2.62051606236159,0.10757679974125653,-1.0844722349022151
135.03,2.62159310969716,0.10783254160909861,-1.0780839465073508
135.04,2.6226727106746,0.10808752773357652,-1.071508605947594
135.05,2.62375485772494,0.1083417560113209,-1.0663967382338015
135.06,2.6248395432558,0.10859522271943942,-1.0631509540936066
135.07,2.6259267596254,0.10884792249165424,-1.0539514192597195
135.08,2.62701649915195,0.10909985632530836,-1.046350787937137
135.09,2.62810875419514,0.10935102369960352,-1.0431185692647853
135.1,2.62920351705468,0.10960141942518709,-1.0371432293566356
135.11,2.63030078000329,0.10985104105391738,-1.0317069596198059
135.12,2.63140053528613,0.11009988580357548,-1.0263959025683367
135.13,2.63250277512027,0.11034795083501026,-1.0203467384626672
135.14,2.63360749169409,0.11059523382715986,-1.019392909310121
135.15,2.63471467716677,0.11084172718133593,-1.0139755132465467
135.16,2.63582432359887,0.11108742831981896,-1.0044088212064082
135.17,2.63693642309675,0.11133233933342165,-1.001349833204346
135.18,2.63805096773555,0.11157645536849319,-0.9975084721522983
135.19,2.6391679495402,0.11181977209241042,-0.9927687991094358
135.2,2.64028736050225,0.11206228628185914,-0.9883323289035242
135.21,2.64140919257926,0.11230399450892214,-0.9838835473622238
135.22,2.64253343769421,0.11254489338759685,-0.9792939902925378
135.23,2.64366008773481,0.11278497928618458,-0.9810826529794544
135.24,2.64478913454014,0.1130242419555542,-0.9732153816748992
135.25,2.64592056983236,0.11326268202176415,-0.9646302983767415
135.26,2.64705438543994,0.11350030111592821,-0.9653097076783546
135.27,2.6481905730906,0.11373709048525897,-0.9609015941996447
135.28,2.64932912447215,0.11397304661790268,-0.9573475037128695
135.29,2.65047003123181,0.1142081654177507,-0.9538878555687358
135.3,2.65161328497547,0.11444244271885766,-0.9497999132234746
135.31,2.65275887726703,0.11467587482406616,-0.9496563674134696
135.32,2.65390679962765,0.11490845345956124,-0.949109833323578
135.33,2.65505704347036,0.11514017119551578,-0.9403999481044862
135.34,2.65620960018696,0.11537103015733334,-0.936478073447489
135.35,2.65736446119805,0.11560102712332063,-0.9365244780497491
135.36,2.65852161783029,0.11583015397384304,-0.9332737366202726
135.37,2.6596810613622,0.11605840624033803,-0.9306580914873417
135.38,2.6608427830233,0.11628577898101419,-0.9281785908874456
135.39,2.66200677399329,0.1165122671759907,-0.9241417768347702
135.4,2.66317302540129,0.11673786693866539,-0.9303032439888475
135.41,2.664341528325,0.11696256291842493,-0.9248833396790372
135.42,2.66551227364434,0.11718635361907723,-0.9149319196499702
135.43,2.66668525238748,0.11740924315913523,-0.9182520819664343
135.44,2.66786045546684,0.11763122001115697,-0.9162079583932999
135.45,2.6690378737259,0.11785227823693697,-0.9143298807589796
135.46,2.67021749795036,0.1180724121125724,-0.9126565261631144
135.47,2.67139931886721,0.11829161572124806,-0.9107358446973229
135.48,2.67258332714381,0.11850988334407564,-0.91001792204043
135.49,2.67376951338695,0.11872720738631919,-0.9143519853905787
135.5,2.67495786810699,0.11894357460075315,-0.9086573014315148
135.51,2.67614838168629,0.11915898404268876,-0.9035178468470901
135.52,2.67734104458644,0.11937343429725782,-0.9067704521002407
135.53,2.67853584713743,0.11958691359633308,-0.9052348579920745
135.54,2.67973277960044,0.11979941553615185,-0.9044257491758982
135.55,2.68093183216673,0.12001093315831732,-0.9037785038790611
135.56,2.6821329949565,0.12022145902465717,-0.9062302138459125
135.57,2.68333625800691,0.12043098209283398,-0.9039198483054176
135.58,2.68454161123892,0.12063949727425897,-0.9013567580349718
135.59,2.68574904457495,0.12084699988813194,-0.9032956626615971
135.6,2.68695854782791,0.12105347962133214,-0.9028721839331435
135.61,2.68817011073225,0.12125892883718312,-0.9028547444639758
135.62,2.68938372294276,0.12146333957915682,-0.9024793263854736
135.63,2.69059937403329,0.121666703876074,-0.9077749993256904
135.64,2.69181705348673,0.12186900696576539,-0.9054978045177685
135.65,2.69303675061888,0.12207024372576555,-0.9019995704389403
135.66,2.69425845479159,0.12227041072033393,-0.9061243729223669
135.67,2.69548215522508,0.12246949483166367,-0.9063085868181211
135.68,2.69670784104989,0.12266748746615486,-0.9072182941522275
135.69,2.69793550130548,0.12286437946350907,-0.9068811523335455
135.7,2.69916512493885,0.1230601625343312,-0.91544174012078
135.71,2.70039670080114,0.12325481746655598,-0.9133781422007652
135.72,2.70163021751105,0.12344833881317019,-0.9086506301947312
135.73,2.70286566378709,0.12364072475484766,-0.9152312356265258
135.74,2.70410302816887,0.12383195889374607,-0.9160825160950861
135.75,2.70534229909312,0.12402203150625828,-0.9179429752347614
135.76,2.70658346489204,0.1242109320588547,-0.9184307247235187
135.77,2.7078265137917,0.1243986510478153,-0.9278322137714827
135.78,2.70907143391045,0.12458516774557968,-0.9275861518941367
135.79,2.71031821311466,0.12477047420550447,-0.9233948949069882
135.8,2.71156683934625,0.12495456785474035,-0.930320288367419
135.81,2.71281730037344,0.1251374315598186,-0.9326869435238464
135.82,2.71406958383812,0.12531905342800428,-0.935476448148085
135.83,2.71532367726244,0.12549942145923718,-0.9365314457404211
135.84,2.71657956804689,0.12567852500216342,-0.9491337274455998
135.85,2.71783724346849,0.1258563384846941,-0.9507360213893573
135.86,2.71909669048626,0.12603285140867876,-0.9437326507361364
135.87,2.72035789615924,0.12620806517349425,-0.9504985851913077
135.88,2.72162084740385,0.12638196299381937,-0.954345988702804
135.89,2.72288553098839,0.12655453136924216,-0.9510267811520178
135.9,2.7241519335602,0.12672576374558692,-0.9838674490551489
135.91,2.72542004164573,0.12689560581126508,-0.988526797644134
135.92,2.7266898410131,0.12706404297730217,-0.9580908125230836
135.93,2.72796131791424,0.12723110935185153,-0.970552897402097
135.94,2.729234458551,0.1273967816777429,-0.9812425011486906
135.95,2.73050924882671,0.12756103629998722,-0.9770983945810912
135.96,2.73178567451153,0.12772386704074473,-1.0111503421971249
135.97,2.73306372124248,0.12788521635250424,-1.0261587943588835
135.98,2.73434337383227,0.12804505516442743,-0.990180063041856
135.99,2.73562461743033,0.12820342573809745,-0.9963754932080078
136.0,2.7369074373946,0.12836031355964267,-1.0148151903558953
136.01,2.73819181865255,0.12851568434259683,-1.01008245350252
136.02,2.73947774598287,0.1286695319024108,-1.0453309291315245
136.03,2.74076520401538,0.12882179487592924,-1.0761767339082495
136.04,2.74205417646895,0.12897242165626674,-1.0318236738412783
136.05,2.74334464715608,0.12912146675400082,-1.0278975568119246
136.06,2.74463660050972,0.12926893014300797,-1.0579767144602679
136.07,2.74593002033106,0.12941476131706672,-1.0537764411070802
136.08,2.74722489025163,0.12955895278034352,-1.0833700011388376
136.09,2.74852119373331,0.1297014493348329,-1.1293903120436033
136.1,2.74981891339408,0.12984217722242047,-1.0852522446099153
136.11,2.75111803155048,0.12998119100900246,-1.0695880508575117
136.12,2.7524185315223,0.13011850717325285,-1.1094014590726455
136.13,2.75372039583799,0.1302540615616817,-1.1066569209374477
136.14,2.75502360683337,0.13038784439201406,-1.1289255677057557
136.15,2.75632814665164,0.13051980937881144,-1.1888023530734084
136.16,2.75763399670446,0.13064986209240978,-1.147817602897156
136.17,2.75894113768125,0.13077805284567035,-1.1209688011213963
136.18,2.76024955161916,0.13090441397017133,-1.1692646254297492
136.19,2.76155921962776,0.13102886930135282,-1.1678537456647053
136.2,2.76287012260012,0.1311514069278319,-1.1836890528884596
136.21,2.76418224121277,0.13127198743407473,-1.2670613444705954
136.22,2.7654955554679,0.1313904815770169,-1.222599229163536
136.23,2.76681004407791,0.13150694496857723,-1.1777605958292308
136.24,2.768125687732,0.13162143629458223,-1.2416205501121085
136.25,2.76944246592934,0.13173385740732718,-1.2412309124425103
136.26,2.77076035792399,0.1318441942955606,-1.2485000370032069
136.27,2.77207934272495,0.13195241793276433,-1.3544600816013421
136.28,2.77339939878141,0.1320583651001665,-1.310237955156871
136.29,2.77472050263677,0.1321620912559755,-1.2476928732838926
136.3,2.77604263340653,0.13226368115373996,-1.3260326051732942
136.31,2.77736576877519,0.13236301603745856,-1.3273491477040322
136.32,2.77868988615032,0.13246007912307567,-1.3235112785791396
136.33,2.7800149626626,0.1325548546153188,-1.4638564842898412
136.34,2.78134097501104,0.13264712777918408,-1.4160860455796311
136.35,2.78266789710711,0.13273695945659192,-1.3263703311659742
136.36,2.7839957063729,0.13282447483358903,-1.4271434019479194
136.37,2.78532437842269,0.13290952344340673,-1.4293020882891316
136.38,2.78665388855565,0.132992086217254,-1.4158860155719988
136.39,2.7879842117559,0.13307215900623856,-1.5862703953613677
136.4,2.78931532269251,0.13314948101333196,-1.5422542608517897
136.41,2.79064719243682,0.13322410775284585,-1.42656705260858
136.42,2.79197979628141,0.13329620336998138,-1.5431795334964429
136.43,2.79331310753676,0.1333655952332406,-1.5492154802754272
136.44,2.79464709908763,0.1334322570166968,-1.5390604880362908
136.45,2.79598174345859,0.13349618006324543,-1.7043441540457007
136.46,2.79731701281405,0.13355710767217016,-1.6879440917082182
136.47,2.79865287574053,0.13361505480959934,-1.5684905733366017
136.48,2.79998930442249,0.13367019181515322,-1.6665710086246912
136.49,2.80132626974896,0.13372237308449203,-1.6914588805125037
136.5,2.80266374186367,0.13377154541076575,-1.688750326434183
136.51,2.80400169049983,0.13381769133290478,-1.8167354462749945
136.52,2.80534008498016,0.13386060571349095,-1.848349535113952
136.53,2.80667889172093,0.13390023074191237,-1.7630714869523247
136.54,2.80801807894685,0.13393668453965576,-1.8209023566209823
136.55,2.80935761454432,0.13396987937916624,-1.8513712047918915
136.56,2.81069746542252,0.13399974933749523,-1.9397073081521408
136.57,2.81203759800079,0.13402614791717302,-1.9671262607976003
136.58,2.81337797667811,0.13404902379549055,-1.92987220234595
136.59,2.81471856683898,0.13406842306549577,-1.983264416186727
136.6,2.81605933327258,0.13408426178833643,-2.0020154916135
136.61,2.81740023998869,0.13409649017693076,-2.1216657659117044
136.62,2.81874125046119,0.13410491599824548,-2.1460831575471655
136.63,2.82008232552663,0.1341094924913337,-2.0907992718323047
136.64,2.82142342765631,0.13411029336201458,-2.163058753326112
136.65,2.82276451845069,0.1341072089893129,-2.177329817303435
136.66,2.82410555865023,0.13410019138309454,-2.3408775054208486
136.67,2.82544650839927,0.1340889829298475,-2.358804025582177
136.68,2.82678732427898,0.13407354681081268,-2.275802713600305
136.69,2.82812796552911,0.134053998912409,-2.3766622702363875
136.7,2.82946839007165,0.13403019000057803,-2.391267331849279
136.71,2.83080855487114,0.1340020684481617,-2.5749296140659133
136.72,2.83214841621515,0.1339693479306625,-2.588178365972901
136.73,2.83348792646333,0.13393199909549347,-2.5026122994520326
136.74,2.83482704105749,0.13389014219768644,-2.622917419434259
136.75,2.8361657137184,0.13384360063881662,-2.6362488533867316
136.76,2.83750389719199,0.13379232300290517,-2.840014894929014
136.77,2.83884154346267,0.13373599526860236,-2.8484837306167994
136.78,2.8401786002513,0.13367459602534976,-2.76230729816278
136.79,2.84151501876065,0.13360824723855175,-2.902879477204239
136.8,2.84285074805279,0.1335367446983223,-2.9076923279904556
136.81,2.84418573620596,0.133460044652689,-3.170855327867522
136.82,2.84551993044998,0.13337774756190987,-3.16341944760602
136.83,2.84685327257985,0.13328985669418908,-3.046389706945165
136.84,2.84818570933648,0.13319654131899913,-3.23147473530147
136.85,2.84951718449466,0.13309753622289255,-3.2288853948016905
136.86,2.85084764081018,0.13299280178925937,-3.5512601613236745
136.87,2.8521770200227,0.13288185404059702,-3.5287134955406843
136.88,2.85350525734609,0.1327647198631432,-3.38451983254987
136.89,2.85483229429707,0.13264161041593633,-3.613105574218511
136.9,2.85615806862156,0.13251220006349856,-3.624698786985152
136.91,2.85748251697655,0.13237643100824834,-3.909033543875055
136.92,2.85880557477431,0.1322338761045002,-3.93431287349048
136.93,2.86012717179808,0.13208449056847743,-3.852621605003743
136.94,2.86144724206126,0.13192839362790032,-4.021144020654441
136.95,2.86276571640393,0.13176532940824734,-4.242331759009339
136.96,2.86408252438576,0.13159495396199244,-4.300309811560576
136.97,2.86539759086509,0.1314171766928977,-4.2706678207560484
136.98,2.8667108432751,0.13123203948685788,-4.424776212448818
136.99,2.8680222063155,0.13103931032058352,-4.61850830333003
137.0,2.86933160325062,0.1308386902435806,-4.704575929284301
137.01,2.87063895343078,0.13063004901575637,-4.714579156535653
137.02,2.87194417736811,0.13041337226374536,-4.837044733352245
137.03,2.87324719337353,0.13018846949732765,-5.096632027997208
137.04,2.87454791812097,0.12995494650332268,-5.203823434170864
137.05,2.87584626311398,0.12971264202089605,-5.179181215270185
137.06,2.87714214171131,0.12946159481057595,-5.314064881532529
137.07,2.87843546505374,0.12920159614601875,-5.638846139680226
137.08,2.87972614226178,0.1289321508729106,-5.783659290357671
137.09,2.88101407598022,0.1286530404779329,-5.724709969054107
137.1,2.8822991710184,0.12836435393458098,-5.879664663452286
137.11,2.88358133024935,0.12806585883290053,-6.202712705302316
137.12,2.88486045394267,0.1277570594914179,-6.381024898488187
137.13,2.88613643631443,0.12743768472608757,-6.356870016930676
137.14,2.88740917240007,0.1271077704391832,-6.506486286422751
137.15,2.88867855574142,0.12676709274682674,-6.805733391457636
137.16,2.88994447690589,0.12641519054307587,-7.003933566765863
137.17,2.89120682123137,0.12605175916040973,-7.029464276834784
137.18,2.8924654734545,0.12567675869132508,-7.159689259803681
137.19,2.89372031703105,0.12528998522089627,-7.487256728465328
137.2,2.89497123226037,0.12489092556450625,-7.7341784717052375
137.21,2.89621809345182,0.1244791932641598,-7.740532469304578
137.22,2.89746077375292,0.12405477135593035,-7.855379802022767
137.23,2.89869914577975,0.12361747166308076,-8.216759327661698
137.24,2.8999330783211,0.12316670700781944,-8.556061734641379
137.25,2.90116243339769,0.12270192544534173,-8.573660718199903
137.26,2.9023870698555,0.12222307095260214,-8.688141599570079
137.27,2.90360684700151,0.1217299313292508,-9.130655318436775
137.28,2.90482161863735,0.12122178568641692,-9.260715816491945
137.29,2.90603123189298,0.12069837851960512,-9.319332701922761
137.3,2.90723553470489,0.1201595687369402,-9.646424059064305
137.31,2.90843437011948,0.11960479380097588,-9.829626285376555
137.32,2.90962757620092,0.11903369316924226,-9.94887497177976
137.33,2.9108149886051,0.11844600435378198,-10.181760505903137
137.34,2.91199643940954,0.11784126430769057,-10.474614834372181
137.35,2.91317175526599,0.11721890033197235,-10.575785399032032
137.36,2.91434075777112,0.11657864704193166,-10.634993861793767
137.37,2.9155032674579,0.11592026450401768,-11.195984789975652
137.38,2.91665909929979,0.11524266545417383,-11.293655217498673
137.39,2.91780805575487,0.11454552153058832,-11.165530722314928
137.4,2.91894994429238,0.11382887599476663,-11.67006111876317
137.41,2.92008456481495,0.11309165012716171,-11.908703596177089
137.42,2.92121170666106,0.11233316957465582,-11.863981318844587
137.43,2.92233115668905,0.11155327568459125,-12.005487109634911
137.44,2.92344269893622,0.11075144765449649,-12.279749651153752
137.45,2.92454610993408,0.10992686338507549,-12.335568158078491
137.46,2.92564115890276,0.10907908157052153,-12.34686843075511
137.47,2.92672761281516,0.10820772232658835,-12.548118952151691
137.48,2.9278052321964,0.10731198776650075,-12.593089146803768
137.49,2.92887376960401,0.10639134884673496,-12.546175904204183
137.5,2.92993297468158,0.10544542791891173,-12.716471388665678
137.51,2.93098259083499,0.10447331006127789,-12.865808184820576
137.52,2.93202235069397,0.10347405817408006,-12.718259664035747
137.53,2.93305198049578,0.10244739005355423,-12.625815433985219
137.54,2.93407120498701,0.10139281615175375,-13.002576905595776
137.55,2.93507973837288,0.1003085796684918,-12.897982533710106
137.56,2.93607727577256,0.09919404959998583,-12.63862659320156
137.57,2.93706351721996,0.09804899968082945,-12.754649922822473
137.58,2.93803814981165,0.09687210339331953,-12.629566309363536
137.59,2.9390008507239,0.09566259924818447,-12.419989264667214
137.6,2.93995129139688,0.09441998221575432,-12.21201405175805
137.61,2.94088913799202,0.09314369792683039,-12.086080705895315
137.62,2.94181405009072,0.09183283282674741,-11.926584701731581
137.63,2.9427256765234,0.09048650173516157,-11.691939239151187
137.64,2.94362365970871,0.08910405394943292,-11.414865740159048
137.65,2.94450763472772,0.0876849064771664,-11.442212902952738
137.66,2.94537722925135,0.08622706091742094,-11.201479952619643
137.67,2.94623204408726,0.08472956997706375,-10.767427835423245
137.68,2.94707168727494,0.08319235018425797,-10.818797835140941
137.69,2.94789575051919,0.08161278045817714,-10.522389814925358
137.7,2.94870379868468,0.07998985512599477,-10.11986247792305
137.71,2.9494954017102,0.078323269523121,-9.881805190095996
137.72,2.9502701141879,0.07661170995980997,-9.606883840248795
137.73,2.95102748220218,0.07485396720497603,-9.275099595110445
137.74,2.95176703742534,0.07304931045078271,-8.860336915203613
137.75,2.95248831154512,0.07119775661199221,-8.613457574607716
137.76,2.95319083167733,0.06929793933682835,-8.346741048195359
137.77,2.95387410542466,0.06734856043417725,-8.011517839729372
137.78,2.95453763574124,0.06534907249216015,-7.680013958546785
137.79,2.9551809168043,0.06329891691250941,-7.578638549317577
137.8,2.95580343401539,0.061194501983589486,-7.306328688234088
137.81,2.95640462158836,0.05903425612708846,-6.904480554211323
137.82,2.95698393377569,0.05681873816784829,-6.709059164064703
137.83,2.95754080415145,0.05454546097441264,-6.440816895257979
137.84,2.95807464593997,0.05221296745042311,-6.159736219360595
137.85,2.95858486358567,0.04982036643693307,-5.845509449480032
137.86,2.9590708531554,0.047367942093649404,-5.616084089908442
137.87,2.95953201790246,0.04485415770023223,-5.394045079252461
137.88,2.95996772742305,0.04227743530103023,-5.108240030076632
137.89,2.96037735880284,0.039638620016239454,-4.900005294620884
137.9,2.96076028812232,0.036936420131491086,-4.712667183095399
137.91,2.96111586909467,0.03416866350175093,-4.507583747129237
137.92,2.96144343934191,0.0313341942154266,-4.298768843663115
137.93,2.96174232893935,0.028432697880764746,-4.122880527035218
137.94,2.96201186357391,0.025462250962223397,-3.9476952067944318
137.95,2.96225133920498,0.022421225868244726,-3.7686676040390994
137.96,2.96246005135148,0.019309026584168887,-3.5931993620927667
137.97,2.96263728405572,0.016126339373741715,-3.4397752186360235
137.98,2.96278233918973,0.012872022786255174,-3.298245414160989
137.99,2.96289448118613,0.009544122176570932,-3.1457160838455973
138.0,2.96297298566041,0.006145908304503826,-3.0180864880161122
138.01,2.96301716115997,0.0026764382255091887,-2.8982562949278123
138.02,2.96302626998391,-0.0008667034605928474,-2.779563296121561
138.03,2.96299958318707,-0.004482942916598602,-2.6692063645644493
138.04,2.96293636629248,-0.008172714434362405,-2.566128639287092
138.05,2.96283588477852,-0.01193570160126593,-2.4695538240535986
138.06,2.96269740844763,-0.015771736288157832,-2.3741775869746773
138.07,2.96252020462042,-0.019681754529391842,-2.2961162563371524
138.08,2.96230353338226,-0.023663646981904783,-2.21990114585869
138.09,2.96204669479909,-0.027716305395852903,-2.134378120207554
138.1,2.96174896751482,-0.03184155296490632,-2.0845696719176594
138.11,2.9614096343284,-0.036035270889659785,-2.0211360902851303
138.12,2.96102803597253,-0.04029658985192179,-1.9492815614159749
138.13,2.96060347496753,-0.04462684529060734,-1.9185536611037837
138.14,2.96013528341009,-0.049021378759088005,-1.8649284862500743
138.15,2.95962283526375,-0.05347951420974588,-1.8128987108833783
138.16,2.95906548379338,-0.0580009086256698,-1.7935318190051712
138.17,2.95846261973902,-0.06258111994380904,-1.7484823040084754
138.18,2.95781366824733,-0.06721943449332266,-1.7175198536071965
138.19,2.95711804528861,-0.07191376286517226,-1.7096839945417308
138.2,2.9563752203293,-0.07665946187694525,-1.6695629460193435
138.21,2.9555846879386,-0.08145599442350346,-1.6633799291010098
138.22,2.95474594487248,-0.08629923062989746,-1.6616783839133036
138.23,2.95385856096487,-0.09118476399799051,-1.6262273890953358
138.24,2.95292211221505,-0.09611213868457869,-1.6465717085686116
138.25,2.95193619835892,-0.10107518187152018,-1.6437997303967935
138.26,2.95090050066703,-0.10607034426748005,-1.6208336335685483
138.27,2.94981469040529,-0.11109644572206609,-1.6551222873514837
138.28,2.94867848989811,-0.11614673298251388,-1.65587370513149
138.29,2.94749168569421,-0.12121795818410183,-1.653055562416029
138.3,2.94625407093629,-0.12630751334509935,-1.6895648671664265
138.31,2.94496549369282,-0.13140930569240558,-1.6992516802716866
138.32,2.9436258554884,-0.1365199156395917,-1.714776482340846
138.33,2.94223507879418,-0.14163569716367047,-1.7528824366491131
138.34,2.94079314162392,-0.14675127072264113,-1.7738876079388524
138.35,2.93930006643662,-0.15186296398649324,-1.8035956181544932
138.36,2.93775590911464,-0.15696668897460983,-1.8428204942052107
138.37,2.93616077439832,-0.1620578315535785,-1.880361609985926
138.38,2.93451480799447,-0.16713224773042823,-1.9134760981470906
138.39,2.93281819726169,-0.17218639193682755,-1.9585681088798605
138.4,2.93107116174925,-0.1772160920658128,-2.015804029988441
138.41,2.92927397146898,-0.18221671589743565,-2.042315522837957
138.42,2.92742693270069,-0.1871859559869423,-2.100314754467967
138.43,2.9255303707809,-0.19211969695565045,-2.1710637243648527
138.44,2.92358467096304,-0.19701340621700222,-2.191039777677766
138.45,2.92159024120246,-0.20186586906333348,-2.266499158340682
138.46,2.91954750481921,-0.20667288363216038,-2.337515043645763
138.47,2.91745694591786,-0.2114308459720234,-2.3567253265142196
138.48,2.9153190547221,-0.21613915459249475,-2.4534909939142415
138.49,2.91313434194222,-0.22079344851558455,-2.506410912152578
138.5,2.91090337156519,-0.22539184768169593,-2.533867323327229
138.51,2.90862669448445,-0.2299338139097403,-2.655709925203436
138.52,2.90630489678174,-0.23441476698164618,-2.667082483833684
138.53,2.90393860134379,-0.23883523864076292,-2.7177769211696434
138.54,2.90152839847771,-0.24319410612573628,-2.8554561420331135
138.55,2.8990749366891,-0.24748697945740825,-2.8253528632349028
138.56,2.89657887227931,-0.25171626922336027,-2.90027900083374
138.57,2.89404082929148,-0.25588035364367084,-3.028168870051387
138.58,2.89146149160355,-0.2599758606772381,-2.9978625481178223
138.59,2.88884153372026,-0.2640052043659321,-3.061248293335906
138.6,2.88618161099082,-0.26796759880042265,-3.144790453218064
138.61,2.88348240891355,-0.2718615767873208,-3.1609325268422865
138.62,2.88074460500592,-0.2756879417309214,-3.1995063412878397
138.63,2.87796887505554,-0.27944683955008676,-3.2410458080435425
138.64,2.87515589313445,-0.28313826311339907,-3.287055886498894
138.65,2.8723063346878,-0.28676211897273873,-3.3034258593699803
138.66,2.86942087363761,-0.2903191386090964,-3.329405447315872
138.67,2.86650017335755,-0.29380975763043293,-3.3667187655731188
138.68,2.86354489912554,-0.29723409573034765,-3.3731355765987865
138.69,2.86055570950689,-0.3005930316714922,-3.387539821773796
138.7,2.85753325431997,-0.3038872178714791,-3.4001761855152464
138.71,2.85447817871357,-0.3071173004190834,-3.397565059201596
138.72,2.85139111892356,-0.31028422230776254,-3.4040298785943897
138.73,2.8482727023859,-0.3133886783793449,-3.3975219215701804
138.74,2.84512355037554,-0.3164316050888109,-3.3765345743216835
138.75,2.84194427173493,-0.3194141668053171,-3.3837014995557655
138.76,2.83873546632646,-0.32233688412418954,-3.364037646206929
138.77,2.8354977300099,-0.32520078592509494,-3.32816592458895
138.78,2.8322316426702,-0.32800715667048824,-3.3294215647813963
138.79,2.82893777679586,-0.33075649318730826,-3.3004066597898882
138.8,2.8256166994146,-0.3334498269045749,-3.2614734854615874
138.81,2.82226896314758,-0.3360883382476125,-3.241089251971343
138.82,2.81889511271251,-0.33867280795167876,-3.2052717446812187
138.83,2.81549568376885,-0.3412042441035731,-3.168264641153802
138.84,2.81207120133896,-0.34368363792356416,-3.134070287239512
138.85,2.80862218145161,-0.34611188885125266,-3.0914075421636253
138.86,2.80514913072542,-0.34849000081505677,-3.051328865081051
138.87,2.80165254552268,-0.3508188935542611,-3.0127847674667794
138.88,2.79813291400533,-0.3530994274101899,-2.9641294228695854
138.89,2.7945907149174,-0.35533259647041093,-2.922893313860197
138.9,2.7910264171724,-0.3575192397542226,-2.881057804052836
138.91,2.78744048243569,-0.35966017731803673,-2.8306024419685087
138.92,2.78383336292216,-0.361756342917848,-2.787809473611592
138.93,2.78020550219364,-0.3638085234446457,-2.742460417746667
138.94,2.77655733638614,-0.36581752124693984,-2.6943954421416616
138.95,2.77288929296089,-0.36778416549100673,-2.6472138547831587
138.96,2.76920179160979,-0.3697092535998888,-2.6001918902869474
138.97,2.76549524384176,-0.3715935609342617,-2.554369240852245
138.98,2.76177005386509,-0.3734378277580349,-2.5081032477757597
138.99,2.7580266183154,-0.3752427874703387,-2.461690257934674
139.0,2.75426532672987,-0.37700916486639313,-2.4149378132874433
139.01,2.75048656125644,-0.3787376774410915,-2.370864183517578
139.02,2.74669069717738,-0.3804289915490866,-2.3258641010800876
139.03,2.74287810318841,-0.3820837782532468,-2.281085016734973
139.04,2.73904914117152,-0.38370269944475827,-2.2366450303388925
139.05,2.73520416659995,-0.38528640468715736,-2.1935189356288256
139.06,2.73134352840307,-0.38683551647913006,-2.1517237175521493
139.07,2.72746756960327,-0.38835063073359527,-2.1104428100681973
139.08,2.72357662717558,-0.3898323308200724,-2.0697685596364717
139.09,2.71967103246806,-0.3912811878070836,-2.029695781607977
139.1,2.7157511110198,-0.39269776330726297,-1.9881602338151299
139.11,2.71181718289388,-0.39408263780815744,-1.949658756825868
139.12,2.70786956217901,-0.39543634282325213,-1.9138913165673974
139.13,2.70390855827872,-0.3967593687637809,-1.8736063800852427
139.14,2.69993447523731,-0.3980522715584282,-1.837256347754676
139.15,2.69594761161193,-0.3993155492653444,-1.802900804418375
139.16,2.6919482614317,-0.4005496691810606,-1.7658099432558332
139.17,2.68793671374568,-0.4017551387862454,-1.731488172985523
139.18,2.68391325260904,-0.40293242588848033,-1.6983817072897955
139.19,2.679878157685,-0.40408197800432255,-1.6661771694539607
139.2,2.67583170405288,-0.4052042296713558,-1.6342579210458779
139.21,2.67177416265692,-0.40629961249794383,-1.602859183618295
139.22,2.66770579994496,-0.4073685529123424,-1.5714699715535976
139.23,2.66362687832139,-0.4084114789127291,-1.5409345630952433
139.24,2.65953765571812,-0.40942880519367897,-1.5135989152608338
139.25,2.65543838631173,-0.410420900429002,-1.484621126690738
139.26,2.65132932049092,-0.4113881600209239,-1.4548736947196008
139.27,2.64721070455527,-0.41233099297516285,-1.428690896081828
139.28,2.64308278086895,-0.4132497560542311,-1.403251130701717
139.29,2.63894578849299,-0.414144796977689,-1.3750443143410056
139.3,2.63479996271919,-0.41501650642791954,-1.3500423696985842
139.31,2.63064553499451,-0.4158652297341766,-1.3264651178046638
139.32,2.62648273365246,-0.41669129185625636,-1.3011018332096043
139.33,2.62231178352725,-0.41749504598799225,-1.277558015014441
139.34,2.61813290600386,-0.4182768209255968,-1.2550899788940968
139.35,2.61394631932427,-0.41903693057624797,-1.2322062200614798
139.36,2.60975223853969,-0.4197756970782618,-1.2098778035852589
139.37,2.60555087548304,-0.4204934361455156,-1.1889715737469564
139.38,2.60134243892341,-0.42119044357815294,-1.1683220163792871
139.39,2.59712713473149,-0.42186701373356783,-1.1468463512195886
139.4,2.59290516575667,-0.42252345499367666,-1.1272907616551828
139.41,2.58867673179715,-0.4231600483204997,-1.1088466878128789
139.42,2.58444203004793,-0.42377706057664666,-1.08802088107076
139.43,2.58020125486003,-0.42437479537147754,-1.0699801936566065
139.44,2.57595459752891,-0.4249535162578681,-1.0531655598032885
139.45,2.57170224708957,-0.42551346836543125,-1.0354527936436615
139.46,2.56744438983519,-0.4260549147009944,-1.0158599387099572
139.47,2.56318120951412,-0.4265781498116665,-0.998312409290604
139.48,2.55891288668943,-0.4270834366553178,-0.9843866093994644
139.49,2.55463959990089,-0.42757098336159893,-0.967977372290864
139.5,2.55036152532799,-0.42804103680011607,-0.9512788253154344
139.51,2.54607883662599,-0.4284938531009345,-0.9350671450294743
139.52,2.54179170490624,-0.428929681383509,-0.9209064616808113
139.53,2.537500298899,-0.42934873972449994,-0.9067769171286989
139.54,2.53320478527809,-0.429751246568418,-0.8919384562935972
139.55,2.52890532836773,-0.4301374337389234,-0.877305588911769
139.56,2.52460209024429,-0.4305075313403147,-0.8640148545232795
139.57,2.52029523067727,-0.43086174925366005,-0.8512824437874141
139.58,2.51598490751525,-0.43120028928660403,-0.8384138454893537
139.59,2.51167127644585,-0.4315233592521691,-0.8232793193569118
139.6,2.50735449110732,-0.4318312021688383,-0.8113436983878471
139.61,2.50303470252409,-0.43212401204159406,-0.8011331928185793
139.62,2.49871206040143,-0.43240195633292844,-0.788244598550908
139.63,2.49438671224372,-0.43266524578765936,-0.7752685450916711
139.64,2.49005880362431,-0.4329140961208955,-0.7632744569549439
139.65,2.48572847780165,-0.43314870669508937,-0.7535518619450313
139.66,2.48139587639938,-0.4333692421833679,-0.7423509213464745
139.67,2.47706113924769,-0.43357589028566457,-0.7311581209057101
139.68,2.47272440425463,-0.43376884112249864,-0.7204827573642966
139.69,2.46838580747793,-0.4339482774005088,-0.7103752505839381
139.7,2.464045483176,-0.43411437328948477,-0.7004545542417469
139.71,2.45970356390671,-0.43426730071350156,-0.690514573498754
139.72,2.45536018047961,-0.4344072329727444,-0.680636305159186
139.73,2.45101546199243,-0.43453434299166965,-0.6714022451688559
139.74,2.44666953581849,-0.43464879408733337,-0.6624661050692339
139.75,2.44232252777675,-0.4347507451502549,-0.6537235742375601
139.76,2.43797456204465,-0.434840354550096,-0.6433625699026115
139.77,2.43362576121974,-0.43491780646764955,-0.6342773597265893
139.78,2.42927624590842,-0.43498326478299915,-0.6274253337257241
139.79,2.42492613546303,-0.4350368585492796,-0.6188782325652172
139.8,2.42057554776493,-0.43507874305525795,-0.6103210357161377
139.81,2.41622459909773,-0.4351090775287392,-0.600828935229957
139.82,2.41187340415265,-0.4351280349756811,-0.5936218598085479
139.83,2.40752207586824,-0.4351357525820684,-0.5869300312117386
139.84,2.40317072612609,-0.4351323595244964,-0.5783182487317073
139.85,2.3988194651951,-0.435118014332847,-0.5716576662366358
139.86,2.39446840191047,-0.4350928472211487,-0.5645294058479786
139.87,2.39011764386322,-0.4350569953495883,-0.556854458620987
139.88,2.38576729713759,-0.4350106049376838,-0.5501248065511627
139.89,2.38141746645401,-0.4349538080755777,-0.5434740898191841
139.9,2.37706825522931,-0.43488673527205907,-0.5367854366142771
139.91,2.37271976556605,-0.4348095178419202,-0.5304037051310719
139.92,2.36837209826656,-0.4347222826002565,-0.5241637685354729
139.93,2.36402535289304,-0.43462515383725736,-0.5185908888266317
139.94,2.35967962775726,-0.4345182490769132,-0.5096732314246889
139.95,2.35533501995212,-0.43440173719448233,-0.5032978969455244
139.96,2.35099162462843,-0.4342757466291721,-0.49993274835274426
139.97,2.34664953632574,-0.43414035840373033,-0.4931763888321844
139.98,2.34230884834172,-0.4339957053292598,-0.48687361830665754
139.99,2.33796965266689,-0.4338419174727437,-0.4800658874943602
140.0,2.33363203999714,-0.43367913141898845,-0.4749062596081528
140.01,2.32929609966583,-0.43350745772289256,-0.46999325285502064
140.02,2.32496192010352,-0.43332700354384857,-0.4629129356650937
140.03,2.32062958844468,-0.43313790464219276,-0.46189295301736316
140.04,2.3162991906532,-0.43294020574671616,-0.4569751301696834
140.05,2.31197081262033,-0.432734012598468,-0.4483082999986516
140.06,2.30764453819833,-0.43251948983034827,-0.44536563319673883
140.07,2.30332045031754,-0.43229671629093636,-0.4405446682890906
140.08,2.29899863101052,-0.4320657976887521,-0.4334717262261556
140.09,2.29467916107276,-0.4318268737135774,-0.4303732861960003
140.1,2.29036211996274,-0.4315800225541566,-0.4274173738459011
140.11,2.28604758678093,-0.43132531849282935,-0.4226191250468751
140.12,2.28173563938238,-0.4310628699709144,-0.4136105098840863
140.13,2.27742635464902,-0.4307928503126187,-0.4091693697345313
140.14,2.27311980730397,-0.4305153599183524,-0.40873466632265393
140.15,2.26881607219116,-0.43023043700282837,-0.4018775461167345
140.16,2.2645152229097,-0.4299382150710759,-0.39802947514009634
140.17,2.2602173319352,-0.4296387837687451,-0.3967097806194828
140.18,2.25592247106482,-0.42933219471842,-0.39063851321585485
140.19,2.25163071148437,-0.4290185726139188,-0.3847850082432186
140.2,2.24734212266927,-0.42869804015409263,-0.3822099002144174
140.21,2.24305677348447,-0.42837066764224907,-0.3797256951884847
140.22,2.23877473188411,-0.428036521936163,-0.3759245424894506
140.23,2.23449606532016,-0.4276956919178991,-0.3710001648455665
140.24,2.23022083998713,-0.42734828330592833,-0.36856542399502734
140.25,2.22594912133878,-0.426994365728417,-0.36434358290666563
140.26,2.22168097402978,-0.4266340371139858,-0.35771543055493465
140.27,2.21741646154877,-0.426267430665687,-0.3554137826221043
140.28,2.21315564612073,-0.42589461373367576,-0.35304179306613925
140.29,2.20889858974626,-0.4255156521157266,-0.34892320287114087
140.3,2.20464535325774,-0.4251306378935782,-0.34601911366640287
140.31,2.20039599689874,-0.42473964781660767,-0.3413503567581923
140.32,2.1961505798878,-0.42434278403583603,-0.33768018608870565
140.33,2.19190916052473,-0.42394013237148087,-0.33629180948781184
140.34,2.18767179634996,-0.423531744132577,-0.3327531680570131
140.35,2.1834385444806,-0.4231177026900309,-0.32846838306614573
140.36,2.17920946083067,-0.42269810347290715,-0.3259597013535226
140.37,2.17498460069321,-0.42227301702690845,-0.32147710475525443
140.38,2.17076401846759,-0.42184254068834787,-0.31895438433062606
140.39,2.16654776761919,-0.4214067429058277,-0.3167383786380607
140.4,2.16233590112111,-0.42096568772782933,-0.3122798447542449
140.41,2.15812847107007,-0.4205194724713405,-0.3088414106235355
140.42,2.15392552860197,-0.4200681799483445,-0.30629060324343027
140.43,2.14972712416263,-0.41961187898616287,-0.3028993224049008
140.44,2.14553330745539,-0.41915064938265284,-0.3004264597885213
140.45,2.14134412737577,-0.418684558285339,-0.2972372046223755
140.46,2.13715963223301,-0.41821368338209597,-0.2935481263158745
140.47,2.13297986937783,-0.41773810945949047,-0.2909687801512999
140.48,2.12880488547772,-0.4172579050551536,-0.2880377526151114
140.49,2.12463472646859,-0.41677314290876993,-0.28503129242330294
140.5,2.12046943756571,-0.41628389698042945,-0.2821696697504278
140.51,2.1163090632308,-0.4157902395685661,-0.27875103331040607
140.52,2.11215364721305,-0.4152922509609821,-0.2754917714962183
140.53,2.10800323239554,-0.4147900085853344,-0.2730241896223363
140.54,2.10385786099895,-0.4142835781034212,-0.27003306825610607
140.55,2.09971757454824,-0.4137730324914898,-0.2666743209174729
140.56,2.09558241380706,-0.4132584501814307,-0.26371477188177866
140.57,2.0914524187594,-0.41273990369856683,-0.2608384561880822
140.58,2.08732762871,-0.4122174639183296,-0.2577532192244943
140.59,2.08320808221559,-0.41169120422811145,-0.2549808637466099
140.6,2.07909381712678,-0.41116119365348647,-0.25188656956018507
140.61,2.07498487060101,-0.410627505507503,-0.24880132730862536
140.62,2.07088127903178,-0.4100902129705005,-0.24579034821350257
140.63,2.06678307811649,-0.4095493879507214,-0.24270070995696094
140.64,2.06269030280708,-0.40900510299011206,-0.2398113343789417
140.65,2.0586029873575,-0.408457427589178,-0.2368428489568563
140.66,2.05452116531867,-0.4079064324383134,-0.233393321545274
140.67,2.05044486951991,-0.40735219467918177,-0.23037225816548465
140.68,2.04637413199896,-0.406794785148105,-0.22754180219676168
140.69,2.04230898416132,-0.4062342716449008,-0.22425316173903836
140.7,2.03824945666772,-0.40567072794767123,-0.2212000673760239
140.71,2.03419557946738,-0.4051042246432601,-0.21803612827187482
140.72,2.03014738180116,-0.4045348334433152,-0.21483318091358866
140.73,2.02610489218603,-0.40396262625925405,-0.21176962838892166
140.74,2.02206813843012,-0.4033876727636665,-0.2086379856167778
140.75,2.01803714765017,-0.4028100432695858,-0.20538124304172772
140.76,2.01401194624592,-0.4022298095412621,-0.202204062903276
140.77,2.00999255990478,-0.4016470420765694,-0.19891409421317907
140.78,2.00597901361195,-0.4010618124954772,-0.19568724954116073
140.79,2.0019713316276,-0.40047419120725625,-0.19250256128162663
140.8,1.99796953752794,-0.39988424771984316,-0.18918244560882494
140.81,1.99397365417757,-0.39929205300649107,-0.18590525065354233
140.82,1.98998370373809,-0.39869767721075944,-0.1825810692794969
140.83,1.98599970766958,-0.39810119067759664,-0.17927908137462523
140.84,1.98202168672931,-0.3975026629553328,-0.17610487123319263
140.85,1.97804966098864,-0.396902161546416,-0.17274200139637358
140.86,1.97408364984521,-0.3962997560980027,-0.16934922560252266
140.87,1.97012367198235,-0.39569551626566135,-0.16612609554282187
140.88,1.96616974541075,-0.395089509065912,-0.16277210837021086
140.89,1.96222188746484,-0.39448180275791594,-0.15941173749752727
140.9,1.95828011479304,-0.39387246533401277,-0.15608784790340374
140.91,1.95434444337162,-0.39326156389308253,-0.15271441252901363
140.92,1.95041488850507,-0.39264916567465413,-0.14940058946879745
140.93,1.94649146482825,-0.3920353366121713,-0.14617281526841863
140.94,1.94257418632704,-0.39142014111318013,-0.1427699084722229
140.95,1.93866306634084,-0.3908036453713441,-0.1394442479400591
140.96,1.93475811753937,-0.3901859140539051,-0.1363010829089464
140.97,1.93085935197145,-0.3895670090179215,-0.13293989424339134
140.98,1.92696678105839,-0.3889469943733348,-0.12966238710038505
140.99,1.92308041557515,-0.38832593268866383,-0.1265321645746702
141.0,1.91920026569377,-0.38770388415342494,-0.12324507611798743
141.01,1.91532634097713,-0.38708091036432357,-0.12007028469394208
141.02,1.91145865037264,-0.38645707098441584,-0.11700431220127548
141.03,1.90759720224983,-0.3858324237996702,-0.11378419579869817
141.04,1.9037420043935,-0.3852070279277457,-0.1107394008314432
141.05,1.89989306399997,-0.38458093972374985,-0.10781184713620649
141.06,1.89605038772509,-0.3839542135570954,-0.10468824093882279
141.07,1.8922139816694,-0.3833269056351637,-0.10177679599763366
141.08,1.88838385137579,-0.3826990689839901,-0.09898287346003454
141.09,1.88456000188179,-0.38207075461332474,-0.09601860008043292
141.1,1.88074243770229,-0.38144201502616404,-0.09326721540911691
141.11,1.876931162835,-0.38081289957800357,-0.09060579477183807
141.12,1.87312618080461,-0.3801834559520027,-0.08782242128697783
141.13,1.86932749464971,-0.379553732683328,-0.08529335305911691
141.14,1.86553510693421,-0.3789237746550822,-0.0828256976906266
141.15,1.8617490197938,-0.3782936254496753,-0.08023061813310052
141.16,1.85796923491594,-0.37766332956992354,-0.07793412950981447
141.17,1.85419575355751,-0.3770329273719083,-0.07568630494647309
141.18,1.85042857659228,-0.37640245805316924,-0.07333532295021646
141.19,1.84666770448915,-0.3757719614544223,-0.0712778710903227
141.2,1.84291313733544,-0.3751414733886664,-0.06925991946910716
141.21,1.83916487487732,-0.37451102862567365,-0.06718981165151448
141.22,1.83542291650428,-0.3738806619754213,-0.06540394269918184
141.23,1.83168726127495,-0.3732504043751565,-0.06364680333819775
141.24,1.82795790795353,-0.37262028587707147,-0.06186911704552824
141.25,1.82423485499634,-0.371990336220505,-0.06037857274091662
141.26,1.82051810058065,-0.37136058128910227,-0.05891063266073215
141.27,1.81680764263837,-0.3707310461764868,-0.05745172931279129
141.28,1.81310347884446,-0.37010175535808765,-0.05626416747809313
141.29,1.809405606648,-0.36947272969591144,-0.055106343842487145
141.3,1.80571402330066,-0.3688439892035822,-0.05399722057844717
141.31,1.80202872585148,-0.36821555287434216,-0.053110968722981565
141.32,1.79834971117673,-0.3675874367032502,-0.05228176148928857
141.33,1.79467697600148,-0.36695965556298726,-0.0515405395657599
141.34,1.79101051690505,-0.36633222290666606,-0.05097040406544824
141.35,1.7873503303456,-0.3657051498317595,-0.05048924811210195
141.36,1.78369641267849,-0.36507844600707773,-0.05012105461805916
141.37,1.78004876016881,-0.36445211946200173,-0.04987166126612063
141.38,1.77640736901158,-0.36382617651491056,-0.04974896514519639
141.39,1.77277223534576,-0.363200621688505,-0.04976454085454349
141.4,1.76914335527588,-0.3625754576476644,-0.04984206354340592
141.41,1.76552072488583,-0.3619506860332448,-0.050084725905296786
141.42,1.76190434024986,-0.36132630633283574,-0.05048432295921769
141.43,1.75829419746159,-0.36070231603900405,-0.050891979158658396
141.44,1.7546902926419,-0.3600787122659229,-0.05150208416612925
141.45,1.75109262194683,-0.3594554896393191,-0.05228338673433289
141.46,1.74750118160369,-0.3588326407037416,-0.05302446322251413
141.47,1.74391596791263,-0.358210158199516,-0.054002043447394545
141.48,1.74033697725275,-0.3575880320899986,-0.05515769786570378
141.49,1.73676420612325,-0.3569662502567443,-0.05623003795206606
141.5,1.73319765113945,-0.35634480128849955,-0.05756914816184286
141.51,1.72963730903704,-0.35572367075524064,-0.05909119657883494
141.52,1.72608317671769,-0.35510284216584054,-0.06049203092735606
141.53,1.7225352512398,-0.35448230018316207,-0.06218524518242381
141.54,1.71899352982143,-0.3538620262676614,-0.06406008058767707
141.55,1.71545800988894,-0.3532419999057568,-0.06578333996977982
141.56,1.71192868906293,-0.352622202097667,-0.06782026946384069
141.57,1.70840556516049,-0.3520026105066613,-0.0700333530760691
141.58,1.70488863624555,-0.3513832009517437,-0.07206959453775129
141.59,1.7013779006107,-0.3507639510657542,-0.07443745402768907
141.6,1.69787335677882,-0.3501448350480052,-0.07697202561555548
141.61,1.69437500355454,-0.34952582542075084,-0.07931114512270859
141.62,1.69088284000203,-0.3489068967458283,-0.08199455095721979
141.63,1.68739686544687,-0.34828802011198834,-0.08483108111798485
141.64,1.68391707952696,-0.3476691651360146,-0.08746191969404077
141.65,1.68044348216742,-0.34705030360934014,-0.09044439396317124
141.66,1.67697607358275,-0.3464314038671516,-0.0935600951437289
141.67,1.67351485432631,-0.34581243304408854,-0.09645886931270917
141.68,1.67005982526214,-0.3451933605839138,-0.0997285041590811
141.69,1.66661098756783,-0.34457415233782507,-0.10314700208671389
141.7,1.66316834278498,-0.3439547728884348,-0.10626016187785955
141.71,1.65973189278957,-0.34333519005208535,-0.10977238567117255
141.72,1.65630163978267,-0.34271536783415846,-0.11350284651798333
141.73,1.6528775863556,-0.3420952683445759,-0.11681516940257984
141.74,1.64945973545332,-0.34147485805858063,-0.12054530193465601
141.75,1.64604809035612,-0.3408540995519257,-0.1245457662260397
141.76,1.64264265475386,-0.34023295304126216,-0.12806657207186198
141.77,1.63924343270615,-0.3396113837089876,-0.13199759200644165
141.78,1.63585042861851,-0.338989353020173,-0.13620529365586584
141.79,1.6324636473184,-0.3383668200439227,-0.13997935391710817
141.8,1.62908309401428,-0.3377437483805812,-0.14406530600815426
141.81,1.62570877427758,-0.33712009896441447,-0.14842391592633325
141.82,1.62234069409762,-0.33649583040057385,-0.152480864595567
141.83,1.61897885986085,-0.3358709045707472,-0.15668332761315326
141.84,1.61562327832851,-0.3352452823417581,-0.16117882710296846
141.85,1.61227395667319,-0.33461892211975414,-0.16548983081524016
141.86,1.60893090247735,-0.3339917844800126,-0.1697979189783965
141.87,1.60559412370594,-0.3333638304294081,-0.17441525830981436
141.88,1.60226362872811,-0.33273501842882214,-0.17894367665292718
141.89,1.5989394263308,-0.33210530822025963,-0.18335076403029862
141.9,1.59562152568769,-0.33147466110975965,-0.1880765889009631
141.91,1.59230993636901,-0.33084303582165225,-0.19280854161967004
141.92,1.58900466836696,-0.33021039150567166,-0.19729126033111907
141.93,1.58570573206356,-0.32957669008043167,-0.2020995918559641
141.94,1.58241313822477,-0.328941890872995,-0.2070155318035319
141.95,1.57912689804114,-0.32830595272174506,-0.21157312809091047
141.96,1.57584702309236,-0.3276688382321665,-0.2164514059791549
141.97,1.57257352533089,-0.3270305075330937,-0.2215047181541879
141.98,1.56930641713063,-0.3263909196693319,-0.22614795239522803
141.99,1.56604571125127,-0.3257500379052351,-0.23109034203346712
142.0,1.56279142081572,-0.3251078233026672,-0.23621375027909058
142.01,1.55954355936024,-0.32446423577642086,-0.24100267845161247
142.02,1.55630214079871,-0.32381923878358665,-0.24596600024557067
142.03,1.55306717940836,-0.32317279476742344,-0.25110323725181083
142.04,1.54983868985471,-0.3225248650890726,-0.2560696909209859
142.05,1.54661668718033,-0.32187541319374885,-0.26103167912089476
142.06,1.54340118678516,-0.32122440311981676,-0.2661847598173423
142.07,1.54019220443521,-0.3205717977189956,-0.2712826559414866
142.08,1.53698975626813,-0.31991756090091383,-0.276254531772066
142.09,1.53379385877037,-0.3192616582408344,-0.28142101313306356
142.1,1.53060452877455,-0.31860405414134707,-0.2866105982048734
142.11,1.52742178347547,-0.31794471338082814,-0.2916018623565821
142.12,1.52424564040589,-0.3172836030263397,-0.29677836525061674
142.13,1.52107611742679,-0.3166206890944138,-0.30202558018222253
142.14,1.51791323274827,-0.31595593757124585,-0.30704528460114666
142.15,1.51475700490584,-0.3152893169705129,-0.31222969046198507
142.16,1.51160745274684,-0.31462079496765716,-0.31750833631874537
142.17,1.50846459545181,-0.3139503390334938,-0.32253134371225745
142.18,1.50532845251215,-0.3132779193824246,-0.32773211325136276
142.19,1.50219904371234,-0.3126035052978297,-0.33302947260392857
142.2,1.49907638915697,-0.3119270657563419,-0.3382277713193706
142.21,1.49596050924611,-0.3112485712677526,-0.3432488506338194
142.22,1.49285142467307,-0.3105679944593228,-0.3484658738888892
142.23,1.48974915639327,-0.3098853068134141,-0.35383341927912804
142.24,1.48665372566937,-0.3092004790854327,-0.35901054527551285
142.25,1.48356515403412,-0.3085134843202497,-0.36403077669775147
142.26,1.48048346329012,-0.30782429753007196,-0.3692528883537433
142.27,1.4774086754777,-0.307132892547581,-0.37462643538735546
142.28,1.47434081292162,-0.30643924250291316,-0.3797799002222448
142.29,1.47127989819183,-0.30574332300416324,-0.38485633968611915
142.3,1.46822595410351,-0.3050451109682458,-0.39007304150425365
142.31,1.46517900369332,-0.30434458268157605,-0.39539068027428836
142.32,1.46213907024973,-0.3036417141802491,-0.40054670151272675
142.33,1.45910617728338,-0.3029364834437517,-0.40568476181562413
142.34,1.45608034852562,-0.3022288692553351,-0.4108919635810199
142.35,1.45306160791369,-0.301518850392322,-0.4161485601714789
142.36,1.45004997960285,-0.30080640582542306,-0.42132160060666934
142.37,1.4470454879483,-0.30009151580949744,-0.4264909161733319
142.38,1.44404815750155,-0.2993741612608255,-0.43169112011571265
142.39,1.44105801300043,-0.2986543234291687,-0.4369127289979944
142.4,1.43807507937119,-0.29793198399349724,-0.4420955843012025
142.41,1.43509938171692,-0.2972071255461654,-0.4472800383815667
142.42,1.43213094531269,-0.29647973128382377,-0.4524755874899217
142.43,1.42916979559797,-0.29574978490991927,-0.4576787162484237
142.44,1.42621595817365,-0.29501727067359024,-0.46286041594920824
142.45,1.42326945879379,-0.2942821735786638,-0.46807970257289766
142.46,1.42033032336008,-0.2935444789539906,-0.47326824270189394
142.47,1.41739857791885,-0.29280417297208317,-0.478441963615933
142.48,1.41447424864861,-0.2920612425274231,-0.48364555113064117
142.49,1.41155736185868,-0.29131567488290455,-0.48884743926054525
142.5,1.40864794398201,-0.2905674578687549,-0.49411551045858665
142.51,1.405746021572,-0.2898165794483395,-0.4992781924454026
142.52,1.40285162129942,-0.2890630290032522,-0.5044331934510474
142.53,1.39996476993176,-0.2883067965907464,-0.5096574667306365
142.54,1.39708549434048,-0.2875478722899875,-0.5149491374358607
142.55,1.39421382149137,-0.2867862462305896,-0.5202208236104231
142.56,1.3913497784511,-0.2860219093577458,-0.5253342169093782
142.57,1.38849339236439,-0.28525485441557125,-0.5305533514185156
142.58,1.38564469044757,-0.28448507399709094,-0.5357716647056978
142.59,1.382803699993,-0.28371256112001053,-0.5412515478677795
142.6,1.37997044835963,-0.2829373075411664,-0.5464397762701376
142.61,1.37714496299527,-0.2821593078153328,-0.5514967634928433
142.62,1.37432727137067,-0.28137855807149154,-0.5568862744785293
142.63,1.37151740101916,-0.2805950526187392,-0.5621729886570647
142.64,1.36871537951933,-0.27980878688815825,-0.567666704612958
142.65,1.3659212344988,-0.27901975556501313,-0.5728453038188533
142.66,1.36313499363437,-0.27822795622808316,-0.5780209491170314
142.67,1.36035668460728,-0.2774333871084093,-0.5834239656124226
142.68,1.35758633513454,-0.27663604530050456,-0.588918524829253
142.69,1.35482397295317,-0.2758359277468444,-0.5943616654978764
142.7,1.35206962583755,-0.2750330324798286,-0.5995332925799751
142.71,1.34932332156098,-0.274227360061835,-0.6049252998396575
142.72,1.3465850878946,-0.2734189101546584,-0.6103268545113385
142.73,1.34385495261699,-0.2726076826855754,-0.6160868490210561
142.74,1.34113294350419,-0.2717936757824224,-0.6214414821843521
142.75,1.33841908835997,-0.27097689105217704,-0.6266306735557313
142.76,1.33571341493233,-0.2701573318545166,-0.6322914823988481
142.77,1.33301595096837,-0.26933499890624546,-0.637827316498328
142.78,1.33032672419393,-0.26850989409615833,-0.6436216030336488
142.79,1.32764576232152,-0.2676820183431702,-0.6490157829846394
142.8,1.32497309304907,-0.2668513759028472,-0.6544375017828737
142.81,1.32230874401067,-0.26601797148141004,-0.6601459343997192
142.82,1.31965274281547,-0.26518180830883237,-0.6660005884710725
142.83,1.31700511703049,-0.26434288913191145,-0.6717647104750731
142.84,1.31436589420469,-0.26350121804648763,-0.6772082249374786
142.85,1.31173510182026,-0.262656801888093,-0.6829682695818904
142.86,1.30911276729921,-0.2618096460560826,-0.68873395789181
142.87,1.30649891801322,-0.26095975620407663,-0.6949312287266983
142.88,1.3038935812751,-0.2601071358858361,-0.7006531776611926
142.89,1.30129678437187,-0.259251792426507,-0.7062048222484087
142.9,1.29870855447471,-0.2583937348672424,-0.7123254054075084
142.91,1.29612891870128,-0.25753296918224666,-0.7183008358313068
142.92,1.29355790409445,-0.25666950256942694,-0.7245977726137585
142.93,1.29099553763166,-0.2558033409896669,-0.7304432585138835
142.94,1.28844184622608,-0.2549344939055879,-0.7363259656597316
142.95,1.28589685667308,-0.2540629711854185,-0.7425714710732699
142.96,1.28336059569448,-0.2531887808815784,-0.7489427336843874
142.97,1.28083308992111,-0.2523119307296706,-0.755296066662169
142.98,1.27831436591611,-0.2514324293495037,-0.7612885230264586
142.99,1.27580445013368,-0.2505502882250858,-0.7676012912173639
143.0,1.27330336891698,-0.2496655175344309,-0.7739648969705768
143.01,1.27081114851508,-0.2487781274492303,-0.7808130995346683
143.02,1.26832781507144,-0.24788812588708206,-0.7871970752392953
143.03,1.26585339466327,-0.2469955242954236,-0.7933663275429761
143.04,1.26338791320895,-0.24610033604158255,-0.800185781888344
143.05,1.26093139653061,-0.2452025712251708,-0.8068195206802398
143.06,1.25848387033515,-0.24430224134524003,-0.8138776759149936
143.07,1.25604536021989,-0.2433993561983298,-0.8204849399246971
143.08,1.25361589168462,-0.24249392891157834,-0.8270799741405923
143.09,1.25119549007017,-0.24158597333349316,-0.8341424973280281
143.1,1.24878418060678,-0.24067550111049701,-0.841251459929119
143.11,1.24638198839719,-0.23976252406542886,-0.8484823847770808
143.12,1.24398893843404,-0.23884705411109283,-0.8553561149697964
143.13,1.2416050555761,-0.23792910587832988,-0.8624736961759499
143.14,1.23923036453139,-0.2370086932763323,-0.8697733981997878
143.15,1.23686488988139,-0.23608582958816923,-0.8774450809479297
143.16,1.23450865606952,-0.23516052663492548,-0.8848445177222943
143.17,1.23216168743172,-0.2342327985290734,-0.8920200561155756
143.18,1.22982400813022,-0.23330266129868069,-0.8997360274020445
143.19,1.22749564219048,-0.23237012862266465,-0.9073852989837209
143.2,1.22517661349544,-0.23143521487191307,-0.9156200129778136
143.21,1.2228669457882,-0.23049793204350338,-0.9231996579176442
143.22,1.22056666269661,-0.22955829647332746,-0.9307327232399427
143.23,1.21827578764506,-0.2286163254176743,-0.939060968261078
143.24,1.21599434392712,-0.22767203249333678,-0.9470192262622332
143.25,1.2137223546824,-0.226725433658496,-0.955519271169172
143.26,1.21145984289453,-0.2257765426311694,-0.9642300009432945
143.27,1.20920683142336,-0.2248253728764138,-0.9720758703111771
143.28,1.20696334297054,-0.2238719432205753,-0.9803599594848295
143.29,1.20472940003565,-0.2229162708827448,-0.9892682569381547
143.3,1.20250502497932,-0.22195837040267138,-0.9977308586676272
143.31,1.20029023999953,-0.22099825889193386,-1.0073775462553738
143.32,1.1980850671299,-0.2200359482450842,-1.0162404851711142
143.33,1.19588952830732,-0.2190714552871546,-1.02445501325535
143.34,1.19370364523105,-0.21810480091859302,-1.033965651779132
143.35,1.19152743944319,-0.21713600017684484,-1.0432709626395122
143.36,1.18936093232709,-0.21616506954424963,-1.0525845865438792
143.37,1.18720414509686,-0.21519202597824658,-1.062941980651376
143.38,1.18505709880572,-0.2142168821773316,-1.07217812423747
143.39,1.18291981438962,-0.21323965729783495,-1.081283615811042
143.4,1.18079231253045,-0.2122603718863266,-1.0917296227547453
143.41,1.17867461377044,-0.2112790406206655,-1.1015984156668746
143.42,1.17656673847864,-0.21029568137224305,-1.1120151698504301
143.43,1.17446870684962,-0.2093103101563317,-1.1227207976304552
143.44,1.17238053892856,-0.2083229424956738,-1.1326924609742803
143.45,1.17030225458856,-0.2073335982939147,-1.1430680746569528
143.46,1.16823387348964,-0.20634229629958128,-1.15409715476274
143.47,1.16617541513353,-0.20534905284676683,-1.1648027556415301
143.48,1.16412689884427,-0.2043538862724866,-1.1764135909072782
143.49,1.16208834376721,-0.2033568115937523,-1.1875939653989245
143.5,1.16005976891178,-0.2023578467605832,-1.1983608061671889
143.51,1.15804119306486,-0.20135701247674387,-1.2100933785556198
143.52,1.15603263483674,-0.20035432580673973,-1.221811419944986
143.53,1.1540341126641,-0.1993498045045857,-1.2335717523001943
143.54,1.15204564480251,-0.19834346677859255,-1.2462712735064505
143.55,1.15006724933157,-0.197335327579747,-1.2581445216516034
143.56,1.14809894418993,-0.1963254065304972,-1.2699582201772905
143.57,1.14614074707303,-0.19531372436384364,-1.282945568755639
143.58,1.14419267551785,-0.19430029743025176,-1.2955311336955748
143.59,1.14225474687859,-0.1932851444245894,-1.308679038371246
143.6,1.14032697832604,-0.19226828245032895,-1.3221956916577713
143.61,1.1384093868695,-0.19124972801583356,-1.3350085211286227
143.62,1.13650198933917,-0.190229501655087,-1.3482707039026416
143.63,1.13460480234553,-0.1892076228485695,-1.3622804175332512
143.64,1.13271784233289,-0.18818410867817068,-1.3760586961664292
143.65,1.13084112556109,-0.18715897794049735,-1.3903781740131285
143.66,1.12897466810503,-0.18613224800558825,-1.4052044441355411
143.67,1.12711848587551,-0.18510393518700874,-1.4192358918561716
143.68,1.12527259460892,-0.18407406015865843,-1.4336868590421827
143.69,1.12343700981465,-0.18304264278574678,-1.449044984533219
143.7,1.12161174683719,-0.18200970004624284,-1.4641404165148264
143.71,1.11979682083596,-0.18097525077609053,-1.4797476147127147
143.72,1.11799224678495,-0.17993931264675597,-1.4959653985200725
143.73,1.11619803948986,-0.17890190197007438,-1.5114259033572184
143.74,1.114414213586,-0.17786303920009536,-1.5272525603460596
143.75,1.11264078348077,-0.17682274431467526,-1.5440637479911181
143.76,1.11087776341624,-0.17578103430383463,-1.5606387058202378
143.77,1.10912516744954,-0.17473792794299542,-1.5776838750749733
143.78,1.10738300945262,-0.17369344314983604,-1.595391562199878
143.79,1.10565130312497,-0.17264759640333582,-1.6124771889583156
143.8,1.10393006199766,-0.17160040773574287,-1.6298834824274222
143.81,1.10221929937826,-0.17055189699300238,-1.6482687897574713
143.82,1.10051902840723,-0.16950208127766525,-1.6664925453669348
143.83,1.09882926204069,-0.16845097924391522,-1.6851556536670684
143.84,1.09715001305042,-0.16739860893533742,-1.704521546936674
143.85,1.09548129403305,-0.16634498694358033,-1.7233935487247736
143.86,1.09382311741835,-0.1652901328996796,-1.74255882220567
143.87,1.09217549541736,-0.16423406646091654,-1.7626977264485544
143.88,1.09053844007286,-0.1631768047797466,-1.7827481911901135
143.89,1.08891196324444,-0.16211836635457816,-1.8032247661781735
143.9,1.08729607660856,-0.16105876924532952,-1.8244586149517836
143.91,1.08569079166551,-0.15999803001641538,-1.8452805746494525
143.92,1.08409611975086,-0.1589361679718367,-1.8663858103026547
143.93,1.08251207198481,-0.1578732025874996,-1.8884920984392193
143.94,1.08093865931958,-0.15680915094933673,-1.910563201444517
143.95,1.07937589252577,-0.1557440313720071,-1.9330611567788936
143.96,1.07782378219246,-0.15467786185741073,-1.9563706472816813
143.97,1.07628233873249,-0.1536106588857463,-1.979343444683751
143.98,1.07475157239623,-0.15254244143000548,-2.00260046151004
143.99,1.07323149322222,-0.15147322874316713,-2.026890018030493
144.0,1.0717221110819,-0.15040303779316755,-2.051195961484193
144.01,1.07022343566703,-0.14933188668008007,-2.0759412417915106
144.02,1.06873547648989,-0.14825979326699898,-2.101607158606872
144.03,1.06725824288775,-0.14718677371691563,-2.1268911431014206
144.04,1.0657917440397,-0.14611284687807702,-2.152475939529894
144.05,1.06433598891154,-0.14503803193233744,-2.179234759360155
144.06,1.06289098630558,-0.14396234551341536,-2.2060076052119544
144.07,1.06145674484667,-0.14288580547899463,-2.233217970512303
144.08,1.06003327298235,-0.14180842965933843,-2.2611223174707344
144.09,1.05862057898318,-0.14073023495451328,-2.2896079195529526
144.1,1.05721867095678,-0.13965123790199985,-2.3177932527252745
144.11,1.05582755683665,-0.13857145748525185,-2.346679993646408
144.12,1.05444724435835,-0.13749091188008009,-2.3764945683834995
144.13,1.05307774109397,-0.13640961770807758,-2.406466111468391
144.14,1.05171905444095,-0.13532759251324764,-2.4369008263700547
144.15,1.05037119162242,-0.1342448538472485,-2.4682115806293154
144.16,1.04903415968754,-0.13316141801858472,-2.4997646632787243
144.17,1.04770796552836,-0.13207730215433755,-2.5314316211469117
144.18,1.0463926158507,-0.130992524569253,-2.564038994606224
144.19,1.04508811718622,-0.12990710223615792,-2.5971388993777147
144.2,1.04379447589873,-0.12882105209259254,-2.6307283480274193
144.21,1.04251169818094,-0.127734391083086,-2.6652446633298696
144.22,1.04123979005957,-0.12664713504515665,-2.699543716375302
144.23,1.03997875740291,-0.1255593021279274,-2.7343512968605186
144.24,1.03872860587991,-0.12447091057182966,-2.770339930490947
144.25,1.03748934099901,-0.12338197672557283,-2.806332978237198
144.26,1.03626096809699,-0.12229251806057939,-2.845150782984715
144.27,1.03504349234662,-0.12120254574000493,-2.881725813232972
144.28,1.03383691882806,-0.12011207937925687,-2.918121699561963
144.29,1.03264125233637,-0.11902114077950166,-2.958011828035417
144.3,1.0314564975405,-0.11792974340840516,-2.9965190915598
144.31,1.03028265893968,-0.11683790549825343,-3.0388730424026766
144.32,1.02911974086355,-0.11574563652309208,-3.0785218945603496
144.33,1.02796774758056,-0.11465295566473836,-3.1174115493274597
144.34,1.02682668305031,-0.11355988598299635,-3.160667343540898
144.35,1.02569655111353,-0.1124664401087642,-3.2023231107355956
144.36,1.02457735544527,-0.1113726359380877,-3.247663361670014
144.37,1.02346909955329,-0.11027848329882203,-3.291089617283753
144.38,1.02237178688096,-0.10918399945291832,-3.333091762635517
144.39,1.02128542059491,-0.1080892074443359,-3.3791186059571556
144.4,1.02021000371258,-0.10699412115532751,-3.424521925015236
144.41,1.01914553909957,-0.10589875714091534,-3.472675268156123
144.42,1.01809202945688,-0.10480312644483755,-3.520139396125771
144.43,1.01704947740622,-0.10370724422008779,-3.5656853790632894
144.44,1.01601788533916,-0.10261113275175279,-3.6144650581379882
144.45,1.01499725546422,-0.10151480754941877,-3.66380097056695
144.46,1.01398758985109,-0.10041828383157518,-3.7148718446831928
144.47,1.01298889040759,-0.0993215739208353,-3.7664701227779163
144.48,1.01200115894591,-0.0982246910613401,-3.815773639227301
144.49,1.01102439709328,-0.09712765660482107,-3.8674635401054425
144.5,1.01005860626397,-0.09603048754916281,-3.920698701457656
144.51,1.00910378774465,-0.09493319813641174,-3.9753670383306643
144.52,1.00815994266277,-0.09383580029808103,-4.031609244908043
144.53,1.00722707206005,-0.09273830445383213,-4.083570493937597
144.54,1.00630517682294,-0.0916407343426684,-4.138041308223474
144.55,1.00539425756047,-0.09054310905241558,-4.196217248013165
144.56,1.00449431478725,-0.08944543963174494,-4.253029334257291
144.57,1.00360534886082,-0.08834774233891415,-4.309576858501185
144.58,1.00272735998155,-0.08725003498317545,-4.375477981736469
144.59,1.00186034819554,-0.08615231397642124,-4.431514568050187
144.6,1.00100431366299,-0.08505460374180022,-4.4853119513599236
144.61,1.00015925598951,-0.08395693620391609,-4.551205321663422
144.62,0.999325174782327,-0.0828593143448686,-4.611932120957823
144.63,0.998502069494705,-0.08176175485805996,-4.673426465678631
144.64,0.997689939425934,-0.08066427448791177,-4.739903655452269
144.65,0.996888783721333,-0.07956687865683285,-4.806255271892506
144.66,0.996098601533901,-0.07846957587416085,-4.864918456885557
144.67,0.995319391797261,-0.07737239644552141,-4.929154463880745
144.68,0.994551153138257,-0.07627535834098902,-4.9976729991708035
144.69,0.993793884129644,-0.0751784696740615,-5.063609373740798
144.7,0.993047583193883,-0.07408174649431906,-5.13003773098234
144.71,0.992312248603156,-0.07298520444261325,-5.205557932645695
144.72,0.991587878505672,-0.07188883852925303,-5.269970554364711
144.73,0.99087447115707,-0.07079267454386899,-5.332806589620566
144.74,0.990172024248705,-0.06969674386575661,-5.408050759754509
144.75,0.989480535492684,-0.06860104791394188,-5.4776058931397715
144.76,0.988800002454475,-0.0675056027474169,-5.547763139327828
144.77,0.988130422552903,-0.06641042453851646,-5.623521640790271
144.78,0.987471793060147,-0.06531551628827978,-5.696983704106786
144.79,0.986824111282682,-0.06422088916649508,-5.764015252636797
144.8,0.986187374247301,-0.06312657265110377,-5.837607948520601
144.81,0.985561578750114,-0.062032580728603924,-5.91315996175539
144.82,0.984946721517735,-0.06093892269030029,-5.986764906050243
144.83,0.984342799133587,-0.059845613863039146,-6.0613673577526
144.84,0.983749808037921,-0.05875266736375766,-6.142468477301322
144.85,0.983167744575167,-0.05766008094222434,-6.213876061151567
144.86,0.982596605134026,-0.05656787971143329,-6.284816137472191
144.87,0.982036385615494,-0.05547609101345293,-6.365330162597938
144.88,0.981487081925909,-0.05438471746054274,-6.440996901796449
144.89,0.980948689831846,-0.05329377423876532,-6.516431075987125
144.9,0.980421204960107,-0.052203277501676935,-6.599280280371728
144.91,0.979904622797729,-0.05111322365754327,-6.675946134170376
144.92,0.979398938953175,-0.050023627627540646,-6.745967745762772
144.93,0.978904148615295,-0.048934523515918135,-6.825411822931379
144.94,0.978420246815939,-0.047845919647323175,-6.904003398117174
144.95,0.977947228521751,-0.04675782536073074,-6.980946167691306
144.96,0.977485088562502,-0.045670254940822594,-7.057625601667623
144.97,0.977033821631087,-0.0445832231924311,-7.136329058168421
144.98,0.976593422283526,-0.04349673727867265,-7.220032153451741
144.99,0.976163885073034,-0.04241079012491193,-7.289993033104773
145.0,0.975745204571519,-0.04132541638728893,-7.361676715523074
145.01,0.975337374750021,-0.040240645127858264,-7.44349125923137
145.02,0.974940389665897,-0.03915647295936094,-7.518382207277323
145.03,0.974554243243401,-0.038072915020713936,-7.593907118453407
145.04,0.974178929273682,-0.03698998462229319,-7.667096848423477
145.05,0.973814441414786,-0.03590769895369569,-7.7508381721163255
145.06,0.973460773191652,-0.03482603881538131,-7.821193051977891
145.07,0.973117918461605,-0.03374502943461015,-7.8855826733808705
145.08,0.97278587030608,-0.03266471483706623,-7.963748376673728
145.09,0.972464621862363,-0.031585089449076564,-8.03522906903285
145.1,0.972154166178164,-0.03050616541268869,-8.105942727060132
145.11,0.971854496172166,-0.02942795595928157,-8.17516381463251
145.12,0.971565604634026,-0.028350475806784847,-8.246913167818683
145.13,0.971287484224373,-0.02727372486466262,-8.317854024156548
145.14,0.971020127692634,-0.02619770269335353,-8.37888693493644
145.15,0.97076352762479,-0.025122446067617675,-8.442907942623462
145.16,0.970517676160564,-0.024047975333503967,-8.510309581370631
145.17,0.970282565495927,-0.022974289746031478,-8.572740621481934
145.18,0.97005818770175,-0.021901403326526903,-8.63433753723112
145.19,0.969844534723802,-0.020829328793848616,-8.693732911218715
145.2,0.969641598382748,-0.019758080694609603,-8.758049313348735
145.21,0.969449370399173,-0.018687639943128685,-8.811826482422365
145.22,0.969267842788071,-0.01761803679412033,-8.862587796689605
145.23,0.969097006759561,-0.016549310459761567,-8.920312654795943
145.24,0.968936853681146,-0.015481451121274192,-8.971581111130561
145.25,0.968787374798945,-0.014414473240031977,-9.021706072889078
145.26,0.968648561237695,-0.013348388953863626,-9.069481263918007
145.27,0.968520404000757,-0.012283212735902013,-9.117744450418911
145.28,0.968402893970106,-0.01121893847108683,-9.162247072506592
145.29,0.968296022186541,-0.010155574251303572,-9.201766791906497
145.3,0.968199779340497,-0.00909315634882076,-9.242175466147005
145.31,0.968114155874041,-0.008031695191968818,-9.280812029204778
145.32,0.968039142231965,-0.006971194439060284,-9.316351016741304
145.33,0.967974728741321,-0.005911666867783327,-9.349725402806877
145.34,0.967920905611424,-0.004853125244008716,-9.381000778198805
145.35,0.967877662933847,-0.0037955769665883508,-9.410730125761447
145.36,0.967844990801455,-0.002739002938430731,-9.436086870762987
145.37,0.96782287949756,-0.0016834423547532988,-9.459509220558857
145.38,0.967811318473739,-0.0006289319320192573,-9.481703627972616
145.39,0.967810297394689,0.00042454195407955664,-9.500709485726073
145.4,0.96781980581033,0.0014769650930122429,-9.517326633138435
145.41,0.967839833155798,0.0025283260065317448,-9.53143166642342
145.42,0.967870368751449,0.0035786132165815943,-9.543232317790242
145.43,0.967911401802858,0.004627812486992141,-9.551393685092185
145.44,0.96796292140082,0.005675931787771371,-9.556073358275555
145.45,0.968024916852326,0.006722982908035266,-9.562414285555905
145.46,0.96809737733266,0.00776891315391511,-9.564889990011967
145.47,0.968180291308614,0.008813696381657077,-9.561790166465935
145.48,0.968273647472655,0.009857346121544541,-9.558355689345868
145.49,0.968377434406487,0.010899848494073477,-9.552019815585727
145.5,0.968491640581059,0.01194119242337403,-9.543125662177411
145.51,0.968616254356557,0.012981366833364483,-9.532831325511916
145.52,0.968751263982409,0.014020355962165998,-9.513453576396556
145.53,0.968896657597283,0.015058186030676251,-9.496083588547341
145.54,0.969052423791408,0.016094848925444587,-9.484960678938982
145.55,0.969218550504868,0.01713028405326278,-9.462407740379996
145.56,0.969395025372036,0.018164487388659206,-9.43613807001338
145.57,0.969581836155916,0.01919746366481808,-9.410560173763619
145.58,0.969778970513152,0.020229200286847604,-9.382116274388684
145.59,0.969986415994017,0.021259686618118244,-9.35131382378772
145.6,0.970204160042423,0.022288912021995826,-9.320724532963329
145.61,0.97043218999591,0.023316859643218724,-9.2726465270472
145.62,0.970670493085656,0.024343571204194874,-9.240010281494355
145.63,0.970919057182694,0.025369015380643144,-9.2133709000728
145.64,0.971177868992192,0.026393129662187025,-9.163530305673657
145.65,0.971446915402521,0.027415934296770583,-9.1198035966338
145.66,0.97172618328481,0.028437421643742744,-9.074525342050668
145.67,0.972015659408025,0.029457580779471138,-9.027113034513915
145.68,0.972315330438975,0.03047640148789351,-8.978033826710611
145.69,0.972625182942305,0.03149387301432568,-8.92877786924506
145.7,0.972945203380503,0.03250998347286982,-8.858848111581647
145.71,0.97327537817853,0.03352477417215098,-8.815479446868771
145.72,0.973615694312031,0.034538200558300224,-8.773794787721366
145.73,0.97396613749387,0.03555020849177933,-8.702630924879513
145.74,0.974326693836226,0.03656082687919042,-8.64589166314186
145.75,0.974697349353077,0.03757004175359476,-8.58542647507287
145.76,0.975078089960184,0.038577843293757796,-8.523697824343293
145.77,0.975468901475102,0.039584221678970466,-8.461735086295816
145.78,0.975869769617176,0.04058916528095665,-8.394502931165933
145.79,0.976280680007537,0.04159267490971563,-8.315640245292517
145.8,0.976701618385949,0.04259477412181708,-8.263706459389788
145.81,0.977132570636121,0.04359541593749183,-8.206043507894108
145.82,0.97757352175123,0.04459456507776479,-8.125590298669342
145.83,0.978024457017286,0.04559224132750691,-8.058443304458477
145.84,0.978485361625937,0.04658843202433964,-7.988348734238327
145.85,0.978956220674476,0.047583127732114816,-7.917537521581428
145.86,0.979437019165829,0.04857631901470557,-7.847745506103036
145.87,0.979927742008568,0.04956799397275262,-7.768255215302518
145.88,0.980428374016909,0.05055816137959357,-7.68953039494769
145.89,0.980938900206385,0.051546825007672825,-7.6295230963711145
145.9,0.981459305382813,0.05253394560301439,-7.55791249331448
145.91,0.98198957393488,0.053519508367678534,-7.476980081913307
145.92,0.982529690372507,0.05450351955633426,-7.403624488938321
145.93,0.983079639119816,0.05548596888061882,-7.328708438470851
145.94,0.983639404515541,0.05646684782415756,-7.25360683393921
145.95,0.984208970813477,0.05744614791401056,-7.178317200870736
145.96,0.984788322182896,0.058423860719123796,-7.102870059864612
145.97,0.985377442708975,0.05939997785184559,-7.027746559964758
145.98,0.98597631639323,0.06037449044056694,-6.950021661542027
145.99,0.986584927153928,0.06134739459947951,-6.875228957531102
146.0,0.987203258889652,0.06231868042745522,-6.801839040004112
146.01,0.987831295328413,0.06328833521373664,-6.725059001521629
146.02,0.988469020137815,0.06425635333405419,-6.649626064165371
146.03,0.989116416913584,0.06522272706953788,-6.574488803361302
146.04,0.989773469170934,0.06618744831592971,-6.499498150788052
146.05,0.99044016034502,0.06715050909013587,-6.4247429672491725
146.06,0.991116473791392,0.0681119014533299,-6.350257270985061
146.07,0.991802392786432,0.06907161751253296,-6.276004670221842
146.08,0.99249790052783,0.07002964952383765,-6.202129821772615
146.09,0.99320298013502,0.07098598938686529,-6.131012473673051
146.1,0.993917614637235,0.07194062475639289,-6.056027467604622
146.11,0.994641786935248,0.0728935516283502,-5.98148325251884
146.12,0.995375479958887,0.07384476610633832,-5.911200794943226
146.13,0.996118676512833,0.07479425681385377,-5.839096477072008
146.14,0.996871359325155,0.07574201651158556,-5.767815770796498
146.15,0.99763351104773,0.07668803760179552,-5.697026034405158
146.16,0.998405114256673,0.07763231252950753,-5.626760823619534
146.17,0.999186151452761,0.07857483378243454,-5.557048033272028
146.18,0.999976605061862,0.07951559389045201,-5.487687292524761
146.19,1.00077645743535,0.08045458568529766,-5.420016915983353
146.2,1.00158569085053,0.08139179986235794,-5.352802255371667
146.21,1.00240428747987,0.08232722761740512,-5.283624094347708
146.22,1.00323222943454,0.08326086518392432,-5.216557771126199
146.23,1.00406949879334,0.08419270602184245,-5.1513852529221245
146.24,1.00491607753622,0.08512274100950235,-5.085726970044901
146.25,1.00577194757069,0.08605096313858233,-5.020898113256068
146.26,1.0066370907322,0.0869773652233267,-4.956718502023662
146.27,1.00751148878455,0.08790194011941699,-4.8932041761706655
146.28,1.0083951234203,0.08882468072241394,-4.830365255183367
146.29,1.00928797626116,0.08974557996683971,-4.768136941184449
146.3,1.01019002885839,0.09066463090983876,-4.706991401232444
146.31,1.01110126269325,0.09158182590815653,-4.6460927344757765
146.32,1.01202165916784,0.09249715822624942,-4.585642331343133
146.33,1.01295119962778,0.09341062166050389,-4.5264248200393835
146.34,1.01388986534748,0.09432220899799337,-4.467742791358039
146.35,1.01483763753111,0.09523191332533507,-4.4097197397165875
146.36,1.01579449731472,0.09613972786592373,-4.352405299620879
146.37,1.01676042576666,0.09704564586941837,-4.295789744664162
146.38,1.01773540388797,0.09794966062475394,-4.2398727491915595
146.39,1.01871941261278,0.09885176546099254,-4.184657399873082
146.4,1.01971243280871,0.09975195374100262,-4.130143450724405
146.41,1.02071444527726,0.10065021888066572,-4.076154918196144
146.42,1.02172543075489,0.10154655465066664,-4.023141292563536
146.43,1.02274536991654,0.10244095429808309,-3.970827333205481
146.44,1.02377424336487,0.10333341108216265,-3.918940647813489
146.45,1.02481203164133,0.10422391883116999,-3.867891720439931
146.46,1.02585871522335,0.10511247113049738,-3.8175013717057444
146.47,1.02691427452464,0.10599906163316075,-3.7677892655927896
146.48,1.02797868989569,0.10688368403216816,-3.7187503557547807
146.49,1.02905194162407,0.10776633206034023,-3.670381500880207
146.5,1.03013400993493,0.10864699949183118,-3.622630797775992
146.51,1.03122487499132,0.10952568020265822,-3.575777560748696
146.52,1.03232451689467,0.11040236759950472,-3.5295971636190706
146.53,1.03343291567767,0.11127705513866808,-3.48343183627704
146.54,1.03455005131379,0.11214973764833158,-3.438229183774145
146.55,1.03567590372764,0.11302040935025441,-3.3940086365026723
146.56,1.03681045277663,0.11388906373734169,-3.3501337377503964
146.57,1.03795367825836,0.11475569490982755,-3.3069286924502244
146.58,1.03910555991107,0.11562029694874854,-3.2643401629558015
146.59,1.04026607741398,0.11648286397484275,-3.2223649503727834
146.6,1.04143521038774,0.11734339014607964,-3.1810063590442166
146.61,1.04261293839474,0.11820186966207866,-3.1399697919595404
146.62,1.04379924093962,0.11905829713657982,-3.101216952635252
146.63,1.04499409746957,0.11991266372258595,-3.0611617209969686
146.64,1.04619748732999,0.12076496478008274,-3.0205986687269646
146.65,1.04740938987099,0.12161519817525299,-2.982972084392951
146.66,1.04862978437737,0.12246335665249872,-2.945283105774886
146.67,1.04985865006758,0.12330943409974426,-2.907919688599402
146.68,1.05109596610441,0.12415342505407989,-2.871163853880714
146.69,1.05234171159534,0.12499532400525963,-2.8349491768839146
146.7,1.05359586559296,0.12583512548349773,-2.799272221786534
146.71,1.05485840709535,0.1266728240574037,-2.7641262412454752
146.72,1.05612931504647,0.12750841433333643,-2.7295035750470755
146.73,1.05740856833653,0.1283418909568383,-2.6954099818843265
146.74,1.0586961458024,0.1291732486117599,-2.661545337366373
146.75,1.05999202622797,0.13000248243241197,-2.6297983651302492
146.76,1.06129618834458,0.13082958393033084,-2.597427759411881
146.77,1.06260861078208,0.13165454743108337,-2.563280445872892
146.78,1.06392927216364,0.1324773726661621,-2.5319088321102163
146.79,1.06525815108872,0.1332980541234245,-2.501514543874461
146.8,1.06659522607776,0.13411658483957942,-2.4706938942070207
146.81,1.06794047560023,0.1349329599652412,-2.440489378971248
146.82,1.06929387807497,0.13574717445600237,-2.410732746159289
146.83,1.07065541187057,0.13655922330617262,-2.381423021791999
146.84,1.07202505530576,0.13736910155074575,-2.352557542454975
146.85,1.07340278664981,0.13817680425625145,-2.3241258411789665
146.86,1.0747885841228,0.1389823265297648,-2.2961285205593156
146.87,1.07618242589614,0.13978566351783667,-2.2684113789902822
146.88,1.07758429009283,0.14058681063466305,-2.241836555921027
146.89,1.07899415478791,0.14138576145366252,-2.2159039237580487
146.9,1.0804119979808,0.1421825092364215,-2.1880344770080375
146.91,1.08183779762546,0.1429770531521657,-2.16162959260401
146.92,1.08327153168486,0.1437693898349135,-2.137030402149973
146.93,1.08471317804213,0.14455951222733798,-2.1116892538725605
146.94,1.08616271453397,0.14534741598274392,-2.086904385536761
146.95,1.08762011895106,0.1461330965145724,-2.0624851011766214
146.96,1.08908536903837,0.14691654927284636,-2.0384330254045127
146.97,1.09055844249558,0.14769776974408919,-2.014742701289817
146.98,1.09203931697739,0.1484767534505734,-1.9914075091939518
146.99,1.09352797009393,0.14925349595258192,-1.9684255663262336
147.0,1.0950243794111,0.15002799284591548,-1.94573381335091
147.01,1.09652852245095,0.15080023986815036,-1.9235458423633642
147.02,1.09804037669204,0.15157023217892326,-1.902675484886186
147.03,1.09955991955727,0.15233796260900417,-1.8799362058879994
147.04,1.10108712840019,0.15310342989398967,-1.8578038602812557
147.05,1.10262198060307,0.15386663214375837,-1.8378130377781587
147.06,1.10416445347116,0.15462756252625315,-1.8169646007591274
147.07,1.10571452426778,0.15538621715832276,-1.7966006026340475
147.08,1.10727217021472,0.15614259190242694,-1.7765319008677856
147.09,1.10883736849255,0.15689668265725007,-1.756761669020978
147.1,1.11041009624103,0.15764848535565296,-1.7372847269642733
147.11,1.11199033055939,0.15839799596574963,-1.7180948609770854
147.12,1.11357804850676,0.1591452104947655,-1.699190505932622
147.13,1.1151732271025,0.1598901249822593,-1.6805640075216792
147.14,1.11677584332654,0.1606327355285838,-1.6619904669728662
147.15,1.11838587411976,0.16137303857641228,-1.6455333067670008
147.16,1.12000329638141,0.1621110257016667,-1.6266204875641914
147.17,1.12162808691229,0.16284669626667564,-1.607732464043258
147.18,1.12326022258258,0.1635800504733313,-1.5917649709095434
147.19,1.12489968017712,0.1643110808881687,-1.5745089377932553
147.2,1.12654643644325,0.16503978416932963,-1.5577290803064765
147.21,1.12820046809107,0.16576615661375213,-1.5411846784940602
147.22,1.12986175179386,0.16649019455300212,-1.5248814475909007
147.23,1.13153026418835,0.16721189435225198,-1.5088144158008647
147.24,1.13320598187513,0.16793125241324852,-1.492980530215334
147.25,1.13488888141896,0.16864826517200004,-1.4773758042223142
147.26,1.13657893934915,0.16936292909909095,-1.4620087771241894
147.27,1.13827613215987,0.17007524069865831,-1.4465845438703324
147.28,1.13998043631052,0.17078519703490985,-1.4331068303473737
147.29,1.14169182822608,0.17149279023326675,-1.4177229920523469
147.3,1.14341028423464,0.17219801896175002,-1.4017786017675529
147.31,1.14513578072484,0.17290088439941104,-1.388454805581368
147.32,1.14686829402519,0.17360138037967693,-1.3743809635407076
147.33,1.14860780042255,0.17429950332007635,-1.360460064240526
147.34,1.15035427617076,0.17499525000516844,-1.3467650591623563
147.35,1.15210769749099,0.17568861718575599,-1.3332634000286787
147.36,1.15386804057209,0.17637960164523236,-1.3199532038212616
147.37,1.1556352815709,0.1770682002003347,-1.3068303313054406
147.38,1.15740939661261,0.17775440970417278,-1.2938936519189468
147.39,1.15919036179111,0.17843822704032472,-1.2811473835199663
147.4,1.16097815316927,0.17911964912667816,-1.2683839152014393
147.41,1.16277274677934,0.1797986733155917,-1.2569596376096748
147.42,1.16457411862325,0.1804752933472431,-1.2446586155500658
147.43,1.16638224462508,0.1811495065350721,-1.2313344365780903
147.44,1.16819710073352,0.18182131420250344,-1.2198189877187193
147.45,1.17001866287729,0.18249071239275957,-1.2084354107544315
147.46,1.17184690693663,0.18315769699382978,-1.1968109235994704
147.47,1.17368180876283,0.18382226528840806,-1.185421050793295
147.48,1.17552334417858,0.18448441443200125,-1.1741850999082444
147.49,1.17737148897828,0.18514414161333037,-1.1631045085531004
147.5,1.17922621892839,0.18580144405216567,-1.1521762386860595
147.51,1.18108750976771,0.18645631900124915,-1.1413970002716585
147.52,1.18295533720776,0.18710876374890736,-1.130773883275209
147.53,1.18482967693309,0.1877587756115055,-1.1201340284396042
147.54,1.18671050460156,0.18840635229858127,-1.1105187518614137
147.55,1.18859779584473,0.18905148848974984,-1.1008089443495683
147.56,1.19049152622505,0.18969417997216448,-1.0892919023873184
147.57,1.19239167130224,0.19033442937858952,-1.0792123146121613
147.58,1.19429820666498,0.1909722349422512,-1.0701770747692658
147.59,1.19621110783874,0.19160759148131867,-1.0603831829832282
147.6,1.19813035032398,0.19224049682707486,-1.0508636175824604
147.61,1.20005590959648,0.19287094852690942,-1.0414654089092468
147.62,1.20198776110765,0.1934989441610857,-1.0321932486857741
147.63,1.20392588028487,0.1941244813406647,-1.0230452912340644
147.64,1.20587024253177,0.19474755770692947,-1.0140191654623045
147.65,1.20782082322856,0.19536817093308753,-1.0051122385504376
147.66,1.20977759773234,0.195986318726743,-0.9963273695009073
147.67,1.21174054137746,0.1966019988249283,-0.9875957347465102
147.68,1.21370962947576,0.19721520917341068,-0.9791048797319319
147.69,1.21568483731693,0.19782594687007826,-0.9724424083663523
147.7,1.21766614014729,0.19843420328632771,-0.9624414183789753
147.71,1.21965351312529,0.19903998257984057,-0.9528433317072169
147.72,1.22164693154828,0.1996432880240151,-0.9463499433514494
147.73,1.22364637061527,0.20024411167049266,-0.9380738808083727
147.74,1.22565180550425,0.2008424520797488,-0.9301857692618518
147.75,1.22766321137259,0.20143830720166975,-0.9223892419187758
147.76,1.22968056335727,0.20203167501432845,-0.9146931924179927
147.77,1.23170383657523,0.2026225535283329,-0.9070977602326202
147.78,1.23373300612365,0.2032109407809124,-0.8995995194203198
147.79,1.23576804708023,0.20379683484284725,-0.8921975544715128
147.8,1.23780893450356,0.20438023381625925,-0.884891918607122
147.81,1.23985564343337,0.2049611358288128,-0.8776951225035658
147.82,1.24190814889082,0.20553953904108488,-0.870216153468522
147.83,1.24396642587885,0.20611544254759048,-0.8651707153195304
147.84,1.24603044938247,0.20668883684374362,-0.8572225586600543
147.85,1.24810019426086,0.20725972423548494,-0.8484832167617332
147.86,1.25017563552565,0.20782811067525664,-0.8431437085168407
147.87,1.25225674811603,0.20839398915075136,-0.8364285041852159
147.88,1.2543435069428,0.20895735776816915,-0.829813838688859
147.89,1.25643588689997,0.20951821495400388,-0.8233105871326876
147.9,1.25853386286499,0.21007655906749023,-0.8168863239683706
147.91,1.26063740969907,0.21063238850150454,-0.8105434832828347
147.92,1.2627465022475,0.21118570167473946,-0.8042801080409913
147.93,1.26486111533987,0.2117364970344297,-0.7980944952155737
147.94,1.26698122379042,0.21228477305868337,-0.7919857446082431
147.95,1.2691068023983,0.21283052825532928,-0.7859626286960435
147.96,1.2712378259479,0.21337376115889892,-0.7798047906653597
147.97,1.27337426920907,0.21391447088267013,-0.7749251882384396
147.98,1.27551610693751,0.21445265169125483,-0.7693046071725534
147.99,1.27766331380926,0.21498830151915338,-0.7619901034212273
148.0,1.27981586454647,0.21552142574359964,-0.7564945906023139
148.01,1.28197373389845,0.21605202259900777,-0.7515039477481219
148.02,1.2841368965618,0.216580088127577,-0.7458609179404935
148.03,1.28630532722002,0.2171056213570814,-0.740409024619028
148.04,1.28847900054372,0.21762862101524968,-0.7350178917396516
148.05,1.29065789119096,0.21814908585958692,-0.7296930977037765
148.06,1.29284197380749,0.21866701467258184,-0.7244324539167111
148.07,1.29503122302703,0.2191824062665752,-0.7192360150044953
148.08,1.29722561347157,0.21969525948008495,-0.7141015698895246
148.09,1.29942511975161,0.22020557318282638,-0.7090350715358472
148.1,1.30162971646652,0.2207133462690858,-0.7039204425223085
148.11,1.30383937820469,0.22121857799082453,-0.6993061131543677
148.12,1.30605407954392,0.22172126535425404,-0.6958849760185329
148.13,1.30827379501191,0.2222214010699201,-0.6892847798038031
148.14,1.31049849908177,0.22271899204940143,-0.683464824639535
148.15,1.3127281663791,0.22321404224142083,-0.6802111236036463
148.16,1.31496277143551,0.22370654440208768,-0.6753063003344487
148.17,1.31720228877286,0.22419649827424099,-0.6707187375543672
148.18,1.3194466929036,0.22468390292350593,-0.6661749220222023
148.19,1.32169595833091,0.22516875744192738,-0.6616839836054367
148.2,1.32395005954909,0.22565106095207382,-0.6572476292905157
148.21,1.32620897104375,0.22613081259674206,-0.6528621806345406
148.22,1.32847266729207,0.22660801155109933,-0.6485295775113189
148.23,1.33074112276314,0.22708265701149588,-0.6442478039809204
148.24,1.33301431191808,0.2275547482009958,-0.6400307947656643
148.25,1.33529220921045,0.22802428437366795,-0.635495691466293
148.26,1.33757478908643,0.22849126583850227,-0.6333546693539076
148.27,1.3398620259851,0.2289556829109196,-0.6280321397795499
148.28,1.34215389421466,0.22941754070007944,-0.6222957545865374
148.29,1.34445036828698,0.229876846614252,-0.61991783377902
148.3,1.34675142261746,0.230333592930837,-0.6157345661973834
148.31,1.34905703161379,0.23078777969050188,-0.6118501021740961
148.32,1.35136716967744,0.2312394062967423,-0.6080026291069067
148.33,1.35368181120396,0.2316884721697443,-0.6042002847618287
148.34,1.35600093058321,0.23213497675116565,-0.6004420059291173
148.35,1.35832450219958,0.232578919507002,-0.5967262710509004
148.36,1.36065250043226,0.23302029993191126,-0.5930538078667149
148.37,1.36298489965552,0.23345911754324988,-0.5894236698923738
148.38,1.3653216742389,0.2338953718826605,-0.5858457632275272
148.39,1.36766279854751,0.23432906251908786,-0.582052234699963
148.4,1.37000824694226,0.23476018981349878,-0.5798359176898004
148.41,1.37235799378011,0.23518874709499057,-0.5762170134177179
148.42,1.37471201332208,0.23561473486331902,-0.5711163914123645
148.43,1.37707027993467,0.23603816102991487,-0.5682632199267965
148.44,1.37943276799514,0.23645902305099814,-0.565340351576685
148.45,1.381799451841,0.2368773183583306,-0.5619432806562737
148.46,1.3841703058066,0.23729304694942352,-0.5586797148272155
148.47,1.38654530422335,0.237706208545424,-0.5554496568270029
148.48,1.38892442142001,0.23811680288783518,-0.552255944771656
148.49,1.39130763172283,0.23852482974307349,-0.5490978835982133
148.5,1.3936949094559,0.23893028890343282,-0.5459765751812887
148.51,1.3960862289413,0.23933318017984226,-0.5428894234042536
148.52,1.39848156449936,0.23973350341165806,-0.5398428350683219
148.53,1.40088089044893,0.24013125845850544,-0.5367204325604166
148.54,1.40328418110754,0.24052644556883385,-0.5341614781177955
148.55,1.40569141079172,0.24091906219382286,-0.532054537129259
148.56,1.40810255377342,0.24130910416767332,-0.5278844637548512
148.57,1.41051758431271,0.24169657782633544,-0.524483867044401
148.58,1.41293647677534,0.24208148598833246,-0.522513962831
148.59,1.41535920546792,0.2424638242942571,-0.5195532297877433
148.6,1.4177857446965,0.24284359317908177,-0.5167827668951055
148.61,1.42021606876668,0.24322079261366314,-0.5140365661629266
148.62,1.42265015198393,0.24359542259199304,-0.5113217166904165
148.63,1.42508796865372,0.2439674831269889,-0.5086375723708149
148.64,1.42752949308178,0.24433697425158182,-0.5059852945972234
148.65,1.42997469957424,0.24470389601892,-0.5033272094231959
148.66,1.4324235624379,0.24506824861858698,-0.5009065794528647
148.67,1.43487605598041,0.2454300312319191,-0.49833625911907764
148.68,1.43733215449691,0.24578924401559474,-0.495573922876455
148.69,1.43979183229849,0.24614588829416362,-0.4931270215259095
148.7,1.44225506370067,0.24649996395800233,-0.49070880584602444
148.71,1.44472182301519,0.2468514708356647,-0.4882448889450565
148.72,1.44719208455555,0.24720040916050845,-0.48582271801446775
148.73,1.44966582263725,0.247546779136922,-0.483427059726971
148.74,1.45214301157789,0.24789058098974767,-0.48105697376816386
148.75,1.45462362569748,0.24823181497033997,-0.478714482974421
148.76,1.45710763931862,0.2485704813446621,-0.47640259799342033
148.77,1.45959502676665,0.2489065803981616,-0.474013824539458
148.78,1.46208576236989,0.24924011277041025,-0.4722944481664469
148.79,1.46457982045986,0.2495710759467455,-0.46974909943648263
148.8,1.46707717533185,0.24989947191508638,-0.4670649194584896
148.81,1.46957780134872,0.2502253035888413,-0.4652942834412026
148.82,1.47208167285096,0.25054856924350466,-0.4630736505576715
148.83,1.47458876418208,0.25086926943549415,-0.460936322877984
148.84,1.47709904968951,0.2511874045764954,-0.4588222460248666
148.85,1.47961250372486,0.2515029750894164,-0.45673205191583727
148.86,1.48212910064402,0.25181598141499895,-0.4546641921456571
148.87,1.48464881480743,0.2521264240187541,-0.4526226268118361
148.88,1.48717162058027,0.25243430338200795,-0.4505535339685806
148.89,1.48969749233261,0.25273962019909024,-0.4486827866159216
148.9,1.49222640443962,0.2530423739600755,-0.4475702691068754
148.91,1.49475833125834,0.2533425605997397,-0.4448090514491799
148.92,1.4972932471109,0.2536401851116625,-0.44225727667348663
148.93,1.49983112643088,0.25393525160166686,-0.44109017875436585
148.94,1.50237194360654,0.2542277567527544,-0.4390927758729909
148.95,1.50491567303126,0.2545177014991684,-0.43724547569875905
148.96,1.50746228910361,0.254805086368994,-0.4354140395196413
148.97,1.51001176622754,0.25508991190658825,-0.43360379857614734
148.98,1.5125640788125,0.25537217866898704,-0.43182474318589775
148.99,1.51511920127359,0.25565188719299065,-0.4300070135084904
149.0,1.51767710803173,0.25592903835275904,-0.4282417186157856
149.01,1.52023777351822,0.2562036328435824,-0.42658837266075716
149.02,1.52280117216721,0.25647567086700873,-0.42487818459567367
149.03,1.5253672784162,0.2567451530547604,-0.4231605857551776
149.04,1.52793606671153,0.25701208022732014,-0.421496882144087
149.05,1.53050751150621,0.25727645303724733,-0.4198482823179711
149.06,1.53308158726001,0.25753827216451847,-0.4182180532146161
149.07,1.53565826843957,0.2577975383101746,-0.4166023622710448
149.08,1.53823752951867,0.258054252190576,-0.4151119149294497
149.09,1.54081934497827,0.25830841416849737,-0.41298268416676015
149.1,1.54340368930674,0.2585600280895106,-0.4116668199641015
149.11,1.54599053704391,0.2588090933498396,-0.4106339750865044
149.12,1.54857986267305,0.2590556078367501,-0.4087382729300265
149.13,1.55117164070677,0.25929957433375267,-0.40725359068803857
149.14,1.55376584566921,0.2595409936988443,-0.40576756487783106
149.15,1.55636245209314,0.25977986677940457,-0.40429468170457095
149.16,1.55896143452015,0.260016194462324,-0.40284097311368594
149.17,1.56156276750076,0.26024997765451974,-0.4013597411820106
149.18,1.56416642559469,0.2604812174682466,-0.4000122469930144
149.19,1.56677238337092,0.26070991400732696,-0.39962514055406756
149.2,1.56938061538524,0.26093606246916556,-0.3974923819936365
149.21,1.57199109614428,0.2611596680944924,-0.3953896084123788
149.22,1.57460380028527,0.2613807361839193,-0.3948249715227214
149.23,1.57721870239982,0.2615992633845025,-0.3933907226124331
149.24,1.57983577708749,0.2618152509426671,-0.3921043499014011
149.25,1.5824549989559,0.262028699668491,-0.3908210249593221
149.26,1.58507634262079,0.2622396104085767,-0.3896063076204767
149.27,1.587699782706,0.26244798371451256,-0.38840271136902643
149.28,1.59032529383926,0.26265382019933226,-0.3871089026546071
149.29,1.59295285065792,0.262857121099989,-0.3858904788764728
149.3,1.59558242781223,0.2630578873312565,-0.3847393388268443
149.31,1.59821399995776,0.26325611950225314,-0.38356187540504433
149.32,1.60084754175823,0.26345181845857474,-0.3823904491788478
149.33,1.60348302788565,0.2636449850301722,-0.38161480267830933
149.34,1.60612043302032,0.2638356186734081,-0.3785735013897424
149.35,1.60875973185086,0.26402373149932623,-0.37784397063595554
149.36,1.6114008992391,0.2642093220885877,-0.37869611154299393
149.37,1.61404390985597,0.26439237977915475,-0.37666445080235833
149.38,1.61668873841057,0.26457291046924997,-0.3754156120273029
149.39,1.61933535964912,0.264750916513673,-0.3744054196192146
149.4,1.62198374832799,0.26492639870216256,-0.3732938376502379
149.41,1.62463387921369,0.26509935827208253,-0.37258154888808237
149.42,1.62728572708287,0.2652697943573183,-0.3714348396348468
149.43,1.62993926669551,0.26543770873174166,-0.3701517874086423
149.44,1.63259447285967,0.2656031040828492,-0.3693760363025923
149.45,1.63525132038028,0.26576598025957654,-0.3683869752658411
149.46,1.63790978407109,0.2659263382961574,-0.3674306312606385
149.47,1.64056983875572,0.26608417921558847,-0.3664225343414189
149.48,1.64323145926765,0.26623950418825926,-0.36608895769078514
149.49,1.64589462044689,0.2663923107481629,-0.364866681160189
149.5,1.64855929709786,0.26654260175374794,-0.3634975508859857
149.51,1.65122546410762,0.2666903810663368,-0.363044077493337
149.52,1.65389309634304,0.26683564728891923,-0.362117764995133
149.53,1.65656216868037,0.2669784016029168,-0.36130831796206925
149.54,1.65923265600519,0.26711864479433045,-0.3604602489900977
149.55,1.66190453321247,0.26725637832100324,-0.358664961664284
149.56,1.66457777522452,0.2673916088963428,-0.3585433518408404
149.57,1.66725235703649,0.26752433337932835,-0.35850153868156187
149.58,1.66992825352979,0.2676545481329081,-0.3569867976906269
149.59,1.67260543964911,0.26778225831616637,-0.3563347424144419
149.6,1.67528389034953,0.2679074645241808,-0.3555631623478923
149.61,1.67796358059647,0.2680301678303391,-0.35484475343278765
149.62,1.68064448536577,0.26815036906707723,-0.35422330439403743
149.63,1.68332657963939,0.26826806862500685,-0.35340219430439945
149.64,1.68600983840484,0.26838326816950864,-0.35262388409965206
149.65,1.68869423667403,0.268495969206987,-0.3520222968539175
149.66,1.69137974946255,0.2686061722606696,-0.35132983557400077
149.67,1.69406635179623,0.26871387841075345,-0.3507147447174852
149.68,1.69675401871116,0.2688190884879908,-0.34986963514420927
149.69,1.69944272525362,0.26892180484366,-0.3489405996270121
149.7,1.70213244650311,0.26902203023659127,-0.3487374979909019
149.71,1.70482315755059,0.2691197631340755,-0.3482825201712084
149.72,1.70751483345853,0.2692150035259115,-0.34741690782854207
149.73,1.71020744932089,0.26930775402442453,-0.34687189962136716
149.74,1.7129009802424,0.2693980155375031,-0.34625375416390625
149.75,1.71559540133862,0.2694857892944047,-0.3458640217929679
149.76,1.71829068773587,0.26957107524208473,-0.34540835508870976
149.77,1.72098681455332,0.26965387388159234,-0.3446006871291344
149.78,1.72368375693095,0.26973418792266746,-0.3440587004933177
149.79,1.72638149003347,0.2698120185920805,-0.3436599064426568
149.8,1.72907998902635,0.26988736624808757,-0.34315039388268953
149.81,1.73177922908547,0.2699602320151632,-0.34243459970710677
149.82,1.73447918539718,0.2700306178536579,-0.3431320956616155
149.83,1.73717983315829,0.2700985175197494,-0.3427293824493298
149.84,1.73988114746647,0.2701639317744975,-0.3408723100412964
149.85,1.74258310353742,0.27022687031750076,-0.3407963852557596
149.86,1.74528567661728,0.2702873323766712,-0.3407234993510633
149.87,1.74798884192667,0.27034531666266237,-0.34025585334581687
149.88,1.75069257469527,0.2704008243694175,-0.33990075187639485
149.89,1.75339685016182,0.2704538562998386,-0.33941332082349185
149.9,1.75610164357415,0.2705044141254979,-0.33894369723006007
149.91,1.75880693020173,0.27055249940457127,-0.3388055959644978
149.92,1.76151268531949,0.2705981117498424,-0.338514284745454
149.93,1.76421888419599,0.27064125174274445,-0.3380749952141367
149.94,1.76692550211825,0.27068192098392657,-0.3377800360361426
149.95,1.76963251438268,0.27072012032908765,-0.3374444533904049
149.96,1.77233989629494,0.27075585084358295,-0.3372478818317939
149.97,1.77504762317002,0.2707891126727535,-0.33741171927377106
149.98,1.77775567031574,0.2708199040780809,-0.3367233371582102
149.99,1.78046401302835,0.270848228573171,-0.33615619439725536
150.0,1.78317262667221,0.270874089064412,-0.3362755588023247
150.01,1.785881486593,0.27089748433549166,-0.3359889967352572
150.02,1.78859056814521,0.2709184154937557,-0.33575592396635057
150.03,1.79129984669209,0.27093688354793055,-0.335418642662949
150.04,1.79400929760568,0.2709528895016652,-0.33689090353796014
150.05,1.79671889625101,0.27096642419659295,-0.33571644630066116
150.06,1.79942861787637,0.27097749463117493,-0.3342147384034253
150.07,1.80213843795402,0.27098610998657996,-0.3352957745425356
150.08,1.80484833187402,0.2709922639707504,-0.3349681881511094
150.09,1.80755827503382,0.27099595807048943,-0.3348782270585522
150.1,1.81026824283828,0.27099719302508357,-0.3343410734012212
150.11,1.81297821069964,0.2709959712696719,-0.3365864212797423
150.12,1.81568815403757,0.27099227932025904,-0.3356279836400882
150.13,1.81839804807578,0.2709861233449277,-0.3334351629356704
150.14,1.82110786832897,0.2709775172118345,-0.3348681885995141
150.15,1.82381759022945,0.2709664531762505,-0.3347603016710892
150.16,1.82652718920151,0.270952931732249,-0.33473981374134393
150.17,1.82923664067495,0.2709369535451626,-0.33449498535939676
150.18,1.8319459200851,0.27091852014424767,-0.3357641362154129
150.19,1.83465500287275,0.2708976242242367,-0.33580675998358733
150.2,1.8373638643666,0.27087426629651506,-0.33435781237045825
150.21,1.84007248002004,0.27084845607300106,-0.33482513472052855
150.22,1.84278082530784,0.27082019192841517,-0.33522792808717744
150.23,1.84548887567391,0.2707894720829089,-0.33525347751008167
150.24,1.84819660656615,0.27075629723233485,-0.3351383085680785
150.25,1.85090399343657,0.27072066867476025,-0.3362392829324097
150.26,1.85361101174124,0.270682580285501,-0.3372135687758837
150.27,1.85631763683366,0.2706420274123304,-0.33560186117415286
150.28,1.85902384410861,0.27059902122125723,-0.335433827839852
150.29,1.86172960908605,0.270553564444422,-0.33650320161058195
150.3,1.86443490721381,0.2705056519429076,-0.33654520901148965
150.31,1.86713971394193,0.27045528454783624,-0.3365856089541529
150.32,1.8698440047225,0.27040246322701156,-0.33736294778416537
150.33,1.87254775500983,0.27034718375066324,-0.3398739449621157
150.34,1.87525094016977,0.27028943268243383,-0.3378852086254041
150.35,1.87795353547001,0.27022922394658866,-0.33656941253056366
150.36,1.88065551648205,0.2701665677519912,-0.3387304211944657
150.37,1.88335685863448,0.270101453200002,-0.33873249081342227
150.38,1.88605753735529,0.2700338814199214,-0.3390151413475703
150.39,1.88875752807193,0.2699638526903433,-0.33910096153353586
150.4,1.89145680621126,0.2698913669229086,-0.343220808777802
150.41,1.8941553471594,0.2698164014855916,-0.3412757848721003
150.42,1.8968531260243,0.269738970451755,-0.33864650735539303
150.43,1.89955011839798,0.26965909234583085,-0.341855652285424
150.44,1.90224629966569,0.2695767508903324,-0.34184108763052556
150.45,1.90494164520902,0.26949194740526483,-0.3423425428234441
150.46,1.90763613040578,0.26940468151525065,-0.3421173245417085
150.47,1.91032973063007,0.26931495553891294,-0.34629153673241087
150.48,1.91302242125226,0.26922274675376484,-0.34564020092046455
150.49,1.91571417731619,0.2691280617114933,-0.34291307543894645
150.5,1.91840497428429,0.26903091971125503,-0.3456719779675214
150.51,1.92109478748093,0.26893130778776014,-0.34613313221774006
150.52,1.92378359220483,0.2688292251588324,-0.3463156459624249
150.53,1.92647136374598,0.2687246726592504,-0.34913065052045206
150.54,1.92915807738563,0.26861763627933544,-0.3489373049419314
150.55,1.93184370820822,0.2685081201421617,-0.347761824569728
150.56,1.93452823154923,0.26839613443883453,-0.3498673375910224
150.57,1.93721162263772,0.26828167016166493,-0.35039312239729975
150.58,1.93989385668897,0.26816472686740184,-0.35066208844013347
150.59,1.94257490890674,0.2680453050548241,-0.35426650299188345
150.6,1.9452547544773,0.26792338650758474,-0.35380423986731546
150.61,1.94793336833778,0.2677989773805049,-0.35224820912571025
150.62,1.95061072575638,0.26767209057849317,-0.3549801947100738
150.63,1.95328680185372,0.26754271398283236,-0.3555044423343996
150.64,1.9559615717354,0.267410847387591,-0.35588823863200447
150.65,1.958635010492,0.26727649059033837,-0.3607759174788975
150.66,1.96130709317611,0.2671396182903185,-0.3597910699598542
150.67,1.96397779450856,0.26700024018824764,-0.35749796310840737
150.68,1.96664708967304,0.2668583740612629,-0.3611829621574129
150.69,1.96931495364485,0.2667140028861722,-0.36170394242822174
150.7,1.97198136137908,0.2665671265335771,-0.36243767142511785
150.71,1.97464628781054,0.266417743164582,-0.36747490919426523
150.72,1.97730970781453,0.2662658271655868,-0.36646651947447817
150.73,1.9799715959487,0.26611138877291424,-0.3644142413760347
150.74,1.98263192722449,0.2659544447271641,-0.3682947418806899
150.75,1.98529067643747,0.2657949773653264,-0.36894472138015977
150.76,1.98794781835743,0.2656329861503252,-0.37006547425935155
150.77,1.99060332772838,0.2654684674839166,-0.37505684670973316
150.78,1.99325717921373,0.2653013966319969,-0.37412257865149146
150.79,1.9959093471898,0.26513178380442315,-0.37248915243720676
150.8,1.99855980645295,0.264959643677661,-0.37643640599174033
150.81,2.00120853158561,0.2647849587056791,-0.3772449532002235
150.82,2.00385549713889,0.2646077278678568,-0.37873255750949963
150.83,2.00650067763264,0.2644279459334912,-0.38378436207860844
150.84,2.00914404748505,0.26424558832440403,-0.38322196842233175
150.85,2.01178558084287,0.26406066335032213,-0.3821344200156942
150.86,2.0144252522218,0.2638731827619275,-0.38619067337917157
150.87,2.0170630359246,0.2636831287427607,-0.38749266820349876
150.88,2.01969890620746,0.2634904979820737,-0.38912532831801583
150.89,2.02233283727902,0.26329528607990094,-0.391355338604509
150.9,2.02496480329931,0.2630974851376792,-0.39354017192935536
150.91,2.02759477832981,0.2628970878568282,-0.3946586595247866
150.92,2.03022273639726,0.26269409322341086,-0.3964328239686474
150.93,2.0328486515198,0.2624884966485238,-0.3987169528410399
150.94,2.03547249763242,0.2622802905220952,-0.400641290239588
150.95,2.03809424861327,0.26206946932533226,-0.4024387022084789
150.96,2.04071387828237,0.26185602801291896,-0.40567537573591556
150.97,2.04333136040036,0.2616399537508178,-0.40749094710999256
150.98,2.04594666856759,0.2614212420373371,-0.4085928112704692
150.99,2.04855977644493,0.26119989260425064,-0.41146574043998274
151.0,2.05117065759445,0.26097589535581944,-0.41372722956244634
151.01,2.05377928550273,0.2607492432714224,-0.4159993667181556
151.02,2.05638563358729,0.2605199295645659,-0.4184013476451686
151.03,2.05898967519508,0.2602879465711102,-0.4215461197968105
151.04,2.0615913835855,0.2600532828240058,-0.4235366221756774
151.05,2.06419073189988,0.2598159335386467,-0.4255200025380426
151.06,2.06678769328681,0.25957589414277543,-0.4286139963324544
151.07,2.06938224078092,0.2593331539348376,-0.43116574505443783
151.08,2.07197434733669,0.2590877051088366,-0.4337271464193124
151.09,2.07456398582674,0.2588395398721022,-0.437030940518109
151.1,2.07715112904031,0.25858864633381273,-0.4402423225025134
151.11,2.07973574962523,0.2583350135203907,-0.4422563160686814
151.12,2.08231782016455,0.2580786373400831,-0.4450758553496442
151.13,2.08489731319821,0.25781950944384996,-0.44844971608639916
151.14,2.08747420114334,0.25755761830335383,-0.45144301664030473
151.15,2.09004845632229,0.2572929545968254,-0.45423031034353084
151.16,2.09262005096079,0.257025509740505,-0.45911137147828224
151.17,2.09518895718619,0.25675526418249184,-0.4618882039226429
151.18,2.09775514688568,0.2564822103164851,-0.4636887373737833
151.19,2.10031859201951,0.2562063461512665,-0.46807329655291385
151.2,2.10287926438937,0.2559276558003365,-0.4715130731923645
151.21,2.10543713567756,0.25564612802034076,-0.4749834529595024
151.22,2.10799217745404,0.25536175180549775,-0.47870047464669435
151.23,2.11054436117443,0.25507451449538665,-0.483741058396328
151.24,2.11309365814767,0.2547843968679242,-0.48661266529205804
151.25,2.11564003948715,0.2544913918044974,-0.48949379567448387
151.26,2.11818347633165,0.2541954923969211,-0.4943988039261813
151.27,2.12072393962973,0.2538966808937541,-0.4982807099591337
151.28,2.12326140020068,0.2535949447768212,-0.5022281860397814
151.29,2.12579582873214,0.2532902713723417,-0.5071933925028271
151.3,2.12832719577771,0.2529826426122576,-0.5119822986167586
151.31,2.13085547168129,0.2526720419091596,-0.5152375395776416
151.32,2.13338062668041,0.25235846120966376,-0.5196097221298707
151.33,2.13590263092464,0.2520418867750637,-0.524662770740486
151.34,2.13842145437935,0.25172230111092747,-0.5292511711598108
151.35,2.1409370668598,0.2513996893731071,-0.533586426965714
151.36,2.14344943802838,0.2510740375961773,-0.5406433541348811
151.37,2.14595853739211,0.250745318135733,-0.5449423893514854
151.38,2.14846433412629,0.2504135184429046,-0.5480678507948356
151.39,2.15096679746679,0.2500786325080144,-0.5545633994317669
151.4,2.15346589641267,0.24974063692001874,-0.5597778677756279
151.41,2.15596159978219,0.24939951440431746,-0.5650593387539365
151.42,2.15845387621909,0.2490552478563298,-0.5707767011953198
151.43,2.16094269418963,0.2487078174030007,-0.5785542181436722
151.44,2.16342802192943,0.24835719340040957,-0.5828174013518269
151.45,2.16590982737655,0.24800336503991346,-0.5871579013942126
151.46,2.1683880785064,0.24764632150298488,-0.594717426535839
151.47,2.1708627430006,0.24728603540441485,-0.6006293329844814
151.48,2.17333378834147,0.24692248745726472,-0.6066365358994962
151.49,2.17580118180858,0.24655565817449654,-0.6143167187686653
151.5,2.17826489047537,0.2461855195967348,-0.6216045184960193
151.51,2.18072488109086,0.24581204660011347,-0.6264935583266008
151.52,2.1831811202481,0.2454352268554172,-0.6332365310052153
151.53,2.18563357439841,0.245055038976801,-0.6409636919829752
151.54,2.18808220971312,0.2446714563557717,-0.6479799031108322
151.55,2.1905269921338,0.24428445628144058,-0.6547126637466633
151.56,2.19296788736853,0.24389401700523802,-0.6650231159145861
151.57,2.19540486088792,0.24350009966291147,-0.6716916631909902
151.58,2.19783787770545,0.24310268449982964,-0.676946048936551
151.59,2.20026690286961,0.24270175937367208,-0.6866423105996776
151.6,2.20269190108207,0.24229729029844327,-0.6945968699533744
151.61,2.20511283677604,0.24188925135749662,-0.7027393565061896
151.62,2.20752967412108,0.2414776164698133,-0.7114272319038435
151.63,2.20994237701879,0.2410623565194096,-0.7221541380992638
151.64,2.21235090904769,0.24064343333275082,-0.7294345567926863
151.65,2.21475523340659,0.24022082652427335,-0.7369228315220568
151.66,2.21715531322355,0.23979451520333245,-0.7476354085340942
151.67,2.21955111124276,0.23936446281925078,-0.756796424810017
151.68,2.22194258991265,0.23893064032773914,-0.765763199792988
151.69,2.22432971138108,0.23849301947749998,-0.7784302911859801
151.7,2.22671243749078,0.23805155416474583,-0.7899311711193867
151.71,2.2290907295305,0.2376062055512551,-0.7962258039468805
151.72,2.23146454860824,0.2371569610684336,-0.8066526640910944
151.73,2.23383385565461,0.23670378877782933,-0.8189310171256327
151.74,2.23619861115545,0.2362466471706015,-0.8296305473935749
151.75,2.23855877525484,0.23578550270114315,-0.840392739706512
151.76,2.24091430774961,0.23532032174607975,-0.8541588592571695
151.77,2.24326516808375,0.2348510572577641,-0.8650336057136182
151.78,2.2456113151772,0.23437767687817246,-0.8749468713478378
151.79,2.24795270780463,0.23390015349023335,-0.8885905710587295
151.8,2.25028930429127,0.23341844285099297,-0.9008706520385654
151.81,2.25262106257748,0.23293250701626284,-0.9133693260583442
151.82,2.25494794021788,0.23244230780289737,-0.9267633920632834
151.83,2.25726989437556,0.2319478024451797,-0.9430979096283417
151.84,2.25958688173956,0.23144893594044075,-0.9542972454271866
151.85,2.2618988584575,0.23094567848057634,-0.9659261287361522
151.86,2.26420578056055,0.2304379990473245,-0.9823059375076814
151.87,2.26650760352581,0.2299258448432336,-0.9963873610855474
151.88,2.26880428240036,0.22940917363009444,-1.0105147900395892
151.89,2.27109577179479,0.22888794333002135,-1.0284184133800298
151.9,2.27338202587678,0.22836209495281645,-1.045090733466547
151.91,2.27566299813757,0.22783157693550735,-1.0569812203853668
151.92,2.27793864174826,0.2272963608714244,-1.0731227018839802
151.93,2.28020890953437,0.22675639979690504,-1.0909556237647524
151.94,2.28247375374661,0.22621163877399875,-1.1075021043358724
151.95,2.28473312614874,0.22566202953798742,-1.1237010211124054
151.96,2.28698697801034,0.2251075250563228,-1.1461259025518864
151.97,2.28923526009965,0.2245480519547649,-1.1622191127110373
151.98,2.29147792234713,0.22398356694299792,-1.1762968147049282
151.99,2.29371491460849,0.22341403685322744,-1.1981397894143238
152.0,2.2959461860479,0.22283939467610722,-1.216806406100103
152.01,2.29817168528342,0.22225958699989928,-1.236096294904006
152.02,2.30039136038544,0.22167455926875487,-1.2564006746351937
152.03,2.30260515886882,0.22108425255649156,-1.2793097327717373
152.04,2.30481302761885,0.2204885981560878,-1.297969597046689
152.05,2.30701491284392,0.21988754753666426,-1.317277205135023
152.06,2.30921076040751,0.21928105043958296,-1.3407940858289942
152.07,2.3114005154737,0.21866903889876296,-1.3625308801729221
152.08,2.31358412260434,0.21805145315283067,-1.3845731547991518
152.09,2.31576152575071,0.21742823304207923,-1.4096407311480368
152.1,2.31793266824525,0.21679930624625515,-1.4338985309529937
152.11,2.32009749263593,0.2161646057784313,-1.455036566050926
152.12,2.32225594093655,0.21552407959067507,-1.4795876840821356
152.13,2.3244079545877,0.21487766218346582,-1.5054499011206166
152.14,2.32655347430853,0.2142252829011741,-1.5306955892112128
152.15,2.32869244014975,0.2135668749738362,-1.5560500990873443
152.16,2.33082479148481,0.21290237179480237,-1.5853982954758454
152.17,2.33295046700108,0.21223169147298604,-1.6115432039796043
152.18,2.33506940450379,0.21155476736400836,-1.63671894040912
152.19,2.33718154132483,0.21087153835184225,-1.6665963829396266
152.2,2.33928681399113,0.21018192489068074,-1.6950251791818973
152.21,2.34138515829758,0.20948585405459927,-1.7242612568424307
152.22,2.34347650929891,0.20878325138324882,-1.7540491073855942
152.23,2.34556080130052,0.20807404145960126,-1.784417597772364
152.24,2.34763796784866,0.2073581478605961,-1.8153576921883972
152.25,2.34970794172043,0.2066354932258374,-1.8468643000422738
152.26,2.35177065491492,0.2059059992748395,-1.8791581182065888
152.27,2.3538260386435,0.20516958624739642,-1.9108895583902825
152.28,2.35587402332024,0.20442617807388358,-1.9443750562083462
152.29,2.3579145386133,0.20367569286282583,-1.979069294136465
152.3,2.35994751330445,0.20291804526317847,-2.013012729079145
152.31,2.36197287537364,0.2021531545158976,-2.0482134552091904
152.32,2.36399055197138,0.2013809366905058,-2.083632751880258
152.33,2.36600046940683,0.2006013086438478,-2.1191277267871036
152.34,2.36800255316711,0.19981418833599682,-2.156727360233754
152.35,2.36999672790222,0.19901948671008735,-2.194757488231697
152.36,2.37198291733418,0.19821711457399527,-2.2323549897283974
152.37,2.37396104433818,0.19740698616187807,-2.2717137252976154
152.38,2.37593103090591,0.1965890111972568,-2.308736243290127
152.39,2.37789279813663,0.19576311006158273,-2.3490625458464542
152.4,2.37984626637811,0.19492919126167613,-2.3918435416381505
152.41,2.38179135490839,0.1940871550609291,-2.4319212842348157
152.42,2.38372798212859,0.19323691406482046,-2.474030880065193
152.43,2.38565606553316,0.1923783755168551,-2.5156806642000276
152.44,2.38757552168849,0.19151145090233007,-2.5549936160328692
152.45,2.38948626632557,0.19063606180442413,-2.6013066390883766
152.46,2.39138821435959,0.18975210328526412,-2.6479074656308277
152.47,2.39328127948543,0.1888594707777395,-2.6901288065197444
152.48,2.39516537457314,0.18795807878666898,-2.7371957389858355
152.49,2.39704041154064,0.1870478272734973,-2.7763896613898895
152.5,2.39890630134687,0.18612864771483384,-2.822914386829697
152.51,2.40076295440245,0.1852004434552653,-2.8760631312968337
152.52,2.40261027974184,0.18426309303360608,-2.9206287569052853
152.53,2.40444818548577,0.1833165098469906,-2.9683608872470844
152.54,2.4062765788494,0.18236059891405904,-3.015615382040322
152.55,2.40809536608129,0.18139527040733258,-3.055693060879938
152.56,2.40990445263631,0.1804204621917512,-3.11011638509341
152.57,2.41170374333217,0.17943605651720151,-3.165333278179185
152.58,2.41349314139343,0.17844193356109095,-3.209365238188429
152.59,2.41527254935619,0.17743801868867298,-3.262644071356884
152.6,2.41704186880114,0.17642420804263964,-3.3017012944102113
152.61,2.41880100035121,0.17540045280441582,-3.3512156505891504
152.62,2.42054984438847,0.17436666285432686,-3.413293878350745
152.63,2.4222882997183,0.17332269931183605,-3.4605143171930823
152.64,2.42401626419534,0.17226848168860517,-3.5104469892879764
152.65,2.42573363488875,0.17120392395207537,-3.5610240692433743
152.66,2.42744030794944,0.17012894255608035,-3.595505617974677
152.67,2.42913617887685,0.16904351445881466,-3.6558652294282084
152.68,2.43082114299341,0.1679475142286687,-3.7187026067178532
152.69,2.43249509350545,0.16684080662251838,-3.7587974520254654
152.7,2.4341579232708,0.1657233465918173,-3.8138129953459647
152.71,2.43580952430127,0.16459503903250017,-3.8530463653493223
152.72,2.43744978776895,0.1634558498796753,-3.8982708817162997
152.73,2.43907860480675,0.16230572056832315,-3.959053876555015
152.74,2.44069586532908,0.16114453013674018,-4.00711680852642
152.75,2.44230145831411,0.1599722078006923,-4.051857959922229
152.76,2.44389527221142,0.15878870165992506,-4.0927137350523175
152.77,2.44547719492939,0.1575939750762497,-4.143389526767575
152.78,2.44704711405213,0.15638795077891715,-4.194934030890652
152.79,2.44860491603064,0.1551705474534093,-4.238545425934262
152.8,2.45015048692795,0.15394171865702838,-4.2759422759374655
152.81,2.45168371224154,0.1527014449923647,-4.320425910030046
152.82,2.45320447750049,0.1514496763081019,-4.37131996793425
152.83,2.45471266721188,0.15018633547707236,-4.41173965609627
152.84,2.4562081655337,0.14891138885097338,-4.449642307235987
152.85,2.45769085624997,0.14762481817143236,-4.481314627106294
152.86,2.45916062314309,0.14632662868983015,-4.527666304834506
152.87,2.46061734990643,0.1450167628350929,-4.571039754392261
152.88,2.4620609193426,0.14369517357783285,-4.6061155524243915
152.89,2.46349121430584,0.1423618547934158,-4.625595825065209
152.9,2.46490811750903,0.1410168672437595,-4.664008065485304
152.91,2.46631151266266,0.1396601875311691,-4.710314517362708
152.92,2.46770128212791,0.13829175643257363,-4.734389459388757
152.93,2.46907730875314,0.13691161177460387,-4.759011768947676
152.94,2.47043947546096,0.13551979623958416,-4.781244185023095
152.95,2.47178766591411,0.1341163587609051,-4.817123465754797
152.96,2.47312176386692,0.13270128633825115,-4.844912599838332
152.97,2.47444165294951,0.13127460063000845,-4.865865641735535
152.98,2.47574721738357,0.12983636040889332,-4.876271030094152
152.99,2.47703834197171,0.1283866728787479,-4.901781295653652
153.0,2.47831491279545,0.12692557345259647,-4.930383855046126
153.01,2.4795768154991,0.12545308167126734,-4.943457987336413
153.02,2.48082393678838,0.1239692929348483,-4.9510719664669764
153.03,2.4820561641146,0.12247433443581072,-4.96324487445822
153.04,2.48327338656727,0.120968308828077,-4.985850765135962
153.05,2.48447549359792,0.11945126780958197,-4.996066583222463
153.06,2.48566237559557,0.11792332378100327,-5.002853226882704
153.07,2.48683392420385,0.11638461442850709,-5.002073623502176
153.08,2.48799003256099,0.11483531584722077,-5.014416365087451
153.09,2.48913059558986,0.11327553751468619,-5.0261871756914385
153.1,2.49025550878198,0.1117053918624896,-5.027181885540404
153.11,2.49136466947001,0.11012505331364406,-5.021174225632492
153.12,2.49245797657869,0.1085347393295133,-5.0238412930074645
153.13,2.4935353315659,0.10693462128933037,-5.0322896896904075
153.14,2.49459663682956,0.10532484153033354,-5.027543569166837
153.15,2.49564179692225,0.10370561751493387,-5.023805644893183
153.16,2.49667071844585,0.1020771710857497,-5.017080455162139
153.17,2.49768331039443,0.10043974325215643,-5.016715594686583
153.18,2.49867948407671,0.09879354272039528,-5.013925481000196
153.19,2.49965915277887,0.0971387962749278,-5.006727809985825
153.2,2.50062223239492,0.09547576449051207,-4.997055595241468
153.21,2.50156864138712,0.09380473013457606,-4.991293818277128
153.22,2.50249830120385,0.0921259573966049,-4.986800317489034
153.23,2.50341113563416,0.0904397091669118,-4.976863598805895
153.24,2.50430707148365,0.08874628922974268,-4.968789121835369
153.25,2.50518603852549,0.0870459995637396,-4.959987429452675
153.26,2.50604796962692,0.08533915425125531,-4.951561645208539
153.27,2.50689280083267,0.08362607380591655,-4.94290627602565
153.28,2.50772047143094,0.08190708977666716,-4.9331850531303285
153.29,2.50853092410094,0.08018254928122323,-4.927978693280489
153.3,2.50932410499988,0.07845277874049725,-4.918928768091953
153.31,2.51009996347044,0.07671814293387,-4.907893696662728
153.32,2.51085845293808,0.07497903302331096,-4.9013218598104284
153.33,2.51159953045448,0.07323581991841577,-4.894995521135988
153.34,2.5123231569094,0.07148888024576991,-4.893496108128153
153.35,2.51302929685079,0.06973856856731242,-4.884203739063611
153.36,2.51371791847907,0.06798531448882761,-4.875702284073901
153.37,2.51438899478376,0.06622955779259643,-4.873117463194233
153.38,2.5150425026345,0.06447170339832775,-4.874159688713331
153.39,2.51567842315912,0.06271213692733424,-4.873842446604223
153.4,2.51629674107415,0.06095127357701088,-4.868784212347135
153.41,2.51689744586968,0.059189586155920335,-4.870227645161601
153.42,2.51748053148974,0.057427509130736354,-4.875919794063702
153.43,2.51804599614513,0.055665454151587745,-4.878638315043998
153.44,2.51859384218206,0.053903879371519636,-4.881336902253985
153.45,2.51912407691005,0.052143263043073304,-4.8911171014901
153.46,2.51963671208452,0.05038403679383426,-4.90083712123079
153.47,2.52013176379964,0.048626652334904374,-4.909677092475659
153.48,2.52060925288352,0.046871594593841014,-4.9212972326728925
153.49,2.52106920502186,0.04511934244367799,-4.940738536080301
153.5,2.52151165051102,0.043370316471406475,-4.956913865654763
153.51,2.5219366237264,0.04162499911251431,-4.972608568454082
153.52,2.52234416454327,0.03988390600433804,-4.997857765193289
153.53,2.52273431738636,0.038147474080511376,-5.024639004224909
153.54,2.52310713107018,0.03641614878482358,-5.049835110619503
153.55,2.52346265905202,0.03469043083099329,-5.077719137688165
153.56,2.52380096001437,0.03297082199458975,-5.115771154838151
153.57,2.52412209724016,0.03125772953557204,-5.151369587186106
153.58,2.52442613793595,0.02955163195442386,-5.187553989172026
153.59,2.52471315488039,0.0278530440515364,-5.232599803804043
153.6,2.52498322530168,0.026162402387079158,-5.280751554187052
153.61,2.52523643087982,0.024480140542167593,-5.329704495472813
153.62,2.52547285764494,0.022806737865825138,-5.381674135453648
153.63,2.52569259676141,0.021142683846323933,-5.44305435716077
153.64,2.5258957438105,0.019488370126237907,-5.505129488548498
153.65,2.52608239814274,0.017844244864103263,-5.569372559286677
153.66,2.52625266428043,0.016210798075592486,-5.640555064116766
153.67,2.52640665113716,0.014588471127082355,-5.719376624834829
153.68,2.52654447199679,0.012977623567326606,-5.7999809195032626
153.69,2.52666624333837,0.011378688810159687,-5.8837720764895405
153.7,2.52677208706203,0.009792151556753392,-5.976139015165208
153.71,2.52686212900186,0.008218413311914901,-6.075360764927303
153.72,2.5269364991179,0.0066578017901886,-6.178303305947661
153.73,2.5269953301879,0.005110730069165145,-6.286502423141202
153.74,2.52703876033553,0.0035776561659132495,-6.403509160099116
153.75,2.5270669311346,0.002058934913307109,-6.526830987616979
153.76,2.52707998795159,0.0005548812965069002,-6.65691214469724
153.77,2.52707807892678,-0.0009341258319898553,-6.794605693218754
153.78,2.52706135691739,-0.0024076771459916975,-6.940512290437783
153.79,2.52702997796084,-0.0038654507404182565,-7.093648966432714
153.8,2.52698410148159,-0.005307156654436411,-7.256380250668017
153.81,2.52692388952923,-0.0067324540404219615,-7.429058453427928
153.82,2.52684950826304,-0.008140983078404792,-7.609973020351364
153.83,2.52676112669729,-0.009532459108011853,-7.799430362957353
153.84,2.52665891679548,-0.01090662575925124,-8.00160024398704
153.85,2.52654305288171,-0.01226318340200594,-8.21617229849097
153.86,2.52641371282951,-0.01360182162658911,-8.439359245209191
153.87,2.52627107697777,-0.014922298110094564,-8.673220423605578
153.88,2.52611532815915,-0.01622439062822038,-8.922960253465
153.89,2.52594665129204,-0.01750784492308144,-9.187535795067255
153.9,2.52576523421906,-0.018772404372258134,-9.461941850030202
153.91,2.52557126684782,-0.02001786863451057,-9.750170769470609
153.92,2.52536494113006,-0.021244049557678224,-10.057004926376612
153.93,2.52514645081618,-0.022450741536324724,-10.38101602893932
153.94,2.52491599191286,-0.023637743973092817,-10.717533415966031
153.95,2.52467376209458,-0.024804897232403682,-11.071334662902109
153.96,2.52441996063403,-0.02595205105298352,-11.446291160199006
153.97,2.52415478825343,-0.027079049250178233,-11.840893848753677
153.98,2.52387844731002,-0.028185745146328916,-12.251657044106894
153.99,2.52359114141252,-0.02927202078592354,-12.683319372822146
154.0,2.52329307532431,-0.03033776669648288,-13.138532267802292
154.01,2.52298445486206,-0.031382875621266404,-13.615749892960148
154.02,2.52266548690992,-0.032407252535260334,-14.114032110260222
154.03,2.52233637917195,-0.033410819836410255,-14.63751795555618
154.04,2.52199734010766,-0.03439350659457293,-15.184237554093198
154.05,2.52164857882435,-0.03535525612976542,-15.755421624649907
154.06,2.52129030492047,-0.036296023856093505,-16.35340914339517
154.07,2.52092272841,-0.03721577216931523,-16.983634868520056
154.08,2.52054605965559,-0.03811446289141429,-17.632052994562567
154.09,2.52016050936563,-0.03899208719018536,-18.30432947636411
154.1,2.51976628811248,-0.03984865180406416,-19.01180933775138
154.11,2.51936360652794,-0.04068415707914423,-19.758428684006255
154.12,2.51895267517056,-0.04149859714961772,-20.514847800066995
154.13,2.51853370467977,-0.04229200574524435,-21.289879851548168
154.14,2.51810690498507,-0.0430644373608106,-22.108354774910584
154.15,2.51767248573345,-0.0438159296802243,-22.97262685814378
154.16,2.5172306560833,-0.0445465083315703,-23.833377614399645
154.17,2.51678162502724,-0.045256245164263895,-24.70103495013737
154.18,2.51632560033518,-0.04594523828069057,-25.617261338956425
154.19,2.5158627891682,-0.04661356199575269,-26.592795735884355
154.2,2.51539339780466,-0.047261265454416154,-27.537668338967713
154.21,2.51491763222257,-0.04788845513114722,-28.464291356553836
154.22,2.51443569662467,-0.04849527271268232,-29.454385885241475
154.23,2.51394779434402,-0.04908182061059326,-30.50313297792371
154.24,2.51345412750178,-0.04964817450740696,-31.499383587608083
154.25,2.51295489771272,-0.05019446472441421,-32.43677761172724
154.26,2.51245030451516,-0.0507208678640773,-33.44370708681837
154.27,2.51194054621799,-0.05122751524442304,-34.49527353507445
154.28,2.51142581968763,-0.05171451391459877,-35.48381345548425
154.29,2.51090632092181,-0.0521820115135722,-36.37251997019114
154.3,2.51038224381547,-0.052630205642982084,-37.3070973250718
154.31,2.50985378062234,-0.05305925886693504,-38.27103693848937
154.32,2.50932112196903,-0.05346930912775161,-39.16298749035632
154.33,2.50878445721432,-0.05386052100325722,-39.92225151117562
154.34,2.50824397364664,-0.05423310577258311,-40.681269024531915
154.35,2.50769985656361,-0.054587255238169874,-41.47361623841696
154.36,2.50715228945606,-0.05492312805499555,-42.186763127784424
154.37,2.50660145431826,-0.05524089932325005,-42.71180046628177
154.38,2.50604753105044,-0.05554079779112042,-43.203491561674795
154.39,2.50549069723744,-0.05582303972511138,-43.756009556574604
154.4,2.50493112854443,-0.05608779424650286,-44.24437329988109
154.41,2.50436899903719,-0.05633523431496738,-44.459210625296464
154.42,2.50380448075802,-0.05656560530838961,-44.62429636978951
154.43,2.50323774306396,-0.056779143648074314,-44.88244083535695
154.44,2.5026689533956,-0.05697602887643205,-45.082274093524155
154.45,2.5020982773756,-0.05715643882609663,-45.0003453360691
154.46,2.50152587871631,-0.05732061924539715,-44.8456608415536
154.47,2.50095191828877,-0.05746881604700901,-44.77635567196538
154.48,2.50037655501041,-0.0576012271120215,-44.5965078775601
154.49,2.49979994565404,-0.05771806262864961,-44.2755675607997
154.5,2.49922224489191,-0.05781955712683695,-43.87621366445129
154.51,2.49864360485621,-0.0579059502398079,-43.48003341506553
154.52,2.49806417548299,-0.05797746400142412,-43.010729907074264
154.53,2.49748410441146,-0.058034325733443325,-42.45942965504945
154.54,2.49690353701408,-0.05807677307101411,-41.84176598544738
154.55,2.49632261619294,-0.058105049862248556,-41.19603741523147
154.56,2.49574148250335,-0.058119390436680206,-40.848395189467894
154.57,2.49516027430909,-0.058119939992847446,-40.06706535283054
154.58,2.49457912879568,-0.05810695687965921,-39.12211846063765
154.59,2.49399817933072,-0.05808073992581801,-38.49126071981067
154.6,2.49341755750195,-0.058041485203667406,-38.25802891424446
154.61,2.49283739275035,-0.05798927222524138,-37.40095891559217
154.62,2.49225781437716,-0.05792435433420081,-36.27902028321134
154.63,2.49167894699943,-0.057847057342811745,-35.94452723021013
154.64,2.49110091401469,-0.057757496885472534,-34.643719897833876
154.65,2.49052383673173,-0.057656049733671264,-33.78388851472532
154.66,2.48994783186182,-0.057542969717908996,-33.477544419079635
154.67,2.48937301574451,-0.05741834814699069,-32.51860940978329
154.68,2.48879950248308,-0.057282457416004316,-31.803194050404073
154.69,2.48822740347945,-0.057135507172493646,-31.275809153067197
154.7,2.48765682863126,-0.05697765482051513,-30.337282490383156
154.71,2.48708788579065,-0.0568091826522658,-29.49318475927659
154.72,2.48652067955114,-0.05663035073875111,-28.90809847875626
154.73,2.48595531275676,-0.056441333660180636,-28.590149954930823
154.74,2.48539188644879,-0.05624222659400546,-27.795292619959866
154.75,2.48483050101107,-0.05603327883872966,-26.90295538033023
154.76,2.4842712527769,-0.055814777083496026,-26.535860874524726
154.77,2.48371423684229,-0.055586850882320224,-25.758182893687692
154.78,2.48315954634857,-0.055349754899251355,-25.204710198482815
154.79,2.48260727169031,-0.055103679677237505,-24.768830701907987
154.8,2.48205750214897,-0.054848779251862975,-24.163047295596385
154.81,2.48151032480676,-0.05458526768367111,-23.584399490305923
154.82,2.48096582479039,-0.05431335885215753,-23.031142652710617
154.83,2.48042408494371,-0.05403326024551551,-22.594640538065956
154.84,2.47988518630683,-0.053745143341332735,-22.103037810851376
154.85,2.47934920816774,-0.05344920071100508,-21.64310432808691
154.86,2.47881622778359,-0.053145616024082486,-21.338627070391748
154.87,2.47828632084311,-0.05283452389805987,-20.837252218035974
154.88,2.47775956163268,-0.052516133320597756,-20.34818443519041
154.89,2.47723602182823,-0.05219065482975349,-20.025356129151476
154.9,2.47671577166302,-0.05185823970274006,-19.726507987133694
154.91,2.4761988796654,-0.05151903112932492,-19.354729990433913
154.92,2.47568541309437,-0.05117320495268511,-18.9601107689685
154.93,2.47517543701455,-0.05082094926285308,-18.69910967567586
154.94,2.47466901505054,-0.05046240673990399,-18.331994863513412
154.95,2.4741662092263,-0.05009776212449395,-18.01259588329506
154.96,2.47366707959716,-0.049727185205994395,-17.789703505979674
154.97,2.47317168484245,-0.049350809975394025,-17.51695972587892
154.98,2.47268008220446,-0.04896879191766956,-17.24227708097239
154.99,2.47219232728175,-0.04858129162133018,-16.99618448567281
155.0,2.47170847414168,-0.048188461032476024,-16.76324977935908
155.01,2.47122857533477,-0.04779044874544762,-16.54292280884759
155.02,2.47075268195252,-0.047387400911066045,-16.31392124471393
155.03,2.47028084361792,-0.04697946735706301,-16.18946122138067
155.04,2.46981310851621,-0.04656675684826158,-15.995086468756892
155.05,2.46934952392714,-0.04614941015939807,-15.760125077851498
155.06,2.46889013524807,-0.04572758798098524,-15.634544246795345
155.07,2.46843498669193,-0.04530140707867947,-15.470554353366007
155.08,2.46798412119225,-0.04487100060041049,-15.314161640620435
155.09,2.46753758033002,-0.04443650081099963,-15.191471639306517
155.1,2.46709540442484,-0.04399802650060236,-15.071791257705652
155.11,2.46665763264997,-0.043555696408655496,-14.951496680712632
155.12,2.46622430293192,-0.04310963322542438,-14.78056347402128
155.13,2.4657954519557,-0.042659983676662794,-14.695218915482837
155.14,2.46537111485773,-0.04220685618824642,-14.642239699929679
155.15,2.46495132609765,-0.04175034522475215,-14.514324078213392
155.16,2.46453611881011,-0.0412905801691695,-14.45318130582717
155.17,2.46412552500171,-0.04082766252441935,-14.38224244011139
155.18,2.46371957571051,-0.04036169879724216,-14.298513883824397
155.19,2.46331830080378,-0.03989280306877507,-14.240353161821362
155.2,2.46292172908234,-0.039421078440649016,-14.195092406536551
155.21,2.4625298883446,-0.03894662173266802,-14.166555950126696
155.22,2.46214280544995,-0.03846952300767814,-14.116336513996343
155.23,2.46176050635258,-0.03798988423256988,-14.073768818746618
155.24,2.4613830159071,-0.03750780459590801,-14.066387793324056
155.25,2.46101035810971,-0.037023367760513626,-14.017363067662123
155.26,2.4606425560585,-0.036536679405233904,-13.972141323724813
155.27,2.46027963169504,-0.03604784363773946,-14.001370242563407
155.28,2.45992160611837,-0.03555692697286099,-14.007454586819048
155.29,2.4595684998252,-0.03506400759236694,-13.995505225754428
155.3,2.45922033233652,-0.03456917598299025,-13.967802373287897
155.31,2.45887712235132,-0.03407253273780923,-13.967256242281907
155.32,2.45853888744529,-0.033574163643064946,-14.01654226736452
155.33,2.4582056446239,-0.03307412867393038,-14.026677908673442
155.34,2.45787741015433,-0.032572508802852784,-14.033202854541637
155.35,2.45755419946451,-0.03206938757674231,-14.100949671758983
155.36,2.45723602722651,-0.03156481659657059,-14.127455154500055
155.37,2.45692290771055,-0.031058870776331148,-14.13292311242198
155.38,2.45661485411424,-0.030551637527150476,-14.19590116601409
155.39,2.45631187905951,-0.03004317381416488,-14.243313662270662
155.4,2.45601399452145,-0.02953354457656913,-14.284826743942366
155.41,2.45572121182593,-0.029022819214419293,-14.344539086165303
155.42,2.45543354159479,-0.02851105720410585,-14.412551957246276
155.43,2.45515099395196,-0.02799831357165698,-14.47548604396911
155.44,2.45487357839418,-0.027484647270740552,-14.534873496495543
155.45,2.45460130384965,-0.02697012373908588,-14.520734447859548
155.46,2.4543341784488,-0.026454850752681097,-14.635852091241023
155.47,2.45407220923761,-0.025938858259577646,-14.76529472038049
155.48,2.45381540358818,-0.025422167086563974,-14.79161024736578
155.49,2.45356376795584,-0.024904860909813475,-14.876018236994947
155.5,2.45331730824503,-0.024386992355862613,-14.953865388196702
155.51,2.45307602980159,-0.02386861654473845,-15.040107466420837
155.52,2.45283993743688,-0.023349784051425924,-15.128766364089653
155.53,2.45260903547601,-0.02283054487811261,-15.200749854721016
155.54,2.45238332772656,-0.02231095697164213,-15.366703356284988
155.55,2.4521628175044,-0.02179101546965212,-15.499987066522932
155.56,2.4519475085006,-0.021270739399659178,-15.517637304953677
155.57,2.45173740352469,-0.020750227483745665,-15.625021800572174
155.58,2.45153250461684,-0.020229519346078494,-15.77836379041496
155.59,2.45133281373237,-0.019708622557175946,-15.821836834007227
155.6,2.45113833248357,-0.01918762717384078,-15.81329634042156
155.61,2.45094906116539,-0.018666659610751722,-16.036690571413793
155.62,2.45076499934186,-0.01814567349652426,-16.208151006369974
155.63,2.45058614775198,-0.017624657293235924,-16.234562699698344
155.64,2.45041250599587,-0.017103710241916925,-16.365056904098022
155.65,2.45024407327266,-0.01658285334818673,-16.577212130849922
155.66,2.45008084873633,-0.016062039409810623,-16.63829973485543
155.67,2.44992283207744,-0.015541345781829493,-16.686603137370035
155.68,2.44977002116329,-0.015020862339946522,-16.8677981098121
155.69,2.44962241418216,-0.014500567898071786,-16.994214862618612
155.7,2.44948000905488,-0.013980486360580063,-17.002559853056383
155.71,2.44934280335793,-0.013460750639833948,-17.15990638379361
155.72,2.44921079293272,-0.012941353707248323,-17.364661694597405
155.73,2.44908397528166,-0.01242224113750338,-17.416394391590103
155.74,2.44896234688959,-0.011903500786432838,-17.535546876870647
155.75,2.44884590394939,-0.011385161180070085,-17.691456375276523
155.76,2.44873464236893,-0.010867205197414206,-17.804893106315177
155.77,2.44862855845799,-0.01034966128734179,-17.887067802863164
155.78,2.44852764758208,-0.009832592361465794,-18.02036103965437
155.79,2.44843190500907,-0.009316003089994881,-18.14436269429875
155.8,2.44834132586095,-0.008799904759511831,-18.225346331580674
155.81,2.44825590505975,-0.008284366043827726,-18.32375120614061
155.82,2.44817563655866,-0.00776943076181702,-18.47154084867972
155.83,2.44810051451601,-0.007255068316510313,-18.578752113555446
155.84,2.44803053320245,-0.0067413000187643846,-18.67029548845732
155.85,2.44796568640805,-0.006228171361818044,-18.792924875565298
155.86,2.44790596769723,-0.0057156683322475334,-18.921901663928388
155.87,2.44785137103767,-0.005203753737400193,-18.995640439645822
155.88,2.44780189043928,-0.004692496552997453,-19.081188436654564
155.89,2.44775751879294,-0.004181941904339108,-19.194350911564865
155.9,2.44771824932575,-0.003672063414254338,-19.28160620566583
155.91,2.44768407515795,-0.0031628876259737204,-19.349689787067536
155.92,2.44765498896907,-0.002654507954983713,-19.449141047952605
155.93,2.44763098245462,-0.00214689359278412,-19.54516501897579
155.94,2.44761204865371,-0.0016399998940208604,-19.612675244847132
155.95,2.4475981798662,-0.0011338880918865257,-19.689883939321625
155.96,2.44758936824899,-0.0006285649424656963,-19.760322625718505
155.97,2.44758560578789,-0.0001240813792565317,-19.829846483071243
155.98,2.44758688382033,0.00037955982406708466,-19.894941890753845
155.99,2.44759319420243,0.0008823720560805863,-19.955924346716994
156.0,2.44760452838642,0.0013843196871624979,-20.016095599893557
156.01,2.44762087766988,0.0018853790043293905,-20.05258168069166
156.02,2.44764223319747,0.002385617917396073,-20.098432250437526
156.03,2.44766858721031,0.002885019221532392,-20.155908436786973
156.04,2.44769993055977,0.003383501839915315,-20.18344066253786
156.05,2.4477362542617,0.0038810906395717977,-20.210321735416468
156.06,2.4477775493878,0.004377788188332973,-20.24578674754241
156.07,2.4478238069578,0.0048735636184867506,-20.272105755779524
156.08,2.44787501754597,0.005368400117411465,-20.274342178262778
156.09,2.44793117189284,0.005862319331014406,-20.283999950951433
156.1,2.44799226085403,0.0063553163464143605,-20.289587880289194
156.11,2.44805827510256,0.006847380565903431,-20.3012128322647
156.12,2.44812920526216,0.007338484917585042,-20.32375732268912
156.13,2.44820504148997,0.007828587266260161,-20.2878310339247
156.14,2.4482857737632,0.0083177180805268,-20.258529303354443
156.15,2.44837139263893,0.008805890575151281,-20.259200565629506
156.16,2.44846188828418,0.009293073203649657,-20.23814996648276
156.17,2.44855725078879,0.009779257255722781,-20.173904173629918
156.18,2.44865747017764,0.010264471271833239,-20.1493438180329
156.19,2.44876253691592,0.010748697809933224,-20.136821745292487
156.2,2.4488724407486,0.011231903130741,-20.067805502368397
156.21,2.44898717161928,0.011714102656990022,-20.018887573074625
156.22,2.44910671942883,0.012195290304909772,-19.961494777623216
156.23,2.44923107403892,0.01267546194793819,-19.899003285954134
156.24,2.44936022526913,0.013154613836648585,-19.83023788239445
156.25,2.44949416290793,0.013632743390582885,-19.75677224448555
156.26,2.44963287672051,0.014109848006767697,-19.67844596819343
156.27,2.44977635644309,0.014585925214760653,-19.59297871732684
156.28,2.4499245917896,0.015060973310569253,-19.52502284649441
156.29,2.45007757243488,0.015534976812843956,-19.42470882929413
156.3,2.45023528785756,0.016007939147166805,-19.312211771577832
156.31,2.45039772776923,0.016479868981496747,-19.223714980406115
156.32,2.45056488176674,0.01695075683968058,-19.114383708132415
156.33,2.45073673943054,0.017420602702167276,-19.012883950696516
156.34,2.45091329032728,0.017889400107425533,-18.903290587124708
156.35,2.45109452392929,0.018357145494429794,-18.77601245740292
156.36,2.45128042974385,0.018823843495241466,-18.65509505425492
156.37,2.45147099730377,0.019289493150076442,-18.53346376606081
156.38,2.45166621610369,0.019754091692162728,-18.404502635077236
156.39,2.45186607563,0.020217638312251356,-18.280469284074567
156.4,2.45207056535063,0.020680128408930486,-18.141939897213447
156.41,2.45227967468182,0.021141563440581677,-17.998535026675516
156.42,2.45249339310918,0.021601945987241116,-17.862619684087175
156.43,2.45271171008553,0.022061273450676065,-17.71700413326262
156.44,2.45293461506184,0.022519546377090343,-17.576876767702707
156.45,2.45316209748902,0.022976761742499185,-17.429182768349037
156.46,2.45339414677185,0.023432919211678154,-17.2719765371875
156.47,2.45363075235651,0.023888022055991907,-17.120541273659335
156.48,2.45387190369636,0.024342069934912836,-16.966397572594694
156.49,2.45411759023838,0.02479506272191993,-16.809559767089844
156.5,2.45436780143462,0.025247000729914742,-16.65367476952575
156.51,2.45462252673596,0.025697883318668662,-16.490716391164298
156.52,2.45488175558941,0.026147712416827822,-16.32654016019277
156.53,2.45514547747846,0.02659648997059098,-16.16523896234744
156.54,2.4554136818846,0.027044216132177112,-16.00017214732097
156.55,2.45568635830101,0.027490892242243437,-15.832248573929991
156.56,2.45596349623395,0.02793652025474917,-15.67432688241892
156.57,2.45624508520419,0.02838109748241798,-15.514086593673653
156.58,2.45653111467947,0.028824622350687168,-15.331680360180739
156.59,2.45682157416728,0.02926710256591821,-15.160521558150771
156.6,2.45711645325659,0.02970854105289744,-14.998113963610598
156.61,2.45741574151324,0.03014893666051603,-14.827452669691455
156.62,2.4577194285208,0.030588291548513023,-14.654190934249657
156.63,2.4580275038817,0.031026608582152004,-14.501773525280246
156.64,2.45833995721845,0.03146388242691127,-14.330408706427349
156.65,2.45865677806458,0.03190011573734516,-14.142926949310352
156.66,2.45897795609261,0.032335318019020384,-13.980890775690957
156.67,2.4593034809865,0.03276948867625048,-13.813934731441842
156.68,2.45963334243153,0.033202628773572794,-13.644629616726165
156.69,2.45996753013479,0.03363474073491135,-13.473881225738916
156.7,2.4603060338261,0.03406582740747751,-13.322781878456208
156.71,2.46064884325487,0.034495884505592045,-13.148252997257908
156.72,2.46099594810327,0.034924917400014355,-12.968672169336037
156.73,2.46134733821148,0.035352933989304024,-12.814337572595468
156.74,2.46170300339098,0.03577993250592678,-12.648035521079542
156.75,2.46206293347783,0.03620591587973898,-12.48345119928235
156.76,2.46242711833336,0.03663088695734137,-12.323109862025659
156.77,2.46279554784495,0.03705484691892691,-12.177885067267662
156.78,2.46316821189306,0.037477791904083624,-12.004940352000558
156.79,2.46354510032516,0.03789972952407868,-11.83441332659159
156.8,2.46392620314655,0.038320667146248454,-11.68838255112587
156.81,2.46431151032998,0.038740602846087935,-11.529926280668427
156.82,2.46470101187407,0.039159539717240996,-11.373635489357655
156.83,2.46509469780379,0.03957748070665401,-11.224418675145492
156.84,2.46549255817096,0.039994426444929974,-11.076267727861927
156.85,2.4658945830203,0.0404103778785007,-10.917403794545365
156.86,2.46630076243276,0.04082534083616289,-10.766158875771438
156.87,2.46671108655277,0.04123931881943784,-10.621946444912247
156.88,2.46712554553038,0.0416523129889231,-10.47461885777525
156.89,2.46754412954293,0.04206432626674787,-10.329182591514316
156.9,2.46796682879537,0.04247536151369413,-10.187058440854416
156.91,2.46839363352068,0.04288542091724912,-10.044866039723015
156.92,2.46882453397074,0.04329450734738005,-9.902709683807563
156.93,2.46925952043582,0.043702624327845996,-9.76429412588913
156.94,2.4696985832348,0.044109774551907385,-9.627085477388533
156.95,2.47014171271382,0.04451596084316852,-9.491210092513322
156.96,2.47058889924851,0.044921186200008734,-9.354820811546187
156.97,2.47104013324432,0.04532545412266886,-9.235423852483839
156.98,2.4714954051348,0.045728762250163424,-9.098083052697808
156.99,2.47195470530942,0.04613111616199965,-8.958043068969552
157.0,2.47241802429929,0.04653252337992002,-8.839496794626179
157.01,2.4728853526208,0.04693298335832393,-8.712026222359368
157.02,2.47335668082025,0.04733249947058334,-8.587755551345637
157.03,2.4738319994741,0.047731074745094304,-8.463190974537055
157.04,2.47431129918922,0.048128712728471676,-8.350066145780312
157.05,2.47479457060315,0.04852541286055242,-8.236564137794124
157.06,2.47528180432523,0.04892117567468398,-8.105832570894256
157.07,2.47577299101891,0.04931600967468993,-7.987950034603256
157.08,2.47626812143434,0.04970991883749276,-7.87960000438167
157.09,2.47676718631507,0.05010290352300458,-7.7656700657277025
157.1,2.47727017643401,0.05049496696956831,-7.654415157240028
157.11,2.47777708259351,0.05088611215951315,-7.54358977942801
157.12,2.47828789562551,0.05127634227426089,-7.4445812487822955
157.13,2.47880260638793,0.05166565636641751,-7.333337053144272
157.14,2.47932120571646,0.05205405939283277,-7.221158482773816
157.15,2.47984368455714,0.05244155750491568,-7.124106324137277
157.16,2.48037003385205,0.05282815099115028,-7.0212601576719305
157.17,2.48090024457206,0.05321384300592813,-6.92098870116371
157.18,2.48143430771688,0.05359863643349024,-6.821602268925427
157.19,2.48197221431507,0.05398253431916726,-6.726713742949071
157.2,2.48251395542411,0.054365538371588716,-6.63209869251706
157.21,2.4830595221116,0.05474765088764692,-6.534028774036159
157.22,2.48360890548453,0.05512887637598718,-6.440915280089917
157.23,2.48416209669191,0.05550921781594109,-6.3508325788034075
157.24,2.48471908690147,0.05588867736249966,-6.260400849432382
157.25,2.48527986730921,0.05626725792423996,-6.171554523774622
157.26,2.48584442913943,0.05664496236440868,-6.083628523324918
157.27,2.48641276364468,0.057021793550763686,-6.003540995649233
157.28,2.4869848621015,0.05739775154450418,-5.915474241881473
157.29,2.48756071577968,0.05777284068342696,-5.827448185618416
157.3,2.48814031603409,0.0581470659808329,-5.749617935927764
157.31,2.48872365422339,0.05852042831132239,-5.668210896544805
157.32,2.48931072173348,0.05889293059191392,-5.588790687332134
157.33,2.48990150997744,0.05926457553691404,-5.510089689386855
157.34,2.49049601039546,0.05963536600600191,-5.435390331746508
157.35,2.4910942144548,0.06000530354256517,-5.360384808570675
157.36,2.49169611363164,0.060374390456504244,-5.282793591773577
157.37,2.49230169944177,0.06074263089843601,-5.209663030969204
157.38,2.49291096343644,0.061110027468495406,-5.138543881760413
157.39,2.49352389718539,0.0614765822514296,-5.067332608511445
157.4,2.49414049228438,0.06184229790967185,-4.9973971921188225
157.41,2.49476074035512,0.06220717705739398,-4.928515932582283
157.42,2.49538463304512,0.06257122222666686,-4.8636970093509815
157.43,2.49601216202442,0.06293443455575032,-4.795376388287416
157.44,2.49664331897158,0.06329681745542715,-4.727704328084059
157.45,2.49727809562011,0.06365837458090311,-4.665306343120334
157.46,2.49791648371599,0.06401910744275505,-4.601590302277407
157.47,2.49855847502999,0.06437901861442072,-4.539254887349519
157.48,2.49920406135749,0.06473811055167644,-4.477392081687495
157.49,2.49985323451838,0.06509638586567427,-4.41944090945761
157.5,2.50050598635691,0.06545384566872814,-4.3603954035563826
157.51,2.50116230872147,0.06581049217358285,-4.298952564425029
157.52,2.50182219350196,0.06616632936366681,-4.2420307722975785
157.53,2.50248563261795,0.0665213593704898,-4.186332619696365
157.54,2.50315261800511,0.0668755840428433,-4.130545432791408
157.55,2.50382314162221,0.06722900573893724,-4.075846373093066
157.56,2.5044971954509,0.06758162674099788,-4.021602446627663
157.57,2.5051747714956,0.06793344945700275,-3.97068318510982
157.58,2.50585586178331,0.06828447499601653,-3.9182413400988936
157.59,2.50654045834665,0.06863470575515507,-3.8648572710888858
157.6,2.50722855325978,0.06898414511787485,-3.815372829221025
157.61,2.50792013861674,0.06933279478802772,-3.7660099523980253
157.62,2.50861520652988,0.06968065673651491,-3.7171305279364972
157.63,2.50931374913289,0.07002773311451568,-3.6691219146574716
157.64,2.5100157585806,0.07037402602467029,-3.6216286675688725
157.65,2.51072122704876,0.07071953763941505,-3.576429431702378
157.66,2.51143014673388,0.07106426928450797,-3.5302134683717417
157.67,2.5121425098424,0.07140822326824336,-3.484059860274595
157.68,2.51285830861558,0.07175140228348939,-3.4405786236312528
157.69,2.51357753531017,0.07209380789494624,-3.3969724157859527
157.7,2.51430018220202,0.07243544206648375,-3.3540991095954227
157.71,2.51502624158653,0.07277630675014783,-3.311920621514097
157.72,2.51575570577848,0.07311640387908103,-3.270111825892335
157.73,2.51648856711183,0.07345573546133632,-3.2312551235301012
157.74,2.51722481793893,0.0737943022041665,-3.19007075033865
157.75,2.51796445061477,0.0741321065585776,-3.1489330666624986
157.76,2.5187074575375,0.0744691513434037,-3.111427228424039
157.77,2.51945383111336,0.07480543756542835,-3.0729341485011004
157.78,2.52020356376644,0.07514096708060025,-3.035282650612868
157.79,2.52095664793844,0.07547574163980406,-2.998187012913294
157.8,2.52171307608847,0.07580976298940575,-2.96165965006234
157.81,2.52247284069282,0.07614303280710037,-2.9271756407853613
157.82,2.52323593424275,0.07647555189959447,-2.89095568859823
157.83,2.52400234923583,0.0768073224819199,-2.855113190531045
157.84,2.5247720782046,0.07713834688760265,-2.821944221814469
157.85,2.52554511368979,0.07746862609416076,-2.7881228114165744
157.86,2.52632144824792,0.07779816173572411,-2.7550091695370353
157.87,2.52710107445109,0.0781269553565093,-2.7223730084981055
157.88,2.52788398488671,0.07845500849494869,-2.6903642070980966
157.89,2.52867017215733,0.0787823225689932,-2.6593663032658967
157.9,2.52945962887845,0.07910889867191648,-2.6277925795432573
157.91,2.53025234767673,0.07943473857026837,-2.5967858072974157
157.92,2.53104832120128,0.07975984396849287,-2.5671264905141844
157.93,2.53184754211154,0.080084215971854,-2.5374123751487385
157.94,2.53265000308071,0.08040785597725661,-2.5082419272965497
157.95,2.53345569679555,0.08073076532638668,-2.4794575257898397
157.96,2.53426461595609,0.08105294536584484,-2.4514335609485207
157.97,2.53507675327541,0.08137439718716907,-2.424172839047479
157.98,2.53589210147569,0.08169512166897874,-2.396110693972993
157.99,2.53671065328989,0.08201512050673247,-2.3687973390894808
158.0,2.53753240147165,0.08233439516766028,-2.3427338501080968
158.01,2.53835733878228,0.08265294650885806,-2.316528461128213
158.02,2.53918545799469,0.0829707757126689,-2.2908083056199464
158.03,2.54001675189315,0.08328788390607282,-2.26538195040666
158.04,2.54085121327309,0.08360427223531956,-2.2409014365182034
158.05,2.54168883494075,0.0839199414226055,-2.2167650536165446
158.06,2.54252960970725,0.08423489222166107,-2.1917811943192875
158.07,2.54337353039572,0.08454912623641064,-2.1678257954832785
158.08,2.54422058984625,0.08486264459584744,-2.144832987081319
158.09,2.54507078090438,0.08517544794765335,-2.1216979779253475
158.1,2.54592409642503,0.08548753725163838,-2.098994743018817
158.11,2.54678052927224,0.08579891340825263,-2.076593150746621
158.12,2.54764007231893,0.08610957731374955,-2.054671438674279
158.13,2.54850271844659,0.08641952969699422,-2.0338576861353292
158.14,2.54936846054218,0.0867287707387717,-2.011798402646639
158.15,2.5502372914946,0.0870373017585154,-1.9901562384919593
158.16,2.55110920421436,0.08734512400231746,-1.970141122200439
158.17,2.55198419161301,0.08765223770759908,-1.9496577160024178
158.18,2.55286224660918,0.08795864361799503,-1.9296011558124033
158.19,2.55374336212825,0.08826434239658602,-1.9098502685710457
158.2,2.55462753110212,0.08856933468293453,-1.8901301600841842
158.21,2.55551474646894,0.08887362121424344,-1.8724206456175878
158.22,2.55640500117275,0.08917720145715421,-1.852844978170852
158.23,2.55729828814758,0.08948007650382654,-1.8330719386712884
158.24,2.55819460035638,0.08978224781933664,-1.8158073298625557
158.25,2.55909393075752,0.09008371512675417,-1.797635097793622
158.26,2.55999627231395,0.09038447894917923,-1.779901896256751
158.27,2.56090161799293,0.09068453970450345,-1.7624395503701253
158.28,2.56180996076576,0.0909838977808238,-1.74503350132138
158.29,2.56272129360746,0.091282553640748,-1.7291138517487625
158.3,2.56363560949649,0.09158050676895124,-1.7123702525440236
158.31,2.56455290140188,0.09187775750557256,-1.6947819545650942
158.32,2.56547316230885,0.09217430706274603,-1.678993179118017
158.33,2.56639638520567,0.09247015539168106,-1.663282977886942
158.34,2.56732256307928,0.09276530247682344,-1.647544993640079
158.35,2.56825168891832,0.09305974850092695,-1.6320996422966938
158.36,2.56918375571283,0.09335349358966147,-1.6167498377860956
158.37,2.57011875645396,0.09364653791100372,-1.602329160602518
158.38,2.57105668413364,0.09393888100244219,-1.5881999769058237
158.39,2.57199753173548,0.09423052236582723,-1.5725615159539508
158.4,2.5729412922447,0.09452146293083738,-1.557960039889302
158.41,2.57388795865854,0.09481170293798395,-1.5444932211367812
158.42,2.57483752396642,0.09510124177957158,-1.530512741291141
158.43,2.57578998115668,0.09539007939050789,-1.516852839561821
158.44,2.57674532321627,0.09567821561891807,-1.50333109994368
158.45,2.57770354313048,0.09596565032098012,-1.4901751154726728
158.46,2.57866463388255,0.09625238309734312,-1.4786214174715888
158.47,2.5796285884484,0.09653841239625205,-1.4646108636126431
158.48,2.58059539978795,0.09682373893931859,-1.4508484172010219
158.49,2.58156506088613,0.09710836340766082,-1.4395536453032982
158.5,2.58253756471167,0.09739228444759866,-1.4271089691672403
158.51,2.58351290422924,0.09767550174022052,-1.4150426400871567
158.52,2.58449107239912,0.09795801483231115,-1.4031708455252454
158.53,2.5854720621769,0.0982398232342585,-1.3910706801794155
158.54,2.58645586651307,0.09852092664867085,-1.381680267645414
158.55,2.58744247835273,0.09880132259288225,-1.3693589098216767
158.56,2.58843189060792,0.09908101134265361,-1.3563843624599767
158.57,2.58942409622455,0.09935999392924888,-1.3468652033944615
158.58,2.59041908812651,0.0996382683969177,-1.3358551161232948
158.59,2.59141685922994,0.09991583410215629,-1.325212189518776
158.6,2.59241740244341,0.100192690270177,-1.3147419599144199
158.61,2.59342071066749,0.10046883608834471,-1.3040768518386134
158.62,2.59442677679449,0.1007442709159867,-1.295652411543097
158.63,2.59543559370798,0.10101899219215893,-1.2856777089865095
158.64,2.59644715425741,0.10129299896133685,-1.2738077916447639
158.65,2.59746145130779,0.10156629218766404,-1.2647045216146655
158.66,2.59847847771761,0.10183887038640964,-1.25565076298558
158.67,2.59949822632706,0.10211073199150045,-1.2461953330219537
158.68,2.6005206899652,0.10238187593092733,-1.2369973282610216
158.69,2.60154586144953,0.10265230103216154,-1.2277126121133186
158.7,2.60257373358566,0.10292200622781986,-1.2197087293229527
158.71,2.60360429916688,0.10319098926604062,-1.2121780933880575
158.72,2.60463755095666,0.10345924764482892,-1.2016173414011984
158.73,2.60567348170561,0.10372678191481836,-1.1924997427808925
158.74,2.60671208417812,0.1039935913737485,-1.185341072746128
158.75,2.60775335110878,0.10425967342124014,-1.1769481025828818
158.76,2.60879727521717,0.10452502666341568,-1.1689039565044221
158.77,2.60984384920746,0.10478964953615963,-1.1609116887765343
158.78,2.61089306576795,0.10505354048785018,-1.1531400651412904
158.79,2.61194491757068,0.10531669769066054,-1.1476342702897337
158.8,2.61299939726439,0.10557911727516375,-1.1387943281043724
158.81,2.6140564974561,0.10584079879764434,-1.1298308020994616
158.82,2.61511621077829,0.1061017420792602,-1.1241024635995347
158.83,2.61617852982616,0.10636194375982881,-1.11678009718416
158.84,2.61724344717536,0.10662140201090169,-1.109588836293583
158.85,2.61831095538148,0.10688011496656769,-1.1037279030076375
158.86,2.61938104697954,0.10713807939185158,-1.0986205679650345
158.87,2.62045371446361,0.10739529154798848,-1.0891330553157494
158.88,2.62152895030538,0.10765175233159822,-1.0812455556354248
158.89,2.62260674700244,0.1079074611502473,-1.0762766346561956
158.9,2.62368709701039,0.10816241437972737,-1.0692803123254913
158.91,2.62476999276566,0.10841661047118849,-1.0610984951466156
158.92,2.62585542668557,0.10867004814082426,-1.070889451477224
158.93,2.62694339114734,0.10892270837035516,-1.056113792417175
158.94,2.62803387828693,0.10917459813624872,-1.0370354219934181
158.95,2.6291268805721,0.10942572946441853,-1.0421657037461487
158.96,2.6302223903073,0.10967608894326686,-1.0346028477809404
158.97,2.63132039977457,0.1099256755034824,-1.0259421903157573
158.98,2.6324209012335,0.11017448895092041,-1.0351247718712666
158.99,2.63352388692128,0.11042251050890443,-1.0283453452789002
159.0,2.63462934880687,0.11066973906159738,-1.0070479968411834
159.01,2.63573727910046,0.11091618965051175,-1.007615002369941
159.02,2.63684766997955,0.11116185408842998,-1.004686618131326
159.03,2.63796051354466,0.11140672683439916,-0.9972765363158036
159.04,2.63907580186986,0.11165080694665783,-0.9993261408022516
159.05,2.64019352700281,0.11189408288208395,-1.0045395544302882
159.06,2.64131368081115,0.11213654062083671,-0.9852192969763027
159.07,2.64243625512913,0.11237819357631981,-0.9750970838583772
159.08,2.64356124200592,0.1126190455539966,-0.9792454787006227
159.09,2.64468863333181,0.11285908394518633,-0.9728092479088661
159.1,2.64581842096611,0.11309830714842559,-0.9675436708584365
159.11,2.64695059673723,0.1133367114329098,-0.9838441667439777
159.12,2.64808515239147,0.11357427028572491,-0.9673153931457238
159.13,2.64922207936274,0.11381099442599649,-0.9471076581324978
159.14,2.6503613695359,0.11404689939578105,-0.9576325819482521
159.15,2.65150301456155,0.11428196598001947,-0.9515767905130066
159.16,2.65264700605446,0.11451619225181602,-0.9438753852926325
159.17,2.65379333559362,0.11474957761049195,-0.9608783387713657
159.18,2.65494199472224,0.11498209408228692,-0.9530148509495682
159.19,2.65609297459053,0.1152137428095612,-0.9291974041967995
159.2,2.65724626673987,0.11544454397730552,-0.9360693934873437
159.21,2.65840186259751,0.11567448276636287,-0.9341362997888111
159.22,2.6595597535008,0.1159035528300804,-0.9280557099026436
159.23,2.66071993074601,0.11613175236964517,-0.9356482242799584
159.24,2.66188238558826,0.11635906340293398,-0.9424532531381175
159.25,2.66304710901283,0.11658547004566033,-0.9212561816150332
159.26,2.66421409202701,0.11681098985931357,-0.9145285656107704
159.27,2.66538332585053,0.11703562398878153,-0.9211217160366274
159.28,2.66655480150674,0.11725935685932276,-0.9160340666650825
159.29,2.66772850997202,0.11748218582623426,-0.9143525327205426
159.3,2.66890444217581,0.1177041031514281,-0.9356754871988224
159.31,2.67008258890394,0.11792507539239994,-0.9171411022345758
159.32,2.67126294058393,0.11814511727498515,-0.8969802560310756
159.33,2.67244548818989,0.11836424629273479,-0.9119933914081368
159.34,2.67363022239041,0.11858243739816995,-0.9074534510370753
159.35,2.67481713380065,0.11879968734260042,-0.8999110905244752
159.36,2.67600621298223,0.11901599530547888,-0.9283812244478941
159.37,2.67719745044334,0.11923131831633738,-0.917108826932743
159.38,2.67839083609527,0.11944566251900213,-0.8877936523195767
159.39,2.67958636050701,0.11965905704249824,-0.9038583213123977
159.4,2.68078401398931,0.11987147587666133,-0.9021351786031463
159.41,2.68198378675056,0.12008291216790701,-0.8973084213535527
159.42,2.68318566893847,0.12029336288591116,-0.9100818123128116
159.43,2.68438965064014,0.12050280258893986,-0.9231981012593927
159.44,2.68559572155964,0.12071120716792283,-0.8971912097414508
159.45,2.68680387140925,0.12091860198573483,-0.8900726673224354
159.46,2.6880140902312,0.12112498968083937,-0.9025393701293636
159.47,2.68922636777433,0.12133034694391162,-0.8990058285773475
159.48,2.69044069371858,0.12153466943274349,-0.895647087377382
159.49,2.69165705767502,0.12173795053667484,-0.9327074434155995
159.5,2.69287544910479,0.12194013535107295,-0.911091515258308
159.51,2.69409585679961,0.12214124387408173,-0.8810145422979169
159.52,2.69531827047317,0.12234130800094686,-0.9072417377627437
159.53,2.69654267935717,0.12254028802483793,-0.9032571485720774
159.54,2.69776907260516,0.12273817949658428,-0.897399195201133
159.55,2.69899743929255,0.12293497975706484,-0.9281740434635662
159.56,2.70022776841662,0.12313063988389494,-0.9293325484872427
159.57,2.701460048278,0.12332515063665137,-0.8948575179322967
159.58,2.70269426770269,0.1235185498763558,-0.9050875339215968
159.59,2.70393041550471,0.12371081850975167,-0.9129922705504423
159.6,2.70516848024514,0.12390193744993654,-0.9096106192754844
159.61,2.70640845039643,0.12409190164549555,-0.9190843466579371
159.62,2.70765031434246,0.12428068761516364,-0.9513528467236493
159.63,2.70889406008581,0.12446824501497478,-0.9225023864663122
159.64,2.71013967524636,0.12465460451293042,-0.9025923424742945
159.65,2.71138714822583,0.12483978629008372,-0.9283015960870554
159.66,2.71263646692107,0.1250237493671591,-0.9262041310992275
159.67,2.71388761912868,0.1252064870960634,-0.9176346605489455
159.68,2.7151405925451,0.12538799834706701,-0.9747552429426322
159.69,2.71639537476654,0.12556819851902157,-0.9549713602379752
159.7,2.7176519522223,0.12574710624534044,-0.9091163113294084
159.71,2.718910312724,0.12592477647414374,-0.9467458631630036
159.72,2.72017044345534,0.1261011534820537,-0.9454254763876476
159.73,2.72143233145396,0.1262762283120833,-0.9413361371967047
159.74,2.72269596364413,0.12644999573802052,-0.97362351096035
159.75,2.72396132683687,0.12662240081922443,-0.9955174356361222
159.76,2.72522840703006,0.12679340589673016,-0.9516059129213007
159.77,2.72649719044309,0.12696306368842708,-0.9497653445367911
159.78,2.72776766378628,0.1271313713711697,-0.9736715277812708
159.79,2.72903981324402,0.1272982877877249,-0.9738138477878695
159.8,2.73031362487296,0.12746380348176434,-0.9624839670618512
159.81,2.731589084602,0.1276279188538343,-1.045760026144016
159.82,2.73286617823231,0.12779051062705346,-1.018827675630531
159.83,2.73414488985636,0.12795160800018376,-0.9524715860588202
159.84,2.73542520563259,0.1281112964638435,-1.0071511310315104
159.85,2.73670711084422,0.12826949642225455,-1.0070736230410227
159.86,2.73799059055953,0.12842619535225291,-1.0069606904777872
159.87,2.73927562970121,0.12858138353798826,-1.0241951809821899
159.88,2.74056221304624,0.12873502211834995,-1.088998089982541
159.89,2.74185032471334,0.12888701245110287,-1.0394671352707578
159.9,2.74313994800237,0.12903741630606222,-1.0024840566953959
159.91,2.74443106785612,0.12918628023124157,-1.054644771931909
159.92,2.74572366823175,0.1293335247516773,-1.0530079824948095
159.93,2.74701773292063,0.129479140115026,-1.0463415592823495
159.94,2.74831324554825,0.1296231215105026,-1.11516927627319
159.95,2.74961018957432,0.12976535954591548,-1.130076779775678
159.96,2.75090854688001,0.12990582490294278,-1.0587893405769462
159.97,2.7522083004292,0.130044611851247,-1.079815483932619
159.98,2.75350943339894,0.13018168672300398,-1.107297487588058
159.99,2.75481192830361,0.13031699963315102,-1.1097955581464065
160.0,2.75611576746853,0.1304505368172467,-1.101282780538035
160.01,2.75742093302994,0.13058229028617419,-1.2300286699485343
160.02,2.75872740679151,0.13071206763481208,-1.175218061651304
160.03,2.76003516805311,0.1308399391472574,-1.084102645058885
160.04,2.76134419953771,0.13096602997135037,-1.1775222233163245
160.05,2.76265448230187,0.13109020351890951,-1.172978576558999
160.06,2.76396599718503,0.13121245014916147,-1.1729927180851403
160.07,2.7652787248094,0.1313327574040235,-1.2198033832824686
160.08,2.76659264558005,0.1314510404521833,-1.2939157116855045
160.09,2.76790773857355,0.13156718376916196,-1.217153824176576
160.1,2.76922398244397,0.13168129099532985,-1.1896985307232153
160.11,2.77054135766846,0.1317933979795812,-1.2559494631246224
160.12,2.77185984341989,0.13190340105799042,-1.2576537637794862
160.13,2.77317941862336,0.13201128425851158,-1.2506777101074853
160.14,2.77450006195621,0.13211703996341972,-1.3538517125751381
160.15,2.775821751848,0.13222050529582882,-1.3590478848738263
160.16,2.7771444644214,0.13232166299482023,-1.2789628973197633
160.17,2.77846817770938,0.13242062229327223,-1.3293914473915323
160.18,2.77979286928787,0.1325173064152437,-1.348873614650715
160.19,2.78111851610457,0.13261167185890285,-1.3687473131427321
160.2,2.78244509481309,0.13270367129225952,-1.4482347822406059
160.21,2.78377258128807,0.1327931782739415,-1.4154520291619839
160.22,2.7851009502008,0.13288023138167127,-1.383910570650867
160.23,2.78643017781338,0.1329648697921367,-1.445061399258707
160.24,2.78776023924977,0.13304699739898157,-1.4410565449341826
160.25,2.78909110930477,0.13312659978076774,-1.518616007423308
160.26,2.79042276244404,0.13320355040866705,-1.5360662683500734
160.27,2.79175517139385,0.13327781342508857,-1.4881751490515895
160.28,2.79308830991337,0.1333494507299952,-1.5265052477623349
160.29,2.7944221514484,0.13341840043158415,-1.550159613596563
160.3,2.79575666879284,0.13348461382043006,-1.5731313629184442
160.31,2.79709183437782,0.13354803541208993,-1.687614976790375
160.32,2.79842761969028,0.1336084857102275,-1.6439900863698287
160.33,2.79976399437847,0.13366601978113124,-1.5938251556630658
160.34,2.80110093051281,0.13372070553818358,-1.6806895910170934
160.35,2.80243839858432,0.13377241008845075,-1.6715036909123762
160.36,2.8037763686725,0.1338211210823855,-1.7904939835399443
160.37,2.80511481044538,0.13386664720900593,-1.8243051499134775
160.38,2.8064536908714,0.13390892810624852,-1.7393845896628506
160.39,2.80779297851044,0.13394808186265966,-1.789098655365733
160.4,2.80913264182023,0.1339840321530006,-1.8323153036146707
160.41,2.8104726482125,0.13401670025676715,-1.8553601592014832
160.42,2.81181296462952,0.13404602645498515,-2.002462772487488
160.43,2.81315355695395,0.134071781946928,-1.9563900555144689
160.44,2.81449438857723,0.13409402582766905,-1.8928709823224752
160.45,2.81583542596055,0.13411284670341214,-2.003877293887568
160.46,2.817176633583,0.13412807697253948,-1.998131179873785
160.47,2.8185179753957,0.13413969696373096,-2.132579449907799
160.48,2.81985941482173,0.13414749049907027,-2.1875150338037557
160.49,2.82120091223474,0.13415136602086264,-2.095724952163369
160.5,2.82254242943543,0.13415145277050716,-2.146844655533641
160.51,2.8238839283828,0.13414767360213262,-2.2086285862248665
160.52,2.82522536967375,0.13413992330315966,-2.2322091088653426
160.53,2.82656671330904,0.13412813615664895,-2.437065481664094
160.54,2.82790791804897,0.1341119979437459,-2.3799254102185117
160.55,2.82924893904576,0.1340915853018358,-2.287057252533193
160.56,2.83058973581426,0.13406703240742188,-2.4399690194307664
160.57,2.83193026519514,0.13403811321410036,-2.437360060608921
160.58,2.83327048335512,0.13400480062607154,-2.588497839635909
160.59,2.83461034578695,0.13396685077815923,-2.692890014324868
160.6,2.83594980447361,0.13392409731275795,-2.607671244590958
160.61,2.83728881204968,0.13387665898659437,-2.6489116435899365
160.62,2.83862732177943,0.13382447378550064,-2.74047182970463
160.63,2.83996528515512,0.13376738492560197,-2.882515108870305
160.64,2.84130265246287,0.13370516629175322,-2.8918497030372086
160.65,2.84263937132613,0.13363779500948175,-2.87157149067176
160.66,2.8439753911925,0.1335652952759355,-2.9760066979118105
160.67,2.84531065959102,0.1334875042633336,-3.0679238669738216
160.68,2.84664512314888,0.13340426843673203,-3.14006142005974
160.69,2.84797872646557,0.13331547283359133,-3.1490771219975957
160.7,2.84931141397649,0.1332210974568297,-3.2089166477057227
160.71,2.85064312947187,0.13312104840815428,-3.2884965643479855
160.72,2.85197381550446,0.1330151848874158,-3.4915351851758896
160.73,2.85330341288035,0.13290319678806636,-3.4849461748070585
160.74,2.85463185905784,0.13278508740515543,-3.4512588245534697
160.75,2.85595909428434,0.13266090701424077,-3.5697575110448874
160.76,2.85728505624776,0.1325304644506864,-3.8053688092570055
160.77,2.858609681558,0.13239338854674396,-3.9058636494055556
160.78,2.85993290151304,0.13224952455633082,-3.806267096129779
160.79,2.86125464978097,0.13209901670227694,-3.926828840090338
160.8,2.86257485908476,0.1319416919232319,-4.057904828383921
160.81,2.86389346012749,0.13177733093823196,-4.281422618706534
160.82,2.86521038125441,0.13160559482826203,-4.2843737121297725
160.83,2.86652554742558,0.13142647535306917,-4.276815653812823
160.84,2.86783888609009,0.13123998680007282,-4.42701511111886
160.85,2.86915032177056,0.1310458970756545,-4.657717447381438
160.86,2.87045977759824,0.1308438498321,-4.754389172637579
160.87,2.8717671718417,0.130633699996278,-4.714738005378273
160.88,2.87307242467936,0.13041550658126438,-4.858459596289166
160.89,2.87437545441997,0.13018906088557713,-5.022350844718724
160.9,2.87567617743465,0.1299540928262529,-5.321655326652034
160.91,2.87697450657775,0.12971015709533446,-5.297434411089431
160.92,2.87827035080245,0.12945728873998327,-5.288932108886977
160.93,2.87956362251093,0.12919551101366888,-5.4784624958422015
160.94,2.88085423025129,0.12892453026217185,-5.816441690341891
160.95,2.88214208084683,0.1286438272952569,-5.945397655546523
160.96,2.88342707385819,0.1283532074992174,-5.877340743622969
160.97,2.8847091120907,0.12805276855134923,-6.1076679937921305
160.98,2.88598809530234,0.12774216716557873,-6.404155445263595
160.99,2.88726392017387,0.1274209493548247,-6.496317749058312
161.0,2.88853647846368,0.127088972729487,-6.527436428655722
161.01,2.88980566345884,0.1267461860382698,-6.79357870299648
161.02,2.89107136485456,0.12639219139466418,-6.988163026348507
161.03,2.89233346897632,0.12602668525082777,-7.09493336641297
161.04,2.89359185963616,0.1256495054810995,-7.1937036535187495
161.05,2.89484641948154,0.12526048642675924,-7.538643456774991
161.06,2.89609702823859,0.12485909851606877,-7.7058371729790265
161.07,2.89734355942455,0.1244450758429309,-7.72764981100281
161.08,2.89858588735831,0.1240183745562636,-7.937171708950803
161.09,2.89982388333815,0.12357864528413551,-8.405838346339488
161.1,2.90105741460064,0.12312514631613129,-8.490679248181968
161.11,2.90228633992909,0.12265772300376065,-8.436458481661484
161.12,2.90351052252789,0.12217642827616615,-8.861756577649135
161.13,2.9047298199957,0.12168057303049151,-9.193747176890342
161.14,2.90594408374038,0.12116958587458093,-9.241908831050951
161.15,2.90715316086535,0.12064335137093782,-9.314975114490164
161.16,2.90835689918014,0.12010170473093496,-9.728102269921362
161.17,2.90955514134927,0.11954393749884126,-9.914905759892857
161.18,2.91074772304403,0.11896967716791644,-9.971400984727824
161.19,2.91193447927661,0.11837876541824037,-10.175423893863284
161.2,2.91311524133871,0.11777078406160676,-10.548050893596914
161.21,2.91428983585652,0.11714502230608659,-10.662865394923509
161.22,2.91545808159592,0.11650118591807201,-10.663506314816965
161.23,2.91661979865756,0.11583915341225234,-11.027392348180785
161.24,2.91777480143686,0.11515815910750904,-11.405523478181026
161.25,2.91892289617457,0.11445738068373013,-11.3880795483173
161.26,2.9200638826391,0.1137366841244177,-11.35127173266293
161.27,2.92119756259343,0.1129959366851637,-11.893411711322676
161.28,2.92232373069281,0.1122339292918532,-12.126312843801994
161.29,2.92344216820203,0.11144995358801277,-12.029737034532468
161.3,2.92455265599288,0.11064390887799055,-12.232922396415919
161.31,2.92565497056343,0.10981512406266955,-12.397714082627616
161.32,2.92674888051865,0.10896293196725657,-12.466838390092713
161.33,2.92783414952067,0.10808682633558128,-12.49624390594585
161.34,2.92891053581473,0.10718635927274475,-12.533786330326231
161.35,2.9299777937718,0.10626102774132784,-12.575673414734716
161.36,2.93103567141496,0.10531025133232452,-12.739546681304496
161.37,2.93208391099355,0.10433311273622867,-12.815826401075462
161.38,2.93312224342885,0.10332884635823789,-12.628034445213666
161.39,2.93415039635457,0.10229723173857583,-12.844903129515869
161.4,2.93516809274013,0.10123700612673833,-12.969489467424042
161.41,2.93617503767516,0.10014702842350287,-12.69648548235416
161.42,2.93717093325836,0.09902713119444759,-12.7322321403989
161.43,2.93815547708959,0.09787628550540495,-12.751901247408954
161.44,2.93912835231224,0.09669337679541294,-12.566805713130362
161.45,2.94008923584555,0.0954778315156668,-12.385373529589295
161.46,2.94103779809059,0.09422904981858753,-12.220754620845465
161.47,2.94197370353451,0.09294630084141961,-12.09072367289427
161.48,2.94289660784569,0.0916286537991362,-11.891311964073742
161.49,2.94380615778538,0.09027535020594095,-11.663810968092964
161.5,2.94470199364165,0.08888569601133527,-11.418405533084993
161.51,2.94558374787748,0.0874589824163478,-11.309690852611787
161.52,2.94645104506113,0.0859937877380886,-11.159079092897978
161.53,2.94730349125126,0.08448875876599557,-10.762094903598841
161.54,2.94814068610332,0.0829436515836816,-10.621107989747877
161.55,2.94896222516308,0.08135684332300683,-10.496312626328244
161.56,2.94976767816565,0.07972641221051235,-10.09377879359381
161.57,2.95055660655114,0.0780519945000687,-9.808814698949263
161.58,2.95132856774254,0.07633254762549428,-9.580145046140128
161.59,2.95208310243819,0.07456651114018387,-9.28290552349389
161.6,2.95281973954699,0.07275279565716053,-8.841392359533327
161.61,2.95353799964992,0.07089160566690067,-8.549563852189518
161.62,2.95423740995752,0.06898196282792239,-8.302805055843228
161.63,2.9549174730424,0.06702241767702066,-7.929815369970103
161.64,2.95557769114748,0.06501283683377398,-7.632791098832989
161.65,2.95621755904836,0.06295231961142753,-7.5089358480640085
161.66,2.95683655758515,0.06083756820731331,-7.209295602218727
161.67,2.95743412619039,0.05866746060931109,-6.871016777251616
161.68,2.95800972009884,0.0564416155478568,-6.688103886006701
161.69,2.95856276388476,0.05415718406867054,-6.4055402348573045
161.7,2.95909266527437,0.051812982935513695,-6.061401698635641
161.71,2.95959882550639,0.049409599084848654,-5.823746896379308
161.72,2.96008065511962,0.0469455713356437,-5.591663422170454
161.73,2.96053753075658,0.044419445338424644,-5.295556587677014
161.74,2.96096883871561,0.04183196701160741,-5.082527449659931
161.75,2.9613739608337,0.03918179163855766,-4.885186979168973
161.76,2.96175225969519,0.03646700220264106,-4.660642565873836
161.77,2.96210308359659,0.033687115740917616,-4.4608796126991015
161.78,2.96242578055441,0.030840924699770955,-4.286029100668104
161.79,2.96271967381855,0.02792606322533272,-4.090951945090385
161.8,2.9629840705069,0.02494179808064286,-3.907031480980222
161.81,2.96321827562947,0.021887384249515605,-3.742291042920173
161.82,2.96342157927209,0.018761038136668372,-3.5699575882847854
161.83,2.96359325783013,0.015562945078969234,-3.4024897083170944
161.84,2.96373260353578,0.012294847396828365,-3.263882679192963
161.85,2.96383891632951,0.008955149137346297,-3.128275227226208
161.86,2.96391146557951,0.005543009730013537,-2.995834017232356
161.87,2.96394953628349,0.0020589606869754937,-2.874957841712572
161.88,2.96395240200002,-0.0014979710662443857,-2.758963507159948
161.89,2.96391933241115,-0.005128271000742757,-2.649263550440621
161.9,2.96384959112874,-0.008832335444900846,-2.5483061444239947
161.91,2.96374244183334,-0.012609445205328623,-2.4507827161090674
161.92,2.96359715763093,-0.016459987269819752,-2.359714221813308
161.93,2.96341299785331,-0.020384040317985207,-2.2825804471784212
161.94,2.96318923776088,-0.024379543049668495,-2.1990014117596033
161.95,2.9629251677111,-0.028447099784349266,-2.133607554534834
161.96,2.96262006165921,-0.032584841656491115,-2.06942621081713
161.97,2.96227324101407,-0.03679135641025585,-2.0005398373500864
161.98,2.96188400518342,-0.04106703377284952,-1.954961598828766
161.99,2.96145167867401,-0.0454089789704996,-1.8971899445495184
162.0,2.96097560699147,-0.04981669895435248,-1.8561568022810642
162.01,2.96045513295493,-0.05428792687540337,-1.8162259572065347
162.02,2.9598896433053,-0.058820587016657676,-1.7704054222771068
162.03,2.9592785204097,-0.0634138450126757,-1.7524697161144311
162.04,2.95862117707163,-0.0680636293642604,-1.7147502533408532
162.05,2.95791706448709,-0.07276859937984659,-1.6947919027577294
162.06,2.95716563144813,-0.07752572597750085,-1.6810616778543532
162.07,2.95636638734728,-0.08233142925993346,-1.6516994133119365
162.08,2.95551884707045,-0.08718424072075386,-1.6551037933841524
162.09,2.95462256097684,-0.09207928907274399,-1.6394690944481611
162.1,2.9536771293711,-0.097013970701935,-1.6316314076253113
162.11,2.95268216044121,-0.10198517692249962,-1.6405429905229822
162.12,2.95163731926964,-0.10698818695741297,-1.636529530702058
162.13,2.95054230139586,-0.11201988056190142,-1.6434208249136029
162.14,2.94939683944319,-0.1170762844204809,-1.6552938625525022
162.15,2.94820070749704,-0.1221531350886984,-1.6681846550181814
162.16,2.94695372220954,-0.12724633219165876,-1.6818324445668518
162.17,2.9456557397373,-0.132351930585987,-1.7051038158688026
162.18,2.94430665722827,-0.13746538048050966,-1.7247193516712562
162.19,2.9429064193172,-0.142582688843181,-1.7487175696932
162.2,2.9414550045064,-0.14769974169985084,-1.7826310286157374
162.21,2.93995244062352,-0.15281185965185426,-1.8092582410941853
162.22,2.93839879668281,-0.15791521696531716,-1.84591849943544
162.23,2.9367941798867,-0.16300548423680006,-1.8852581359349865
162.24,2.93513874464768,-0.16807840163883075,-1.9218702867361808
162.25,2.9334326824509,-0.17313018860418694,-1.9705272901129667
162.26,2.93167622539307,-0.17815652524093192,-2.0112762666458734
162.27,2.92986964848232,-0.18315391552458465,-2.0593010840998613
162.28,2.92801325592795,-0.18811866798623308,-2.1160543844839674
162.29,2.92610739659289,-0.19304684305507433,-2.1585235661635687
162.3,2.92415245043598,-0.1979356737759212,-2.2170636522145233
162.31,2.92214882571317,-0.20278169942142082,-2.2777561249487808
162.32,2.9200969697433,-0.207581624451747,-2.3270411021729136
162.33,2.91799735498202,-0.21233306738882946,-2.390969127194429
162.34,2.91585047952099,-0.21703311849002502,-2.452179842332973
162.35,2.91365687202135,-0.22167926907066632,-2.506209725182664
162.36,2.91141708027674,-0.22626960545974278,-2.572139882083962
162.37,2.9091316733165,-0.23080186144058454,-2.633014510046258
162.38,2.90680124253736,-0.23527421724517755,-2.6901134844198475
162.39,2.90442639347918,-0.23968521797859133,-2.752747297270297
162.4,2.9020077476476,-0.24403333782742065,-2.812508001796166
162.41,2.89954594035585,-0.24831732735284273,-2.869768671388887
162.42,2.89704161809001,-0.2525361874644213,-2.924115049702288
162.43,2.8944954363008,-0.2566891362599281,-2.982956841466265
162.44,2.89190805770293,-0.260775334066099,-3.0348067233535665
162.45,2.8892801536104,-0.2647942901172244,-3.078337424332132
162.46,2.88661239665474,-0.2687458491016703,-3.13399419507971
162.47,2.88390546272935,-0.2726295149614126,-3.1758128951745865
162.48,2.88116003254673,-0.27644528350814584,-3.207905419601762
162.49,2.87837678254169,-0.28019345446943883,-3.2572526364981034
162.5,2.87555638917444,-0.2838738356008971,-3.2858304151548414
162.51,2.87269953028736,-0.28748684521291057,-3.3032418735157205
162.52,2.8698068747842,-0.29103317358235203,-3.346365043149807
162.53,2.86687908884532,-0.29451280739707747,-3.3613788693155073
162.54,2.863916838468,-0.29792645568041215,-3.3622939849733773
162.55,2.86092077664541,-0.301275122994756,-3.39709337427287
162.56,2.85789155186657,-0.30455894565424674,-3.3989378264093313
162.57,2.85482981079325,-0.30777881549292063,-3.3858320967371487
162.58,2.85173618512923,-0.31093590587517594,-3.40800201188206
162.59,2.84861130060584,-0.3140305416498309,-3.3977780148886163
162.6,2.84545577907231,-0.31706371630321567,-3.373927064690607
162.61,2.84227022733587,-0.3200366527155755,-3.381548275522297
162.62,2.83905524492586,-0.32294985674411103,-3.360507492207033
162.63,2.83581142576011,-0.3258043719408299,-3.3277123335505534
162.64,2.83253934927552,-0.32860141701841855,-3.3226633344031766
162.65,2.82923958676605,-0.33134160996235085,-3.292461055858459
162.66,2.82591270301559,-0.33402600491156215,-3.2519569660813126
162.67,2.82255924887615,-0.33665579564891024,-3.2367829635874923
162.68,2.81917976674571,-0.3392316544954199,-3.1995719122527966
162.69,2.81577479208488,-0.341754611602596,-3.1538277493543037
162.7,2.81234484722488,-0.3442258041318591,-3.130220259745996
162.71,2.80889044610182,-0.34664593412383854,-3.087429062868413
162.72,2.80541209537705,-0.34901600220599666,-3.0361411195105474
162.73,2.8019102893971,-0.3513371155543251,-3.0067618369120104
162.74,2.79838551385184,-0.35360996977190273,-2.962442848526771
162.75,2.79483824776666,-0.3558354800001736,-2.909222920597342
162.76,2.79126895870616,-0.3580146849625043,-2.8700691997715033
162.77,2.78767810583168,-0.3601483581528268,-2.8266085784376664
162.78,2.7840661405675,-0.3622373133869187,-2.776340127630295
162.79,2.78043350563572,-0.36428245699183426,-2.7290533426354022
162.8,2.77678063474491,-0.3662846206789953,-2.6881424817729864
162.81,2.77310795408998,-0.36824451266234126,-2.639522600364796
162.82,2.76941588268306,-0.37016294707141373,-2.589920983240336
162.83,2.7657048306604,-0.37204074014723554,-2.545543694687748
162.84,2.76197520095684,-0.37387860957347846,-2.4988110910704404
162.85,2.75822738909789,-0.37567729299210856,-2.4525943964482826
162.86,2.7544617833318,-0.37743750955326527,-2.4071669688151895
162.87,2.75067876481913,-0.37915995488572907,-2.361999930144154
162.88,2.74687870787315,-0.3808453107253492,-2.317145044904808
162.89,2.74306198001498,-0.38249424581108993,-2.272767741192388
162.9,2.73922894218564,-0.38410741450281005,-2.22864064320335
162.91,2.73537994881638,-0.38568546001101306,-2.186040953244629
162.92,2.73151534802469,-0.3872289961462605,-2.1440428703359875
162.93,2.7276354819287,-0.3887386226517483,-2.1018130406581794
162.94,2.72374068662175,-0.39021493828113785,-2.061257091853726
162.95,2.71983129231107,-0.39165851253692247,-2.022034830334367
162.96,2.71590762367739,-0.39306989281592636,-1.9813886417662483
162.97,2.71196999987825,-0.3944496473778888,-1.9407588527871789
162.98,2.7080187342971,-0.3957983410861436,-1.9046779616585696
162.99,2.7040541349541,-0.3971164670416768,-1.869261179403465
163.0,2.70007650521453,-0.3984045086879292,-1.8296404151747578
163.01,2.69608614326269,-0.3996630126729239,-1.793771648885733
163.02,2.69208334180837,-0.4008924694249183,-1.761151646614926
163.03,2.68806838922557,-0.40209331816957555,-1.7270635887581205
163.04,2.68404156924856,-0.4032660224401593,-1.6908545402612645
163.05,2.68000316096456,-0.4044110787035075,-1.6589562405946845
163.06,2.67595343841311,-0.40552891833375665,-1.6295460872178016
163.07,2.67189267198639,-0.4066199355424812,-1.5968318943085118
163.08,2.66782112762325,-0.40768457681172876,-1.564315422451625
163.09,2.66373906691078,-0.4087232879508592,-1.5358124211420041
163.1,2.65964674702564,-0.4097364534831042,-1.5088872281773773
163.11,2.65554442175961,-0.410724436440002,-1.4779393178972726
163.12,2.65143234083186,-0.41168766265139806,-1.4491662435864139
163.13,2.64731074973334,-0.41262652787291687,-1.4238699630236442
163.14,2.64317989033365,-0.4135413748199072,-1.3984317537599773
163.15,2.63904000111868,-0.4144325516237187,-1.3697298185300395
163.16,2.63489131689297,-0.4153004575787267,-1.344775490175337
163.17,2.63073406840275,-0.4161454375990026,-1.3222097621805138
163.18,2.62656848351566,-0.41696780100817976,-1.2973623085821686
163.19,2.62239478661208,-0.4177678945877802,-1.2720014848847954
163.2,2.61821319868859,-0.41854607545948797,-1.2500953564334656
163.21,2.61402393713672,-0.41930264896483294,-1.2294641234722483
163.22,2.60982721676792,-0.42003790149752385,-1.2075395815313028
163.23,2.6056232491225,-0.42075214462283056,-1.1831053338751636
163.24,2.60141224275453,-0.4214457308278371,-1.161972963971283
163.25,2.59719440238434,-0.4221189618170159,-1.1451949177100595
163.26,2.59296993056198,-0.42277207352418394,-1.124870774265466
163.27,2.58873902700014,-0.42340535704383786,-1.104404733077721
163.28,2.58450188850383,-0.4240191141084648,-1.0824163311370694
163.29,2.5802587087644,-0.4246136680602549,-1.066156874018419
163.3,2.57600967836908,-0.425189255269931,-1.050202319166246
163.31,2.57175498608937,-0.4257461071592454,-1.031283995184969
163.32,2.56749481773598,-0.42628450513574706,-1.0121140349517246
163.33,2.56322935655871,-0.4268047375274124,-0.9958871824298073
163.34,2.55895878274009,-0.42730704698617694,-0.9814234408265904
163.35,2.55468327462554,-0.4277916499735265,-0.9644677964310012
163.36,2.55040300790896,-0.4282588028207505,-0.9482305869338046
163.37,2.54611815590649,-0.4287087554028254,-0.9320929364311439
163.38,2.54182888932618,-0.4291417551670692,-0.9184721745277572
163.39,2.53753537661164,-0.42955801183924835,-0.9044044549249354
163.4,2.53323778417021,-0.4299577425563528,-0.8898424514977201
163.41,2.52893627607944,-0.43034117611716605,-0.874314660261223
163.42,2.52463101417534,-0.43070855673294683,-0.8615101591501233
163.43,2.52032215778674,-0.43106008691580955,-0.8496907551296075
163.44,2.51600986463656,-0.4313959537659895,-0.8368958770038432
163.45,2.5116942901991,-0.4317163659256903,-0.819629088485867
163.46,2.50737558792614,-0.43202160324491423,-0.8059958884942089
163.47,2.50305390801446,-0.43231188760200306,-0.7982116709991225
163.48,2.49872939954883,-0.4325873503594887,-0.7845758085457141
163.49,2.49440220969286,-0.43284821049902245,-0.7727838389016226
163.5,2.49007248339648,-0.4330946605190659,-0.7654018817477399
163.51,2.48574036405554,-0.43332682794958355,-0.7520931910399513
163.52,2.48140599371256,-0.43354493280216566,-0.7389542024816489
163.53,2.47706951157545,-0.4337491941028319,-0.7321071025152375
163.54,2.47273105549202,-0.43393974115343664,-0.7151573361413311
163.55,2.46839076158356,-0.43411685301106473,-0.7061576676703449
163.56,2.46404876271585,-0.4342806876366567,-0.7011968700546659
163.57,2.45970519172742,-0.4344313391265805,-0.6880060624754786
163.58,2.4553601791593,-0.43456902777865664,-0.6787379675086773
163.59,2.45101385382635,-0.43469392064659684,-0.6692137041780194
163.6,2.44666634284073,-0.43480618594117226,-0.6600601700974394
163.61,2.44231777165645,-0.43490598692601157,-0.651067985657655
163.62,2.43796826411304,-0.43499348488033796,-0.6422217349470973
163.63,2.43361794243595,-0.4350688397123381,-0.6333170087260043
163.64,2.42926692726237,-0.43513221259815493,-0.6249719958322604
163.65,2.42491533761657,-0.43518375637936113,-0.6169293875865041
163.66,2.42056329106978,-0.43522361944966137,-0.6088517030739777
163.67,2.41621090366075,-0.4352519518430668,-0.6003867978150588
163.68,2.41185828994977,-0.43526891031800224,-0.5924140548875679
163.69,2.40750556287766,-0.43527464383647335,-0.5854611696429795
163.7,2.40315283404322,-0.43526928554143973,-0.5780968408298728
163.71,2.39880021366873,-0.43525297540233376,-0.5704975661831106
163.72,2.3944478105433,-0.43522586025892174,-0.5611901206580043
163.73,2.39009573192658,-0.43518811232199733,-0.5550834279751796
163.74,2.38574408333709,-0.43513985367131436,-0.5495504614480416
163.75,2.38139296949769,-0.4350811971228441,-0.5413187592190011
163.76,2.37704249355274,-0.4350122968004374,-0.5354934775472461
163.77,2.37269275730652,-0.4349332720778051,-0.5289494915949756
163.78,2.36834386142378,-0.43484425268550675,-0.5219183302426176
163.79,2.36399590511535,-0.4347453763980306,-0.5159849852896077
163.8,2.35964898634564,-0.4346367646836306,-0.5097085637262435
163.81,2.35530320184916,-0.4345185442956442,-0.5031015602509514
163.82,2.3509586470563,-0.4343908470195205,-0.4975793325730736
163.83,2.34661541611611,-0.4342537878228211,-0.49211028853144384
163.84,2.34227360212358,-0.4341074805563857,-0.48630492724858043
163.85,2.33793329692614,-0.4339520456994891,-0.47975655487784213
163.86,2.33359459120331,-0.43378761522575954,-0.4744620136016147
163.87,2.32925757423789,-0.43361430126898826,-0.4698509157851454
163.88,2.32492233444467,-0.43343220521623316,-0.464056179599923
163.89,2.3205889590093,-0.43324144682384363,-0.45867243235802363
163.9,2.31625753400054,-0.4330421409034132,-0.45320187361631603
163.91,2.31192814430371,-0.4328344027695589,-0.448514421970344
163.92,2.30760087370836,-0.4326183355829757,-0.443702979549916
163.93,2.30327580500421,-0.4323940442260995,-0.4386818285466425
163.94,2.2989530198745,-0.43216163750561626,-0.4335323576500595
163.95,2.29463259893996,-0.43192122619773643,-0.42894470984671473
163.96,2.29031462169503,-0.4316729121317568,-0.42462098413772037
163.97,2.28599916671218,-0.4314167929318306,-0.41993071013695077
163.98,2.28168631150807,-0.4311529720968969,-0.41521209468318937
163.99,2.2773761325961,-0.4308815539970978,-0.410656387276354
164.0,2.27306870541802,-0.4306026400288284,-0.40665227956541444
164.01,2.26876410447143,-0.4303163229748219,-0.4024230403021292
164.02,2.26446240331417,-0.4300226989151631,-0.3981292549610748
164.03,2.26016367452228,-0.4297218656870864,-0.3935114619617876
164.04,2.25586798969464,-0.42941392570799986,-0.389661125349736
164.05,2.25157541939764,-0.42909896936932,-0.38601646979171683
164.06,2.24728603340201,-0.42877708364783185,-0.3818717504808399
164.07,2.24299990050556,-0.4284483634592477,-0.37765067458216484
164.08,2.23871708859574,-0.428112905194585,-0.3737669883865319
164.09,2.23443766456259,-0.4277707995678985,-0.3703404224496942
164.1,2.2301616944816,-0.4274221301585909,-0.36651751612717287
164.11,2.22588924354059,-0.42706698636683454,-0.3627613693575474
164.12,2.22162037603877,-0.4267054571278184,-0.35888212160413924
164.13,2.21735515538397,-0.4263376328999202,-0.3553954088181128
164.14,2.21309364408398,-0.425963597968837,-0.35202708488777046
164.15,2.20883590385026,-0.4255834347513569,-0.3482982510609405
164.16,2.20458199552535,-0.42519723100200213,-0.34478900370319565
164.17,2.20033197908509,-0.42480507120956634,-0.3414580096646104
164.18,2.19608591368286,-0.4244070368775055,-0.3381054961721372
164.19,2.19184385765549,-0.42400320985640877,-0.33454825018129347
164.2,2.18760586851385,-0.4235936749236021,-0.3312590184296545
164.21,2.18337200291578,-0.4231785126873463,-0.3281232570613652
164.22,2.17914231675601,-0.4227578013004071,-0.324758413042856
164.23,2.17491686511525,-0.4223316222859097,-0.321388830435886
164.24,2.17069570226566,-0.4219000571673385,-0.3182590023687516
164.25,2.16647888166729,-0.42146318360685164,-0.31521643889815937
164.26,2.16226645603241,-0.42102107790732796,-0.3118783572534624
164.27,2.15805847728207,-0.4205738206216688,-0.3086957270166917
164.28,2.15385499653278,-0.42012148991065573,-0.3057051336584434
164.29,2.14965606414485,-0.4196641608011661,-0.302654507449739
164.3,2.14546172972393,-0.41920190918409705,-0.29937282965633283
164.31,2.14127204210741,-0.41873481418838177,-0.2963516671964188
164.32,2.13708704933535,-0.41826295092064114,-0.29346810169863613
164.33,2.13290679873882,-0.4177863922748326,-0.2903256648894077
164.34,2.12873133688569,-0.4173052148563524,-0.2871617698106973
164.35,2.12456070958311,-0.4168194954824308,-0.2842258513846479
164.36,2.12039496187243,-0.4163293073195703,-0.2813508793284329
164.37,2.11623413809063,-0.4158347225239223,-0.27818602955499155
164.38,2.1120782818242,-0.41533581729450064,-0.27515675703817066
164.39,2.10792743590014,-0.41483266575218136,-0.27226586255216656
164.4,2.10378164242385,-0.4143253396956611,-0.2693141877070093
164.41,2.09964094277809,-0.4138139117427183,-0.26613963143860986
164.42,2.09550537761128,-0.41329845751544675,-0.2631854953401612
164.43,2.09137498680871,-0.4127790492352531,-0.26033990732530876
164.44,2.08724980957066,-0.41225575733439734,-0.257247045634594
164.45,2.08312988436136,-0.4117286556302576,-0.2541495257855747
164.46,2.07901524891261,-0.41119781787800996,-0.2512015181167122
164.47,2.07490594021994,-0.4106633153577621,-0.24828625137854407
164.48,2.07080199458466,-0.410125218716347,-0.24513639715950794
164.49,2.06670344758069,-0.40958360171731156,-0.24207658849616182
164.5,2.06261033404457,-0.4090385366652479,-0.23911616687126167
164.51,2.0585226881053,-0.40849009413424325,-0.23608211775918267
164.52,2.05444054318137,-0.40793834555648,-0.23290845728252924
164.53,2.0503639319712,-0.40738336409769094,-0.2298518296650626
164.54,2.04629288643855,-0.40682522101493557,-0.2268393919343543
164.55,2.04222743785446,-0.406263986662477,-0.22368316496150115
164.56,2.03816761676924,-0.40569973314965224,-0.22053021025771066
164.57,2.03411345301622,-0.40513253232851526,-0.21741747118751095
164.58,2.03006497571059,-0.4045624551595221,-0.2142978457686172
164.59,2.02602221326468,-0.40398957241367295,-0.2111045526642706
164.6,2.02198519337606,-0.4034139555931497,-0.2079233422677041
164.61,2.01795394302962,-0.40283567576575585,-0.20473458867157668
164.62,2.01392848850129,-0.40225480378024425,-0.2015148295729574
164.63,2.00990885535841,-0.40167141055651445,-0.1983239915511547
164.64,2.00589506846001,-0.40108556632550607,-0.19507540292180764
164.65,2.00188715196616,-0.400497341793075,-0.19178205886544988
164.66,1.99788512932235,-0.39990680793266326,-0.18853463197275103
164.67,1.9938890232723,-0.39931403471067756,-0.1853014255683019
164.68,1.98989885586105,-0.398719091536424,-0.18198822495748956
164.69,1.98591464844104,-0.3981220485540856,-0.17865841301524774
164.7,1.98193642165664,-0.3975229757394931,-0.17540664875284293
164.71,1.97796419546351,-0.39692194166941663,-0.17205612505707515
164.72,1.97399798912955,-0.39631901580133116,-0.16871994318478073
164.73,1.97003782122465,-0.3957142669745876,-0.1654729184235552
164.74,1.96608370964192,-0.39510776246701,-0.16209725964125818
164.75,1.96213567159942,-0.39449957081664955,-0.15873706304975635
164.76,1.95819372362375,-0.3938897599315964,-0.15547623575862757
164.77,1.95425788157729,-0.39327839600375636,-0.15209271647065703
164.78,1.95032816065667,-0.3926655463314074,-0.14875891954667292
164.79,1.94640457538323,-0.39205127709934046,-0.14551901887117222
164.8,1.94248713963104,-0.39143565284167625,-0.14213218797683022
164.81,1.93857586662417,-0.39081873947474643,-0.13883409702297203
164.82,1.93467076892519,-0.39020060126682876,-0.13565211365555704
164.83,1.9307718584734,-0.38958130053283746,-0.13228921890133274
164.84,1.9268791465769,-0.3889609013592532,-0.12904790189939064
164.85,1.92299264390179,-0.38833946577592204,-0.12592203278962527
164.86,1.91911236051542,-0.38771705384582633,-0.12261937712230082
164.87,1.91523830587467,-0.3870937272973311,-0.11947037641166265
164.88,1.91137048882144,-0.3864695454007546,-0.11641675529814541
164.89,1.90750891762563,-0.38584456570448883,-0.11319692447296467
164.9,1.90365359997119,-0.38521884724416944,-0.11017288053654457
164.91,1.89980454295721,-0.3845924460683418,-0.1072256697721478
164.92,1.89596175314338,-0.3839654167297461,-0.10411290303560353
164.93,1.89212523653135,-0.383337815225752,-0.10124100097572176
164.94,1.88829499857188,-0.38270969402340504,-0.09842654385827715
164.95,1.8844710442123,-0.3820811043225866,-0.09545626033956317
164.96,1.88065337787379,-0.38145209862067897,-0.09276317509419653
164.97,1.87684200346534,-0.3808227254667562,-0.09010509973988287
164.98,1.87303692443068,-0.38019303240965735,-0.08731254643462817
164.99,1.86923814372343,-0.3795630680154982,-0.08482578843234295
165.0,1.86544566382767,-0.37893287658974745,-0.08235011832168918
165.01,1.86165948680312,-0.37830250172584123,-0.0797670602090359
165.02,1.85787961425897,-0.3776719876970813,-0.0775130446076769
165.03,1.85410604738093,-0.37704137427774975,-0.07524840158835841
165.04,1.8503387869738,-0.3764107007930062,-0.0729056091894979
165.05,1.84657783343509,-0.375780006900824,-0.07090610725001423
165.06,1.84282318678741,-0.37514932763948833,-0.06888028605820014
165.07,1.83907484671791,-0.37451869778974783,-0.06680926867943165
165.08,1.8353328125531,-0.3738881520905809,-0.06508117890117125
165.09,1.83159708329538,-0.37325772072100233,-0.06332043045751358
165.1,1.82786765765804,-0.3726274336859311,-0.06155280156605339
165.11,1.82414453404395,-0.37199732052942136,-0.06010642843211913
165.12,1.82042771058397,-0.371367406545912,-0.05863797898864284
165.13,1.81671718516635,-0.3707377167517345,-0.05719801417776269
165.14,1.81301295542275,-0.37010827532999446,-0.05604422672597957
165.15,1.8093150187644,-0.3694791026758367,-0.054896115452540806
165.16,1.80562337240797,-0.3688502186148376,-0.05380461590869906
165.17,1.80193801336921,-0.36822164186707623,-0.05294779658581163
165.18,1.79825893849501,-0.3675933880162556,-0.0521372915796196
165.19,1.79458614448477,-0.36696547164775106,-0.05141444033245847
165.2,1.7909196278944,-0.3663379059389941,-0.05086687612219476
165.21,1.78725938516206,-0.3657107016655836,-0.05040670363494145
165.22,1.78360541262601,-0.3650838681909056,-0.05006219866506637
165.23,1.77995770653752,-0.36445741321324276,-0.049833061710718114
165.24,1.77631626308099,-0.36383134276066764,-0.049731831701104214
165.25,1.77268107838749,-0.3632056610529196,-0.049773963914403044
165.26,1.76905214855705,-0.3625803704022527,-0.0498672519761391
165.27,1.76542946967235,-0.36195547221974567,-0.05013017814288061
165.28,1.76181303780814,-0.3613309657122514,-0.05056154599026042
165.29,1.75820284906258,-0.3607068479706636,-0.0509826351699103
165.3,1.75459889956436,-0.36008311591216313,-0.05161102029537384
165.31,1.75100118547859,-0.3594597639114072,-0.05242936565285974
165.32,1.74740970304568,-0.35883678406940883,-0.05317402561308253
165.33,1.74382444858251,-0.3582141690483487,-0.05416806294459558
165.34,1.74024541848405,-0.3575919085815819,-0.05538002143978
165.35,1.73667260927135,-0.35696998990139933,-0.05645121078336904
165.36,1.73310601758619,-0.35634840158259207,-0.0577842501233584
165.37,1.7295456401878,-0.3557271292265074,-0.05937073617296301
165.38,1.72599147400556,-0.3551061556020844,-0.06080721172691965
165.39,1.72244351613349,-0.3544854649791559,-0.06244517087024084
165.4,1.71890176382396,-0.3538650393910751,-0.06437351345014405
165.41,1.7153662145325,-0.3532448577030056,-0.06620358385304896
165.42,1.71183686592457,-0.3526248997884988,-0.06812348608577323
165.43,1.70831371586273,-0.3520051445351632,-0.07037241111506996
165.44,1.70479676244042,-0.3513855673354068,-0.07259323603542754
165.45,1.70128600400352,-0.35076614390767336,-0.07478318539198124
165.46,1.69778143913114,-0.3501468503003332,-0.07733441300606092
165.47,1.69428306665741,-0.34952765881792563,-0.07993270476676094
165.48,1.69079088570758,-0.34890854136951,-0.08238091327983663
165.49,1.68730489567319,-0.34828947146598827,-0.08521723735418917
165.5,1.68382509622172,-0.34767041868900195,-0.08817369584662132
165.51,1.68035148734645,-0.34705135153709027,-0.09086856994238893
165.52,1.67688406933634,-0.3464322412776685,-0.09397176739013802
165.53,1.6734228427746,-0.3458130551358296,-0.09726278827529201
165.54,1.66996780860024,-0.3451937586294955,-0.1001960280870404
165.55,1.66651896807395,-0.3445743210340876,-0.10354683701271446
165.56,1.66307632276668,-0.343954707583762,-0.10714419064250084
165.57,1.65963987463021,-0.34333488128124867,-0.11030720778352904
165.58,1.65620962596037,-0.3427148096574203,-0.11388780018773012
165.59,1.65278557937722,-0.3420944563000794,-0.11775252038969387
165.6,1.64936773790165,-0.3414737822465023,-0.1211539007576679
165.61,1.64595610491646,-0.3408527533540836,-0.1249368424709367
165.62,1.64255068414387,-0.34023133199625283,-0.12901247177816483
165.63,1.63915147971747,-0.3396094779273384,-0.1327147884325504
165.64,1.63575849614928,-0.3389871548776754,-0.1366287731034768
165.65,1.63237173831102,-0.3383643248453324,-0.14085934201202696
165.66,1.62899121147759,-0.33774094700349533,-0.14489728414726866
165.67,1.62561692132539,-0.337116982772571,-0.14891203884138043
165.68,1.62224887390466,-0.33649239415498766,-0.15328022051163062
165.69,1.61888707566029,-0.3358671400524353,-0.15760912723251838
165.7,1.61553153345539,-0.33524118015600957,-0.16173037853647332
165.71,1.61218225453752,-0.3346144765229024,-0.16622091451150037
165.72,1.60883924654122,-0.33398698804058363,-0.1707921848675365
165.73,1.60550251752968,-0.3333586732674976,-0.17502795312093877
165.74,1.60217207595754,-0.33272949433934185,-0.17962862049468875
165.75,1.59884793066018,-0.3320994103443331,-0.18439473032774972
165.76,1.59553009090594,-0.33146837927790496,-0.18874502042088648
165.77,1.5922185663582,-0.3308363634528448,-0.19344658223206224
165.78,1.58891336705505,-0.3302033223404074,-0.19835791756381063
165.79,1.5856145034674,-0.3295692139272481,-0.20284557798252256
165.8,1.58232198646039,-0.328934000582339,-0.2076240339667335
165.81,1.57903582727219,-0.32829764247449733,-0.2126189376630367
165.82,1.57575603756325,-0.32766009824116893,-0.21727310627092453
165.83,1.57248262938722,-0.32702133014549384,-0.22208754015033932
165.84,1.56921561516957,-0.3263812994876658,-0.22714181556526097
165.85,1.56595500774021,-0.3257399657829156,-0.23207873233451634
165.86,1.56270082032569,-0.32509729023133727,-0.23678852713950158
165.87,1.55945306653013,-0.32445323662366743,-0.24184193289015116
165.88,1.55621176031669,-0.3238077660524123,-0.24705606725166493
165.89,1.55297691606305,-0.3231608387286774,-0.2518073387438542
165.9,1.54974854851534,-0.32251241958892174,-0.2567957428145921
165.91,1.54652667276677,-0.32186247200482654,-0.2620299850145854
165.92,1.54331130429712,-0.32121095757291496,-0.26708767501871933
165.93,1.54010245895787,-0.32055784009124383,-0.2719635829414764
165.94,1.53690015295289,-0.31990308556175684,-0.27712985991897565
165.95,1.53370440282388,-0.31924665788466794,-0.28241114388436506
165.96,1.53051522549261,-0.3185885205252463,-0.2873272859081103
165.97,1.52733263822179,-0.317928640733998,-0.2924371514794955
165.98,1.5241566585992,-0.31726698466067094,-0.2977106632879219
165.99,1.52098730456468,-0.3166035175107459,-0.3028434352860251
166.0,1.51782459439501,-0.3159382063408286,-0.30786400289049576
166.01,1.51466854668956,-0.31527101978225947,-0.3130827046080269
166.02,1.51151918035914,-0.3146019252673382,-0.3183782230759384
166.03,1.50837651465159,-0.3139308901740764,-0.3233996072745866
166.04,1.50524056912333,-0.313257884822075,-0.3285691871326051
166.05,1.50211136362397,-0.31258287886558234,-0.3338614149570231
166.06,1.49898891831683,-0.3119058414425798,-0.3390325573321412
166.07,1.49587325366346,-0.31122674334182476,-0.3441347410032439
166.08,1.49276439041236,-0.31054555655983807,-0.34935850130656354
166.09,1.48966234958923,-0.30986225262575146,-0.35461913123488203
166.1,1.48656715251017,-0.30917680335750264,-0.35973257268357206
166.11,1.48347882076103,-0.30848918239191336,-0.36494428813897195
166.12,1.48039737618966,-0.307799363162851,-0.3701879180963471
166.13,1.47732284091218,-0.30710731942574787,-0.3753370527149884
166.14,1.47425523729891,-0.30641302630900297,-0.38054315424850094
166.15,1.47119458796612,-0.3057164590821652,-0.3857757463678154
166.16,1.46814091577826,-0.305017593394998,-0.39094056246964204
166.17,1.46509424383684,-0.30431640604973165,-0.39613813410846777
166.18,1.46205459547207,-0.30361287418907795,-0.4013630324086438
166.19,1.45902199424257,-0.3029069753322641,-0.40654283357709503
166.2,1.45599646392679,-0.3021986879678362,-0.4117276358050074
166.21,1.45297802851447,-0.301487991152342,-0.41694000504284984
166.22,1.44996671220341,-0.3007748643193364,-0.42213390770483855
166.23,1.44696253939381,-0.3000592876537515,-0.42731440902285606
166.24,1.44396553467983,-0.2993412420554102,-0.4325132376634591
166.25,1.44097572284428,-0.2986207088820007,-0.43770949635928386
166.26,1.43799312885382,-0.29789767011067875,-0.4428965496132089
166.27,1.43501777785157,-0.2971721083893264,-0.4481073905111262
166.28,1.43204969515143,-0.29644400682967886,-0.45325011851649294
166.29,1.42908890623188,-0.2957133498815878,-0.4580193098012375
166.3,1.42613543671586,-0.2949801251604915,-0.4637077750484924
166.31,1.4231893123528,-0.29424431329850476,-0.46993764785999415
166.32,1.42025055913805,-0.2935058922958441,-0.47315831514253154
166.33,1.41731920320522,-0.2927648637260194,-0.47857067722240615
166.34,1.41439527061072,-0.2920212125249899,-0.48583292245358756
166.35,1.41147878778128,-0.291274910144503,-0.4896177477074714
166.36,1.40856978124953,-0.29052595540199533,-0.4937804023395895
166.37,1.40566827753304,-0.28977434504816235,-0.5004913076765
166.38,1.40277430327304,-0.2890200564134249,-0.5064517141792777
166.39,1.39988788537514,-0.28826307381940586,-0.5091599513866168
166.4,1.39700905075594,-0.2875034063948327,-0.5153337592615483
166.41,1.39413782625457,-0.28674103759283776,-0.5227263162582684
166.42,1.39127423907586,-0.28597594291808565,-0.5250029754050073
166.43,1.38841831644564,-0.28520813603982176,-0.5306105383623918
166.44,1.38557008543467,-0.28443760685142316,-0.5380586961659208
166.45,1.38272957344983,-0.2836643320045888,-0.5417499737785895
166.46,1.37989680793155,-0.28288831642624046,-0.5461379428437632
166.47,1.37707181626123,-0.28210956089898176,-0.5528381020767086
166.48,1.37425462589702,-0.28132804931617444,-0.5586620072225104
166.49,1.37144526448147,-0.28054377325958946,-0.5614391238222655
166.5,1.36864375961141,-0.2797567464689325,-0.5680072391663096
166.51,1.3658501387675,-0.27896695566866914,-0.5754092749560575
166.52,1.36306442976153,-0.27817438222400015,-0.5788829543448928
166.53,1.36028666036267,-0.2773790369735851,-0.5825956967715743
166.54,1.35751685823965,-0.27658092961440806,-0.5898119083698611
166.55,1.35475505102929,-0.275780044329745,-0.5970748336344984
166.56,1.35200126664822,-0.27497636635008815,-0.599579772274881
166.57,1.3492555329508,-0.27416991545957303,-0.6041961546741565
166.58,1.34651787757374,-0.2733606970834098,-0.6120696544851842
166.59,1.3437883282886,-0.2725486933076634,-0.6185158747604131
166.6,1.34106691300063,-0.2717338978732442,-0.620524180466033
166.61,1.33835365956284,-0.2709163360193353,-0.6263618070457673
166.62,1.33564859551245,-0.2700960067058315,-0.6347390273905612
166.63,1.33295174870548,-0.26927289130990184,-0.6397719265500974
166.64,1.33026314694645,-0.2684469956967547,-0.6423552707406847
166.65,1.32758281799203,-0.26761834331475537,-0.6489767937252654
166.66,1.32491078928846,-0.2667869298341656,-0.6573744239306699
166.67,1.32224708863933,-0.2659527394290817,-0.6613903564399841
166.68,1.31959174370495,-0.26511578696850246,-0.6650585486865208
166.69,1.31694478205544,-0.26427609071283387,-0.6720415344989235
166.7,1.31430623105356,-0.263433646193841,-0.6799866161104475
166.71,1.31167611831375,-0.2625884435111636,-0.6836942735853458
166.72,1.30905447131469,-0.26174050180174013,-0.688103803751929
166.73,1.30644131736582,-0.26088983632733637,-0.6956987275779662
166.74,1.30383668368633,-0.26003644105723944,-0.7030769954515024
166.75,1.30124059764615,-0.25918031236916533,-0.7069524385634276
166.76,1.2986530864842,-0.2583214706603406,-0.7116253712439969
166.77,1.29607417723308,-0.2574599315501691,-0.7195496783389012
166.78,1.29350389686101,-0.25659568946616584,-0.7268842355327455
166.79,1.29094227244665,-0.2557287436477559,-0.7307758201538159
166.8,1.2883893309287,-0.254859116499323,-0.7358789735385786
166.81,1.28584509901233,-0.2539868230820752,-0.7440348938302248
166.82,1.28330960336637,-0.25311185898533317,-0.7512545886361324
166.83,1.28078287071786,-0.2522342267420023,-0.7553312749653885
166.84,1.27826492765118,-0.25135394968974584,-0.7609247035960764
166.85,1.27575580049985,-0.25047104202541676,-0.7692465388626034
166.86,1.27325551558506,-0.24958550096600235,-0.7763639059546099
166.87,1.27076409923195,-0.24869733224041995,-0.7807076316893805
166.88,1.2682815776239,-0.24780655966258708,-0.7867857176495197
166.89,1.26580797667942,-0.2469131967039166,-0.7952878494679007
166.9,1.26334332232433,-0.24601724215733517,-0.8023598713180882
166.91,1.26088764043986,-0.24511870458066576,-0.8069742062734234
166.92,1.2584409567663,-0.2442176083126561,-0.8135303561542132
166.93,1.25600329676486,-0.2433139662652591,-0.8222566360336183
166.94,1.25357468592185,-0.2424077785777523,-0.8293663103242108
166.95,1.25115514963609,-0.24149905620607,-0.8340531442505034
166.96,1.24874471316547,-0.24058782524558991,-0.8411836425802266
166.97,1.24634340145855,-0.239674097565253,-0.8504120551100347
166.98,1.243951239531,-0.23875787308158536,-0.8573140439976609
166.99,1.24156825226816,-0.23783916612265904,-0.8631749899876101
167.0,1.23919446441214,-0.23691799861583024,-0.8695842315597528
167.01,1.23682990044239,-0.23599438910101117,-0.8788436932729056
167.02,1.23447458475874,-0.23506834013524158,-0.8869297981862257
167.03,1.23212854173308,-0.2341398616269197,-0.8933433401663219
167.04,1.22979179555389,-0.23320897460717416,-0.8993853242678209
167.05,1.22746437019882,-0.23227570235632528,-0.9085390793391777
167.06,1.22514628943752,-0.23134005084640327,-0.9176846647764735
167.07,1.22283757708488,-0.2304020266536718,-0.9246568255589374
167.08,1.22053825674394,-0.22946164994899765,-0.930719256753966
167.09,1.21824835184862,-0.2285189464672451,-0.9397787566439862
167.1,1.21596788554132,-0.22757392551951047,-0.9497059651384501
167.11,1.21369688103999,-0.22662659220825665,-0.9572402870068732
167.12,1.21143536133724,-0.22567696599316198,-0.9636374601940255
167.13,1.20918334928097,-0.2247250733099134,-0.9726888921271208
167.14,1.20694086738834,-0.2237709263250028,-0.9832043736600397
167.15,1.20470793824598,-0.2228145300329054,-0.9909965970678586
167.16,1.20248458421632,-0.2218559047682589,-0.9986877300593133
167.17,1.20027082750876,-0.22089507278642379,-1.007337435602538
167.18,1.19806669006277,-0.21993205122415316,-1.0177960756231192
167.19,1.19587219375195,-0.21896684840691333,-1.0268228089971316
167.2,1.19368736030874,-0.21799948078525072,-1.0353992920793322
167.21,1.19151221128535,-0.21702996848106765,-1.044091168011136
167.22,1.1893467680242,-0.21605833145551165,-1.0541728880031773
167.23,1.18719105169336,-0.21508458312500628,-1.0640519559881447
167.24,1.18504508334748,-0.21410873857882762,-1.073309995953526
167.25,1.18290888384659,-0.21313081683407473,-1.0832257954977482
167.26,1.1807824738795,-0.21215083448958283,-1.093277597879571
167.27,1.17866587396961,-0.21116880812742286,-1.1032022822130267
167.28,1.17655910447039,-0.21018475573507853,-1.1133045230034366
167.29,1.174462185549,-0.20919869519733977,-1.1236687956061726
167.3,1.17237513720283,-0.20821064380708484,-1.1342073848640863
167.31,1.17029797925281,-0.2072206185897485,-1.145292367460809
167.32,1.16823073135772,-0.2062286348874935,-1.155723336594164
167.33,1.16617341301889,-0.20523471201124485,-1.1663103689552452
167.34,1.16412604351797,-0.2042388693319223,-1.1776508196514213
167.35,1.16208864197616,-0.2032411233938325,-1.188836770586684
167.36,1.16006122733571,-0.2022414919705969,-1.2006913682121045
167.37,1.15804381836807,-0.20123999073433652,-1.2119870354810522
167.38,1.15603643368972,-0.20023663881490647,-1.2233506854675094
167.39,1.15403909169636,-0.19923145585282187,-1.2355160055390968
167.4,1.15205181061982,-0.1982244586238524,-1.2474949980958028
167.41,1.15007460851121,-0.19721566534149731,-1.2600300661257824
167.42,1.14810750324338,-0.19620509269466235,-1.2723039540678025
167.43,1.14615051252582,-0.1951927594237568,-1.2846459988711822
167.44,1.14420365386006,-0.19417868481749387,-1.2975980997136158
167.45,1.1422669445755,-0.19316288631949416,-1.3104744179480918
167.46,1.14034040181892,-0.19214538239024823,-1.3239029346384152
167.47,1.13842404255504,-0.19112619004942322,-1.3371451460244066
167.48,1.13651788358321,-0.1901053280442544,-1.3504474479872792
167.49,1.13462194149575,-0.1890828157515771,-1.364355131133052
167.5,1.13273623270991,-0.18805867085990488,-1.3781859090236255
167.51,1.13086077345883,-0.18703291208799952,-1.3927172484901011
167.52,1.12899557979104,-0.18600555619876133,-1.4069861555066485
167.53,1.12714066759535,-0.18497662203850926,-1.4212438762889907
167.54,1.12529605254592,-0.18394612943491429,-1.436266524963903
167.55,1.12346175014249,-0.18291409599057915,-1.4511876424734929
167.56,1.12163777570035,-0.1818805404605865,-1.4667964868486532
167.57,1.11982414434966,-0.18084547981858287,-1.4822619574098537
167.58,1.11802087105855,-0.17980893265365783,-1.4976675874828282
167.59,1.11622797058632,-0.17877091878733542,-1.5138021195273659
167.6,1.11444545751207,-0.17773145610100646,-1.5299786575939813
167.61,1.1126733462323,-0.17669056313132833,-1.5466892942531967
167.62,1.11091165095851,-0.17564825733282774,-1.5634580533315265
167.63,1.1091603857336,-0.17460455700658017,-1.580197525170621
167.64,1.10741956440241,-0.1735594816107596,-1.597524202861783
167.65,1.10568920062429,-0.17251304935283115,-1.6150547879613375
167.66,1.10396930787732,-0.1714652785748357,-1.6330163396572805
167.67,1.10225989945522,-0.1704161870127489,-1.6511702496677123
167.68,1.10056098847883,-0.16936579279241787,-1.6693321101012057
167.69,1.0988725878779,-0.16831411510517444,-1.6879991328203958
167.7,1.09719471039385,-0.16726117231941434,-1.7069993635210616
167.71,1.095527368588,-0.16620698258999478,-1.72624649100305
167.72,1.09387057483796,-0.165151564184259,-1.746070564246005
167.73,1.09222434134158,-0.16409493441274514,-1.7657897259662974
167.74,1.0905886801246,-0.16303711214832872,-1.7857740907445958
167.75,1.08896360301065,-0.1619781164350113,-1.8064529093774488
167.76,1.08734912164832,-0.16091796493291252,-1.8271959757789185
167.77,1.08574524750354,-0.15985667610275053,-1.8486364809790654
167.78,1.08415199185967,-0.15879426712708627,-1.8701412713722325
167.79,1.08256936583378,-0.15773075620116872,-1.8917191624600986
167.8,1.08099738034549,-0.15666616247742016,-1.914028107455382
167.81,1.07943604613424,-0.15560050374391343,-1.936591707918012
167.82,1.07788537376064,-0.15453379803424538,-1.9595644494963116
167.83,1.07634537360425,-0.15346606316583208,-1.9830637379124942
167.84,1.07481605586968,-0.15239731643650706,-2.006564626118776
167.85,1.07329743058646,-0.15132757643850175,-2.030480143185557
167.86,1.0717895075907,-0.1502568616219909,-2.0550578526075847
167.87,1.07029229654503,-0.14918518945699807,-2.0798122865996778
167.88,1.06880580693288,-0.14811257801476224,-2.105311230385202
167.89,1.06733004805874,-0.1470390442384173,-2.130883650224477
167.9,1.06586502906215,-0.1459646061919969,-2.1567148945569006
167.91,1.0644107588878,-0.14488928242443005,-2.1833488134645034
167.92,1.0629672463084,-0.14381309019399677,-2.210215256298055
167.93,1.06153449991967,-0.14273604728607578,-2.237636900969024
167.94,1.06011252814039,-0.14165817106967332,-2.265522167446045
167.95,1.05870133921805,-0.14057947883509375,-2.29362422743301
167.96,1.0573009412238,-0.1394999886025002,-2.3222684529389954
167.97,1.05591134204716,-0.1384197180787472,-2.3514931902191485
167.98,1.05453254940557,-0.13733868453809084,-2.38108135113169
167.99,1.05316457084166,-0.13625690549599428,-2.411378034063871
168.0,1.05180741372437,-0.13517439774150358,-2.4418920138170397
168.01,1.05046108525708,-0.1340911788871783,-2.4728184086664275
168.02,1.04912559245791,-0.1330072667536597,-2.5045234708603785
168.03,1.04780094217644,-0.13192267825957357,-2.536568205129598
168.04,1.04648714108969,-0.1308374307320078,-2.5692902040180288
168.05,1.04518419570247,-0.12975154097859543,-2.602465560124195
168.06,1.04389211235399,-0.12866502600058136,-2.635982434596313
168.07,1.04261089720827,-0.12757790333766303,-2.670190372841023
168.08,1.04134055625616,-0.1264901900254097,-2.704979567085138
168.09,1.04008109532035,-0.12540190292690823,-2.7402289230439814
168.1,1.03883252005368,-0.12431305909275289,-2.776283777380061
168.11,1.03759483593966,-0.12322367483024547,-2.8126728776042187
168.12,1.03636804830177,-0.12213376711783612,-2.8495024233445907
168.13,1.0351521622847,-0.12104335328742741,-2.887197742009172
168.14,1.03394718286814,-0.11995244980608592,-2.925373654663836
168.15,1.03275311486511,-0.1188610733759051,-2.964139990797199
168.16,1.03156996292178,-0.11776924065998728,-3.0037002047260306
168.17,1.03039773151893,-0.11667696775933638,-3.0436269382661214
168.18,1.0292364249779,-0.11558427145417031,-3.084118944102176
168.19,1.02808604744519,-0.11449116863482638,-3.125486638554084
168.2,1.02694660290636,-0.11339767544525556,-3.1673529335913964
168.21,1.02581809518279,-0.11230380832825868,-3.2099141719423323
168.22,1.02470052793213,-0.11120958353583177,-3.253193651155772
168.23,1.02359390465074,-0.11011501709540425,-3.2969649273224206
168.24,1.02249822867426,-0.10902012545483397,-3.341414071834928
168.25,1.02141350317128,-0.10792492497333495,-3.386658627649292
168.26,1.02033973115103,-0.10682943161124762,-3.43249544361227
168.27,1.0192769154617,-0.10573366148408647,-3.479086148678847
168.28,1.01822505879097,-0.10463763047091439,-3.526351392753882
168.29,1.01718416366889,-0.1035413544504075,-3.574211079845947
168.3,1.01615423246506,-0.10244484952700583,-3.622832302931553
168.31,1.01513526738847,-0.10134813159050812,-3.672195729760673
168.32,1.01412727049085,-0.1002512163734907,-3.7222221136141607
168.33,1.01313024366607,-0.0991541196678362,-3.7730510210803794
168.34,1.01214418865068,-0.09805685699084318,-3.8245292189287716
168.35,1.01116910702725,-0.09695944400382832,-3.876670658239536
168.36,1.01020500021919,-0.09586189647774654,-3.929634773379409
168.37,1.00925186949461,-0.09476422988292654,-3.9833060875452033
168.38,1.00830971596689,-0.09366645968741742,-4.037695606362165
168.39,1.0073785405948,-0.09256860133924165,-4.0928975148695
168.4,1.0064583441832,-0.09147067004283324,-4.148747606701338
168.41,1.0055491273858,-0.09037268118983385,-4.205311352889491
168.42,1.00465089070003,-0.08927465018541136,-4.262709003628692
168.43,1.00376363447222,-0.08817659214100568,-4.32079697007451
168.44,1.00288735889681,-0.08707852223067322,-4.379642321803752
168.45,1.00202206401696,-0.08598045553108169,-4.439260988112071
168.46,1.00116774972563,-0.08488240698430276,-4.499542404257125
168.47,1.00032441576651,-0.08378439167628926,-4.560563111951775
168.48,0.999492061731328,-0.0826864246291914,-4.622378393061971
168.49,0.998670687063699,-0.08158852065078086,-4.684885467426538
168.5,0.997860291058644,-0.08049069458185196,-4.748119631581459
168.51,0.997060872863132,-0.07939296120544152,-4.812079907096791
168.52,0.996272431476615,-0.07829533522335878,-4.87679210067168
168.53,0.99549496575212,-0.07719783118935175,-4.942131217704291
168.54,0.994728474397351,-0.07610046380731687,-5.008168420577161
168.55,0.993972955971742,-0.07500324772405458,-5.074960007074127
168.56,0.993228408890468,-0.07390619736152479,-5.142390270440928
168.57,0.992494831423943,-0.07280932717851074,-5.210491396735931
168.58,0.991772221698342,-0.07171265157335516,-5.279249212238258
168.59,0.991060577696155,-0.07061618487880043,-5.34866936868488
168.6,0.990359897256966,-0.06951994132091319,-5.418675901177403
168.61,0.989670178078391,-0.06842393517520289,-5.489291428087116
168.62,0.98899141771474,-0.0673281806656767,-5.5605346843096095
168.63,0.988323613579371,-0.06623269187256975,-5.632332429428149
168.64,0.987666762944688,-0.0651374828686907,-5.704688632396181
168.65,0.987020862942684,-0.06404256766652702,-5.777577145951983
168.66,0.986385910565486,-0.06294796023064339,-5.850960063689238
168.67,0.985761902665738,-0.06185367451286283,-5.924859095401199
168.68,0.985148835956798,-0.0607597243339586,-5.999221580643227
168.69,0.984546707014724,-0.0596661234565643,-6.0739934035578305
168.7,0.983955512277449,-0.058572885656912876,-6.149186775311878
168.71,0.983375248045734,-0.05748002462175883,-6.224756270114897
168.72,0.982805910483707,-0.05638755398433652,-6.300670292780175
168.73,0.982247495619399,-0.05529548733638109,-6.376843700802786
168.74,0.981699999344889,-0.05420383835252156,-6.453379788515521
168.75,0.981163417415556,-0.05311262041859018,-6.530165671887599
168.76,0.980637745455266,-0.052021846843870276,-6.607076845727596
168.77,0.980122978952646,-0.05093153109830366,-6.684196106864989
168.78,0.979619113262873,-0.04984168648982009,-6.761434161115658
168.79,0.979126143608208,-0.04875232627895761,-6.838753984825326
168.8,0.978644065078541,-0.04766346368342926,-6.916041900037162
168.81,0.978172872631465,-0.04657511205573099,-6.993424677516233
168.82,0.97771256109094,-0.045487284388000725,-7.070763157411344
168.83,0.977263125154088,-0.044399993580854225,-7.147897367074522
168.84,0.976824559386085,-0.04331325276767661,-7.224929186939712
168.85,0.976396858222328,-0.04222707488526489,-7.301745812608757
168.86,0.975980015968982,-0.0411414728275189,-7.378303842670133
168.87,0.975574026803495,-0.0400564594399716,-7.454470433183471
168.88,0.975178884774723,-0.03897204774064855,-7.53037142378889
168.89,0.974794583801053,-0.037888250345988195,-7.605857241797625
168.9,0.974421117678324,-0.03680507976512963,-7.680748887417126
168.91,0.974058480073821,-0.03572254878757934,-7.755146340874743
168.92,0.973706664528683,-0.03464066998564534,-7.828925593378055
168.93,0.973365664458435,-0.03355945588863207,-7.902039809933655
168.94,0.973035473153513,-0.03247891897175392,-7.974281746567394
168.95,0.972716083779097,-0.03139907212510636,-8.045927689310021
168.96,0.97240748937059,-0.03031992742415039,-8.116726354211446
168.97,0.972109682850063,-0.029241496811816908,-8.186396359373584
168.98,0.971822657012139,-0.02816379290912959,-8.255179059622554
168.99,0.971546404528907,-0.027086827907161586,-8.322880585822487
169.0,0.971280917950437,-0.026010613981540996,-8.38945099837872
169.01,0.971026189705307,-0.024935163255378666,-8.454821283878648
169.02,0.970782212101124,-0.023860487799555002,-8.518951876566097
169.03,0.970548977325048,-0.022786599551259206,-8.581598271664234
169.04,0.970326477444312,-0.02171351111890374,-8.642952767715272
169.05,0.970114704396962,-0.02064123452338492,-8.703027917483492
169.06,0.969913650010705,-0.019569780769613614,-8.761375201683544
169.07,0.969723305998998,-0.018499161760367665,-8.818098786345717
169.08,0.969543663952954,-0.017429389558938174,-8.873222762535296
169.09,0.969374715346198,-0.016360475852485644,-8.92661100710515
169.1,0.969216451535377,-0.015292432312757898,-8.978212160644606
169.11,0.969068863760681,-0.014225270560130898,-9.02796942915444
169.12,0.968931943146349,-0.013159002136175121,-9.075814252217357
169.13,0.968805680701189,-0.012093638636965592,-9.121557518953361
169.14,0.968690067315782,-0.011029192749726729,-9.165525881972918
169.15,0.968585093752581,-0.009965674966312215,-9.207413450026843
169.16,0.968490750687452,-0.008903095663058877,-9.246967024374296
169.17,0.968407028670507,-0.007841467113374006,-9.284464733413719
169.18,0.968333918138757,-0.006780800500337063,-9.319721331327425
169.19,0.968271409416626,-0.0057211070579275365,-9.352710013604842
169.2,0.968219492716445,-0.004662397969977991,-9.383387801316365
169.21,0.968178158138962,-0.0036046843697253492,-9.411720296365003
169.22,0.968147395673842,-0.0025479772152013176,-9.437641974079618
169.23,0.968127195200169,-0.0014922885479060992,-9.461175730058976
169.24,0.968117546471925,-0.000437629318763196,-9.482267061057653
169.25,0.968118439149375,0.0006159907512302369,-9.500856702469598
169.26,0.968129862785742,0.0016685604694893774,-9.516955180190136
169.27,0.968151806820557,0.0027200686764011772,-9.530532213638358
169.28,0.968184260585042,0.003770504606716759,-9.541571869455717
169.29,0.968227213302607,0.00481985750355185,-9.5500605645507
169.3,0.968280654089336,0.005868116659018171,-9.555984534977943
169.31,0.968344571954482,0.006915271450836739,-9.559350691191463
169.32,0.96841895580096,0.007961311097958354,-9.560236397748612
169.33,0.968503794421499,0.009006224026826087,-9.55838514629452
169.34,0.968599076493717,0.010050000622797522,-9.55396725124503
169.35,0.968704790613319,0.011092631212843615,-9.54715287250531
169.36,0.968820925260784,0.01213410454922274,-9.537695133271518
169.37,0.968947468812494,0.013174410334759745,-9.52572188017087
169.38,0.96908440954121,0.014213538231474162,-9.511235459755918
169.39,0.969231735616556,0.015251477949891162,-9.494259736325219
169.4,0.969389435105502,0.016288219248554912,-9.474782431570876
169.41,0.969557495972843,0.017323752055358375,-9.453085583568587
169.42,0.96973590608168,0.0183580652289822,-9.42877455874673
169.43,0.969924653179337,0.019391148859728334,-9.401910901251979
169.44,0.970123724929976,0.020422993988649295,-9.37301035274063
169.45,0.970333108896043,0.021453590179020453,-9.341759165934356
169.46,0.97055279253669,0.022482927273895226,-9.308216272877962
169.47,0.970782763211567,0.023510995374768456,-9.27247552225224
169.48,0.971023008181301,0.024537784602495415,-9.234576266786883
169.49,0.971273514607959,0.025563285124910462,-9.194550667668699
169.5,0.971534269555526,0.02658748720104539,-9.152536522747829
169.51,0.971805259990377,0.02761038083919735,-9.108708865938539
169.52,0.97208647277652,0.028631955532254505,-9.062454596706164
169.53,0.972377894675208,0.029652202500555596,-9.014381674462207
169.54,0.972679512370303,0.030671112750952727,-8.964861549896037
169.55,0.972991312440574,0.03168867602139451,-8.913325416832405
169.56,0.973313281369334,0.03270488286503578,-8.860118100477543
169.57,0.973645405544889,0.03371972380522004,-8.80526309035586
169.58,0.973987671261018,0.034733189411613005,-8.748830211358774
169.59,0.97434006471742,0.0357452702999278,-8.690766530906355
169.6,0.974702572020188,0.03675595732452649,-8.631946138763404
169.61,0.975075179182257,0.037765239571281126,-8.570931483230293
169.62,0.975457872100771,0.03877310843171204,-8.508212117444053
169.63,0.97585063661353,0.03977955638074053,-8.445208760731001
169.64,0.976253458458567,0.04078457331119778,-8.380672375160618
169.65,0.976666323278937,0.04178814995966692,-8.314967410910857
169.66,0.977089216626683,0.04279027727733161,-8.248216465007479
169.67,0.977522123963298,0.043790946231786476,-8.18046889157028
169.68,0.977965030660175,0.04479014783549303,-8.11178934152852
169.69,0.978417921999059,0.045787873146923196,-8.042244085334252
169.7,0.978880783172512,0.04678411327036318,-7.971845630086814
169.71,0.979353599284363,0.0477788594359152,-7.900862148062788
169.72,0.979836355350164,0.04877210242760499,-7.830012618338455
169.73,0.980329036287965,0.04976383143346826,-7.756716604055737
169.74,0.980831626910015,0.05075403983434331,-7.683074252484098
169.75,0.981344111991155,0.05174272059325913,-7.610451757266986
169.76,0.981866476195563,0.05272986324993586,-7.536414892800559
169.77,0.982398704101158,0.05371545940048665,-7.462134735068642
169.78,0.982940780200047,0.05469950048593205,-7.387513183024175
169.79,0.983492688898969,0.05568197799159051,-7.312608990557331
169.8,0.984054414519739,0.056662883447945275,-7.237474666176804
169.81,0.984625941299702,0.057642208429068795,-7.162168673501236
169.82,0.985207253392158,0.05861994455399848,-7.08652725412879
169.83,0.985798334866833,0.05959608375082359,-7.011996345428505
169.84,0.986399169710307,0.06057061561182964,-6.9364797610983455
169.85,0.987009741794796,0.061543531834482024,-6.859563640565981
169.86,0.987630034942442,0.06251482706904436,-6.784345243665296
169.87,0.988260032903774,0.06348449266281772,-6.709343113273164
169.88,0.988899719333846,0.06445251957851636,-6.633977758060699
169.89,0.98954907780649,0.06541889983069835,-6.558868342507965
169.9,0.990208091814749,0.06638362536238544,-6.483959701552065
169.91,0.990876744771314,0.06734668815972049,-6.409290342630987
169.92,0.991555020008952,0.06830808025250583,-6.334894961144022
169.93,0.992242900780948,0.06926779371316805,-6.260800232684476
169.94,0.99294037026152,0.07022582067744791,-6.186852918030325
169.95,0.993647411546278,0.07118215348446792,-6.114969830792033
169.96,0.994364007650298,0.07213678143475437,-6.040985152134796
169.97,0.995090141473035,0.07308969872556192,-5.967172420061769
169.98,0.995825795903405,0.07404090014641966,-5.8962456315482745
169.99,0.996570953724067,0.07499037574869305,-5.824384610276652
170.0,0.997325597640984,0.07593811812559674,-5.753218252552312
170.01,0.998089710283824,0.0768841196688852,-5.682551685466266
170.02,0.998863274206389,0.0778283728132656,-5.61241305481093
170.03,0.99964627188704,0.07877087003577514,-5.542820270008742
170.04,1.00043868572912,0.07971160385599382,-5.473795087594945
170.05,1.00124049806138,0.080650566835333,-5.405247589733166
170.06,1.00205169113839,0.08158775170365637,-5.337826030701124
170.07,1.00287224714096,0.0825231501813295,-5.27102129186126
170.08,1.00370214816132,0.083456754120916,-5.203447173089896
170.09,1.00454137622306,0.08438855811642351,-5.137243354536334
170.1,1.00538991330068,0.08531855541083488,-5.07242617179856
170.11,1.00624774128187,0.08624673775524672,-5.007625082061374
170.12,1.0071148419825,0.08717309810741444,-4.943583654156991
170.13,1.00799119714699,0.08809762934399538,-4.880202860457946
170.14,1.00887678844875,0.08902032438467544,-4.8174943056993165
170.15,1.00977159749059,0.08994117619067026,-4.755464976709275
170.16,1.01067560580514,0.09086017776249178,-4.694127043220061
170.17,1.01158879485523,0.09177732214450027,-4.633251380557794
170.18,1.01251114603437,0.09269260269416843,-4.574462398251997
170.19,1.01344264066709,0.09360601022999071,-4.51468287439493
170.2,1.01438325997672,0.09451753892566288,-4.454969204805766
170.21,1.01533298516643,0.09542718429674801,-4.397861116731873
170.22,1.01629179735801,0.09633493815566405,-4.34069581019886
170.23,1.0172596776018,0.0972407936516743,-4.284198644631681
170.24,1.018236606881,0.09814474412766876,-4.228419968255833
170.25,1.01922256611215,0.09904678293624256,-4.173339563806431
170.26,1.02021753614549,0.09994690346725918,-4.1189538641238235
170.27,1.02122149776537,0.10084509915425088,-4.065267225773301
170.28,1.02223443169069,0.10174136346882875,-4.012211087353401
170.29,1.02325631857524,0.10263569001183934,-3.9600729468357643
170.3,1.02428713900819,0.10352807185367205,-3.9093943563565383
170.31,1.02532687350395,0.10441850071141179,-3.8574602041355215
170.32,1.02637550249793,0.10530697227982463,-3.8065339874420725
170.33,1.02743300640779,0.10619348169709406,-3.75781450265209
170.34,1.02849936556533,0.10707802095766827,-3.7087719709198463
170.35,1.0295745602395,0.10796058397849659,-3.6605473098013657
170.36,1.03065857063669,0.10884116452926455,-3.6129773180165436
170.37,1.03175137690125,0.1097197564233284,-3.5660670500844516
170.38,1.03285295911582,0.11059635350983792,-3.5198092455565195
170.39,1.03396329730174,0.11147094967757973,-3.4741742537147617
170.4,1.03508237141943,0.11234353885615778,-3.4297298699017333
170.41,1.03621016136882,0.11321411429216685,-3.382613803181399
170.42,1.03734664698972,0.11408267597100563,-3.3393777002577014
170.43,1.038491808149,0.11494921678200284,-3.3002202596194268
170.44,1.03964562454435,0.11581372211365941,-3.256879095946456
170.45,1.04080807579202,0.11667618751375157,-3.214264451323224
170.46,1.04197914148024,0.117536608887997,-3.1733922288411858
170.47,1.04315880113447,0.1183949796693303,-3.132923052943696
170.48,1.04434703421739,0.11925129357958827,-3.0930660961654546
170.49,1.0455438201289,0.12010554434125353,-3.053717851047128
170.5,1.04674913820613,0.12095772567766913,-3.0168186221021394
170.51,1.04796296772344,0.12180782853116376,-2.9720746358157117
170.52,1.04918528789239,0.12265586448782877,-2.9167543232148296
170.53,1.05041607819524,0.1235018660946811,-2.903501734771189
170.54,1.05165531824199,0.12434577323807336,-2.87888276803753
170.55,1.05290298658888,0.12518755075982546,-2.825426680296761
170.56,1.05415906225294,0.1260272313434267,-2.7930591035921353
170.57,1.05542352419166,0.1268648047003403,-2.75808266659653
170.58,1.05669635130302,0.1277002648790715,-2.723769634483563
170.59,1.05797752242548,0.12853360592974816,-2.6899809086443316
170.6,1.05926701633801,0.12936482189866982,-2.656497259792716
170.61,1.06056481176001,0.13019390672333042,-2.629870465394256
170.62,1.06187088735142,0.13102084563767308,-2.561192906917956
170.63,1.06318522172596,0.13184571669608292,-2.5516027940831685
170.64,1.06450779458909,0.13266846158982254,-2.5506475741109194
170.65,1.06583858365784,0.13348900040433728,-2.491350860583399
170.66,1.06717756741568,0.13430739162243097,-2.465568167087797
170.67,1.06852472429016,0.1351236228020821,-2.4354317434982637
170.68,1.06988003265296,0.1359376883531549,-2.405955862362015
170.69,1.07124347081983,0.1367495826861742,-2.3769365333024273
170.7,1.07261501705066,0.13755930021225143,-2.348169471376625
170.71,1.07399464954942,0.1383668353419095,-2.3243914244373496
170.72,1.07538234646421,0.13917217547634125,-2.274245905457734
170.73,1.0767780858872,0.1399753716860815,-2.24772695841783
170.74,1.07818184669574,0.14077641589657816,-2.2501767169250613
170.75,1.07959360679933,0.14157522793783278,-2.2160940736204133
170.76,1.08101334385366,0.14237181804559462,-2.1821564384555816
170.77,1.08244103579802,0.1431662022826667,-2.158094536481295
170.78,1.08387666051979,0.14395837266266515,-2.1327046156872123
170.79,1.08532019585445,0.1447483239955083,-2.10778307354495
170.8,1.08677161958558,0.1455360510926725,-2.0831627815685474
170.81,1.08823090944488,0.1463215487625717,-2.0607681456877187
170.82,1.08969804311211,0.1471048085754212,-2.0304823983289357
170.83,1.09117299821518,0.14788584596708843,-1.988647085411854
170.84,1.09265575271893,0.14866470281590938,-1.9896106077753568
170.85,1.09414628478339,0.14944131005707462,-1.9792357791414334
170.86,1.09564457131988,0.1502156272351581,-1.9387958474326783
170.87,1.09715058981593,0.15098769596633885,-1.919799084717391
170.88,1.09866431771103,0.15175750624408052,-1.8979132254880358
170.89,1.10018573239663,0.15252505326741977,-1.8764982092185594
170.9,1.10171481121619,0.15329033223441074,-1.8554129246302409
170.91,1.10325153146512,0.1540533383416624,-1.8344402288393136
170.92,1.10479587039082,0.1548140667312607,-1.8193593254302445
170.93,1.10634780519267,0.15557250337082848,-1.7683099918849983
170.94,1.10790731302884,0.15632872726816238,-1.7670888828161275
170.95,1.10947437216478,0.1570826819738284,-1.7734010305614354
170.96,1.11104895889552,0.15783428879050193,-1.7300161268344096
170.97,1.11263105028925,0.15858360701883994,-1.7149345491311456
170.98,1.11422062336974,0.1593306254001614,-1.6960557751893859
170.99,1.11581765511628,0.1600753394892481,-1.6776298831022751
171.0,1.11742212246374,0.1608177448427543,-1.659485368428342
171.01,1.11903400230254,0.1615578370181725,-1.6414295086148505
171.02,1.12065327147869,0.16229561156941114,-1.6280144552859375
171.03,1.1222799067937,0.16303105614740762,-1.5889412055855305
171.04,1.12391388500469,0.16376423061808718,-1.5734805673737977
171.05,1.12555518377285,0.16449512483441103,-1.5856279609448534
171.06,1.12720377963772,0.16522364761883956,-1.5610279091676338
171.07,1.12885964887781,0.16594981435042455,-1.5368116802265377
171.08,1.13052276813011,0.1666736460303316,-1.5223711692415205
171.09,1.13219311398992,0.16739513516117097,-1.5064235776655583
171.1,1.13387066301096,0.16811427758001338,-1.490792915905592
171.11,1.13555539170527,0.16883106912365942,-1.4753971823526835
171.12,1.13724727654331,0.1695455056306583,-1.460234219092579
171.13,1.13894629395388,0.17025758293641355,-1.4451375939896771
171.14,1.14065242032416,0.17096729687866946,-1.4338427416440727
171.15,1.1423656319997,0.17167463617509168,-1.4037353524519578
171.16,1.14408590528443,0.17237964904350256,-1.374935047610463
171.17,1.14581321729503,0.17308237444974006,-1.39546205708131
171.18,1.14754754480158,0.17378269861908863,-1.3881202121473846
171.19,1.14928886320293,0.17448059233257837,-1.3549138580207545
171.2,1.15103714871334,0.17517611268891842,-1.3449104480747596
171.21,1.1527923775092,0.17586924879233007,-1.3314323025909343
171.22,1.15455452572907,0.17655999686125856,-1.3183084096267268
171.23,1.15632356947369,0.17724835310942527,-1.3053778812692431
171.24,1.15809948480591,0.1779343137529162,-1.2926379896576887
171.25,1.15988224775079,0.17861787500907944,-1.2799974478244716
171.26,1.16167183429552,0.1792990330938382,-1.2693407200532971
171.27,1.16346822038948,0.17997778004050596,-1.2526204085866648
171.28,1.16527138194417,0.1806541342389186,-1.209363998846314
171.29,1.16708129533513,0.18132819203792544,-1.2313494098414568
171.3,1.16889793775205,0.18199983650000012,-1.2428055584018716
171.31,1.17072128380797,0.18266898262191228,-1.201700989326917
171.32,1.17255130934689,0.18333572200325277,-1.1953162227213383
171.33,1.17438799017922,0.1840000407402509,-1.1838605981342536
171.34,1.17623130208166,0.18466193546690657,-1.1727857544977223
171.35,1.1780812207973,0.1853214028160059,-1.161871421808738
171.36,1.1799377220355,0.18597843942066244,-1.1511138466983069
171.37,1.18180078147202,0.18663304191791816,-1.140499470886747
171.38,1.18367037474894,0.18728520693933234,-1.1300289013984313
171.39,1.18554647747467,0.18793493042699544,-1.1255702246216337
171.4,1.18742906522398,0.18858219820783545,-1.0735747416947412
171.41,1.1893181136211,0.18922714955116327,-1.0921922720239428
171.42,1.19121360013544,0.18986968018382772,-1.1170403012240702
171.43,1.19311549882021,0.19050966122500052,-1.0727593464848082
171.44,1.1950237851948,0.19114720518975487,-1.0687789765688278
171.45,1.19693843474898,0.19178229664749322,-1.0590159538771524
171.46,1.19885942294283,0.19241493262866505,-1.0496297457313237
171.47,1.20078672520675,0.19304511016933018,-1.0403781031387347
171.48,1.20272031694152,0.19367282630102234,-1.0312577148507471
171.49,1.20466017351818,0.1942980780549127,-1.0222644011059887
171.5,1.20660627027815,0.19492086246906498,-1.0131533452462753
171.51,1.2085585825332,0.19554117657467063,-1.0099391592194833
171.52,1.21051708556539,0.19615900437959244,-0.9710867827607732
171.53,1.21248175462714,0.19677445333315946,-0.9753440167361659
171.54,1.21445256650412,0.19738747230924245,-0.9979862726148472
171.55,1.21642949564306,0.19799794073933805,-0.9702042802632915
171.56,1.21841251701564,0.1986059227806721,-0.9604018558677134
171.57,1.22040160583058,0.1992114265862488,-0.9530707864370234
171.58,1.2223967372706,0.19981444736282644,-0.9450467814010042
171.59,1.22439788649239,0.20041498250549794,-0.937174261672779
171.6,1.22640502862658,0.20101302940884008,-0.929410410975793
171.61,1.22841813877776,0.20160858546992566,-0.9217535324360736
171.62,1.2304371920245,0.20220164808808505,-0.9140361008719468
171.63,1.23246216341936,0.2027922146574916,-0.9102733110547587
171.64,1.23449302798881,0.20338027324593075,-0.8840938952302225
171.65,1.23652976073334,0.20396589603599766,-0.8756795443857595
171.66,1.23857233774683,0.20454908336999073,-0.8958793863624059
171.67,1.2406207339592,0.2051297239719141,-0.8838363764424727
171.68,1.24267492379129,0.2057078300249223,-0.8677699659692877
171.69,1.24473488221239,0.20628343664283272,-0.8626817666654062
171.7,1.24680058416936,0.2068565368254116,-0.8557772915300095
171.71,1.24887200458662,0.2074271283242483,-0.8490483309523638
171.72,1.25094911836608,0.20799520889375941,-0.8424113115514382
171.73,1.25303190038724,0.2085607762868332,-0.8358647538746319
171.74,1.25512032550707,0.20912382825533093,-0.8293392720660727
171.75,1.25721436856012,0.20968436255633383,-0.824356857587368
171.76,1.25931400435848,0.21024237307025,-0.8121630982417776
171.77,1.26141920769176,0.210797884572822,-0.7969745212956123
171.78,1.26352995379176,0.2113509303505808,-0.8059998585430305
171.79,1.26564621787762,0.2119014453778249,-0.8051157277384873
171.8,1.26776797420329,0.21244940370650872,-0.7894086428974267
171.81,1.26989519753866,0.21299484256017873,-0.7851646113859673
171.82,1.2720278626353,0.21353775565541855,-0.7792235272066541
171.83,1.27416594422648,0.2140781411643274,-0.7734355808874787
171.84,1.2763094170272,0.21461599725773514,-0.7676728388423926
171.85,1.27845825573414,0.2151513221022583,-0.7631619418612438
171.86,1.28061243502565,0.2156841106535079,-0.7525556799172205
171.87,1.28277192956181,0.21621438438850044,-0.7416918841775464
171.88,1.28493671437014,0.21674216344748642,-0.7473289682338196
171.89,1.28710676436344,0.21726739838784,-0.7445863918251007
171.9,1.28928205382499,0.2177900743369173,-0.7329201758903668
171.91,1.29146255739407,0.21831021654665217,-0.7287997356968644
171.92,1.29364824969475,0.21882782040483403,-0.7235664706340749
171.93,1.29583910533592,0.2193428843885866,-0.7184504452879928
171.94,1.29803509891121,0.21985540697867512,-0.7133640411972119
171.95,1.30023620499912,0.22036538665734703,-0.709180883718475
171.96,1.30244239816291,0.22087281955817106,-0.7005265820837683
171.97,1.30465365295064,0.22137772167732755,-0.6929425894621736
171.98,1.30686994417639,0.221880102971167,-0.6953122055340778
171.99,1.30909124650568,0.22237992993034048,-0.6915288786876741
172.0,1.31131753424669,0.22287719552931962,-0.683182190548114
172.01,1.3135487819214,0.22337191455958733,-0.6792094185788282
172.02,1.31578496403863,0.22386408381433096,-0.6746027075221928
172.03,1.31802605509405,0.22435370197799362,-0.6700848210108928
172.04,1.32027202957017,0.22484076773559014,-0.6655876477717322
172.05,1.32252286193636,0.2253252797729181,-0.6620023471711279
172.06,1.32477852664884,0.2258072343177579,-0.6537123781355044
172.07,1.32703899815066,0.22628664887281807,-0.647550812970575
172.08,1.32930425116644,0.2267635301567576,-0.6500497272487261
172.09,1.33157426021242,0.22723784572317718,-0.646075029037138
172.1,1.33384899952411,0.22770959200507832,-0.6389154618092387
172.11,1.33612844352524,0.2281787817643229,-0.6353737872150821
172.12,1.33841256662839,0.22864541222215967,-0.6312999637163348
172.13,1.34070134323494,0.22910948225665825,-0.6273025139565986
172.14,1.34299474773505,0.22957099074908394,-0.623300691178064
172.15,1.34529275450772,0.2300299365811646,-0.6206176766675029
172.16,1.34759533792074,0.23048631489284155,-0.6107504468342445
172.17,1.34990247233072,0.23094015382666053,-0.6053173670439115
172.18,1.35221413253191,0.23139145930132962,-0.6108444809701494
172.19,1.35453029293788,0.2318401858991792,-0.6064943666250091
172.2,1.35685092766186,0.23228633365483348,-0.5992412080182752
172.21,1.35917601106242,0.2327299189579024,-0.5962782832827535
172.22,1.36150551748965,0.2331709388507519,-0.5926456507820808
172.23,1.36383942128525,0.23360939248832463,-0.5890902550245878
172.24,1.36617769678241,0.23404527902340932,-0.585526551882053
172.25,1.3685203183059,0.23447859761308404,-0.5832146098965934
172.26,1.37086726017204,0.23490934376616165,-0.5739300653835051
172.27,1.37321849668872,0.2353375456759214,-0.5699206598217487
172.28,1.37557400259303,0.23576320499525405,-0.5748280336105306
172.29,1.37793375219271,0.23618628029941452,-0.570143950883818
172.3,1.38029771960453,0.23660677571575306,-0.5641997284760238
172.31,1.38266587914479,0.23702470417373833,-0.5614850004407775
172.32,1.38503820512378,0.2374400633642415,-0.5582538795382459
172.33,1.38741467184586,0.23785285269042333,-0.5550878925489441
172.34,1.38979525360938,0.238263071554079,-0.551914925065454
172.35,1.39217992470674,0.23867071935716652,-0.5498638442945452
172.36,1.39456865942433,0.23907579215484515,-0.5414565417449668
172.37,1.3969614320426,0.2394783164053227,-0.53859935584194
172.38,1.39935821723768,0.23987829030808022,-0.5425684091702231
172.39,1.4017589892449,0.24027567812015724,-0.5377898134330918
172.4,1.40416372220576,0.24067048688524717,-0.5330474057372016
172.41,1.40657239041282,0.2410627260059084,-0.5305411507666273
172.42,1.40898496815481,0.24145239380674588,-0.5276691846570951
172.43,1.41140142971659,0.24183948989768833,-0.5248501723961841
172.44,1.41382174937911,0.242224013892652,-0.5220244674875593
172.45,1.4162459014195,0.24260596540457424,-0.5202172529323562
172.46,1.41867386011097,0.24298534093884125,-0.5125536121042413
172.47,1.42110559972292,0.24336216556165952,-0.5105810287606304
172.48,1.42354109489381,0.24373643491166036,-0.5138828718000489
172.49,1.42598031981482,0.24410811768142232,-0.5091196056159942
172.5,1.42842324865677,0.2444772230979257,-0.5053147840690198
172.51,1.43086985570483,0.2448437578999115,-0.5030181987070881
172.52,1.43332011524214,0.2452077209136594,-0.5004646306650256
172.53,1.43577400154979,0.24556911193316378,-0.4979557147657446
172.54,1.43823148890681,0.24592793075467467,-0.4954274457592532
172.55,1.44069255159021,0.24628417717451612,-0.49411634113678354
172.56,1.44315716387494,0.24663784716306889,-0.48565093229465994
172.57,1.44562530003389,0.2469889721817294,-0.48471845737039687
172.58,1.44809693479668,0.24733754403400607,-0.4891538273321051
172.59,1.45057204230232,0.2476835263452548,-0.48373458404787006
172.6,1.4530505967383,0.24802693347416768,-0.4804399896365172
172.61,1.45553257240542,0.24836777163207055,-0.4783993760413287
172.62,1.45801794360458,0.2487060398820018,-0.476120371399576
172.63,1.46050668463671,0.24904173822659081,-0.4738818480402217
172.64,1.46299876980278,0.24937486667157932,-0.47164001386472315
172.65,1.46549417340383,0.24970542522324188,-0.47016084181896983
172.66,1.46799286974095,0.2500334114631723,-0.4642575465228993
172.67,1.47049483311528,0.25035884545425346,-0.46307360818704923
172.68,1.4730000381188,0.25068172201598665,-0.46486951585539293
172.69,1.47550845897212,0.2510020199808338,-0.4608092726490564
172.7,1.47802006995375,0.2513197490091712,-0.45837475011747514
172.71,1.48053484539718,0.25163491193982057,-0.45643521739618864
172.72,1.48305275963818,0.25194750856075143,-0.45438732736724435
172.73,1.48557378701478,0.2522575390969136,-0.45274421167755513
172.74,1.48809790186726,0.25256500250383696,-0.44895209367755873
172.75,1.49062507853819,0.2528699091262447,-0.4468338753439475
172.76,1.493155291525,0.2531722599717401,-0.44726383502365913
172.77,1.49568851518155,0.253472042275336,-0.4448868201766816
172.78,1.49822472381753,0.2537692582869252,-0.44232469589563583
172.79,1.50076389180539,0.2540639122209273,-0.4405885231906042
172.8,1.50330599352129,0.254356003957823,-0.43872623154254053
172.81,1.50585100334512,0.25464553386641553,-0.4370840031352527
172.82,1.50839889566043,0.2549325016452608,-0.4344299150360767
172.83,1.51094964485454,0.25521691269149904,-0.4320433013501383
172.84,1.51350322539922,0.2554987706203364,-0.43178881054729557
172.85,1.51605961173246,0.2557780674108427,-0.43024566715245055
172.86,1.51861877820935,0.2560548020452377,-0.42779170100833946
172.87,1.52118069924628,0.25632897902574026,-0.4262237643569871
172.88,1.52374534926435,0.25660059835174354,-0.4245335060246699
172.89,1.52631270268937,0.25686966049408383,-0.422995297438582
172.9,1.52888273395186,0.257136165461593,-0.4208907678733974
172.91,1.53145541748707,0.25740011679367314,-0.4182556026581589
172.92,1.53403072779056,0.25766152054523817,-0.41799909460796875
172.93,1.53660863938373,0.2579203696170781,-0.4170656675635815
172.94,1.53918912665971,0.2581766606152669,-0.414558509075255
172.95,1.54177216408622,0.2584303992433201,-0.41317808163408515
172.96,1.54435772613665,0.25868158549299064,-0.41164325892519094
172.97,1.54694578729005,0.2589302199339135,-0.4102309933132429
172.98,1.54953632203119,0.2591763027435893,-0.4085528579333541
172.99,1.55212930485047,0.25941983636841304,-0.4051671558616733
173.0,1.55472471029078,0.25966083207624724,-0.4053938159119083
173.01,1.55732251300256,0.25989928086216363,-0.40540197733458977
173.02,1.55992268739876,0.2601351748318381,-0.40240693279422074
173.03,1.56252520801085,0.2603685232269097,-0.40126677645357156
173.04,1.56513004937728,0.26059932581608364,-0.39987026814964977
173.05,1.56773718604349,0.26082758330141326,-0.39851940948026643
173.06,1.57034659256195,0.2610532962902405,-0.39728609393652425
173.07,1.57295824349204,0.26127646533466997,-0.39465584249262337
173.08,1.57557211341085,0.26149709848768043,-0.39417520207837337
173.09,1.57818817699453,0.2617151916463371,-0.39393657614884736
173.1,1.58080640876335,0.26193073931331895,-0.39166071435765043
173.11,1.58342678331448,0.2621437476622616,-0.3905579272296796
173.12,1.58604927525285,0.26235421688818134,-0.389304637266914
173.13,1.58867385919106,0.26256214775865855,-0.38805830905326116
173.14,1.59130050974941,0.2627675410453371,-0.3872255139026659
173.15,1.59392920155592,0.26297039611092127,-0.38393934677788244
173.16,1.59655990924629,0.26317072571008426,-0.3837683202633138
173.17,1.59919260763279,0.26336852470807787,-0.38442536011699624
173.18,1.60182727127916,0.2635637831356656,-0.38179469897730434
173.19,1.60446387485391,0.26375650988525456,-0.38083639047662365
173.2,1.60710239303897,0.26394670530541975,-0.3797122636399551
173.21,1.60974280052504,0.26413437023208497,-0.37859503572048225
173.22,1.61238507201155,0.2643195055403373,-0.3777014941852919
173.23,1.6150291822067,0.26450211135498986,-0.3755674342753464
173.24,1.61767510582741,0.2646821947682565,-0.3747915712905552
173.25,1.62032281768932,0.264859754937676,-0.3748367637284789
173.26,1.62297229250032,0.26503478625015675,-0.3732320757663568
173.27,1.62562350499746,0.26520729266826065,-0.37212545337193303
173.28,1.62827642994251,0.265377275861269,-0.37115000476511917
173.29,1.63093104210665,0.265544736643412,-0.3701564115602319
173.3,1.63358731627049,0.2657096759595764,-0.36922631861806837
173.31,1.63624522722409,0.2658720945802514,-0.36804368388173164
173.32,1.63890474976688,0.2660319948028382,-0.3670849085022988
173.33,1.64156585872814,0.26618937763815226,-0.3664414804992005
173.34,1.64422852892655,0.2663442423143999,-0.3654637819761279
173.35,1.64689273518487,0.2664965900768405,-0.3644853087672684
173.36,1.64955845234299,0.26664642237276087,-0.3636138788130919
173.37,1.65222565525044,0.26679374010375273,-0.36273509671024173
173.38,1.65489431876638,0.2669385442290081,-0.3620109100911569
173.39,1.65756441775954,0.26708083517667147,-0.36053662966083383
173.4,1.66023592710831,0.26722061791365126,-0.35929216800068303
173.41,1.66290882176468,0.2673578957808398,-0.3595598701810062
173.42,1.66558307665786,0.26749266319225734,-0.35887093347319227
173.43,1.66825866666224,0.2676249201747416,-0.35756109009217557
173.44,1.67093556670572,0.2677546708259204,-0.35687153140532224
173.45,1.67361375172659,0.26788191582666765,-0.35609829231638684
173.46,1.67629319667355,0.2680066562164111,-0.3553371795933164
173.47,1.67897387650568,0.2681288930577638,-0.3546176392836578
173.48,1.68165576619247,0.26824862723524023,-0.35393380661693086
173.49,1.68433884071102,0.26836585952833003,-0.35315873231328954
173.5,1.68702307504804,0.268480591343497,-0.35243049094622114
173.51,1.68970844420684,0.2685928238958246,-0.3517848817585226
173.52,1.69239492319781,0.2687025579767614,-0.3511035093827339
173.53,1.69508248704168,0.26880979464933286,-0.3504434990068161
173.54,1.69777111076955,0.26891453494775064,-0.34978885159702044
173.55,1.70046076942284,0.26901677993891315,-0.3491707767677307
173.56,1.70315143805336,0.26911653050042394,-0.3486834434448923
173.57,1.70584309171949,0.26921378687250386,-0.34795511032029863
173.58,1.7085357054827,0.26930855082124194,-0.3472600580269487
173.59,1.71122925443286,0.2694008240052578,-0.34678919390884916
173.6,1.71392371366177,0.26949060680908077,-0.34620187744773673
173.61,1.71661905827142,0.2695779003260087,-0.3456461867685346
173.62,1.71931526337409,0.2696627055833364,-0.3450986456300102
173.63,1.7220123040923,0.2697450236310017,-0.3445416505915353
173.64,1.72471015555881,0.2698248555144075,-0.3443558998162294
173.65,1.72740879291346,0.269902200270337,-0.34363999591100747
173.66,1.73010819128164,0.269977060206252,-0.34288200269842756
173.67,1.7328083258425,0.2700494379829166,-0.3426595361490472
173.68,1.73550917176638,0.2701193331283436,-0.34215390590028577
173.69,1.73821070423343,0.27018674678315574,-0.34170413417358914
173.7,1.74091289843368,0.2702516799295766,-0.3412654155434306
173.71,1.74361572956692,0.2703141335454259,-0.34083962397764567
173.72,1.74631917284275,0.2703741086108288,-0.34039979872512116
173.73,1.74902320348054,0.2704316062167515,-0.34006504387527636
173.74,1.75172779670934,0.27048662671508295,-0.34016270165558804
173.75,1.75443292775363,0.27053916817223284,-0.33933296209256036
173.76,1.75713857182166,0.2705892343458342,-0.33861336581822565
173.77,1.75984470419843,0.2706368284489299,-0.3386825126137656
173.78,1.76255130014624,0.2706819489680009,-0.33827963967727853
173.79,1.7652583349364,0.27072459707065955,-0.3379614892129456
173.8,1.76796578384926,0.27076477365683604,-0.3376538024315193
173.81,1.77067362217411,0.27080247961516757,-0.3373621113616257
173.82,1.7733818252091,0.27083771583517047,-0.3369812004706747
173.83,1.7760903682613,0.2708704836111705,-0.3371117730832683
173.84,1.77879922664656,0.2709007810240768,-0.33755521151327095
173.85,1.78150837564045,0.27092860478034797,-0.33627850650931485
173.86,1.78421779051941,0.2709539621205163,-0.33563996655347994
173.87,1.78692744667046,0.2709768566015791,-0.336125592987823
173.88,1.78963731943218,0.2709972848403334,-0.3358119675060281
173.89,1.79234738415042,0.2710152480265071,-0.3356366202991677
173.9,1.79505761617825,0.2710307468769898,-0.3354698185143027
173.91,1.79776799087584,0.271043782092667,-0.33532087647246883
173.92,1.8004784836103,0.27105435436958575,-0.33504893039177314
173.93,1.8031890697557,0.2710624649211568,-0.3355496679633321
173.94,1.80589972469278,0.27106811035982337,-0.3357539952943326
173.95,1.80861042374514,0.27107128949183845,-0.3346282429091468
173.96,1.81132114228264,0.27107200930617065,-0.3345086468946333
173.97,1.81403185573556,0.27107027087140045,-0.33490055465633983
173.98,1.8167425394994,0.27106607190517384,-0.33476781741862205
173.99,1.81945316897465,0.27105941323691635,-0.33473605092414793
174.0,1.82216371956674,0.2710502953522413,-0.33471472149442116
174.01,1.82487416668585,0.2710387187166726,-0.3347147564663272
174.02,1.82758448574673,0.2710246837808387,-0.3345413889898874
174.03,1.83029465216857,0.27100819169299334,-0.33548844899395297
174.04,1.8330046413748,0.2709892371008364,-0.3354871617337765
174.05,1.83571442870725,0.2709678207066635,-0.33440785355360353
174.06,1.83842398960407,0.27094394987007464,-0.33481811328872635
174.07,1.84113329951793,0.2709176231189307,-0.3351664236722303
174.08,1.84384233387583,0.2708888389517624,-0.3352129251309542
174.09,1.84655106810706,0.2708575978171701,-0.3353340788432311
174.1,1.8492594776429,0.27082389990366795,-0.33546614706141525
174.11,1.85196753791643,0.27078774538267053,-0.33562499788658195
174.12,1.85467522436235,0.27074913440441883,-0.33550698682427793
174.13,1.85738251241674,0.2707080681932428,-0.3371943899034574
174.14,1.86008937751685,0.27066453766566395,-0.33686310794461743
174.15,1.86279579496924,0.2706185461820036,-0.3355866533752716
174.16,1.86550174026247,0.270570102962416,-0.33673777891905243
174.17,1.86820718883986,0.27051920278975405,-0.3370369040960514
174.18,1.87091211612632,0.27046584489392644,-0.3372755995424994
174.19,1.87361649754527,0.2704100292622599,-0.33756166783736136
174.2,1.87632030851848,0.2703517557098282,-0.3378618449538269
174.21,1.87902352446567,0.2702910240229247,-0.33818867331040636
174.22,1.88172612080434,0.27022783397117983,-0.3382185273761092
174.23,1.8844280729494,0.2701621864308168,-0.3402944852197894
174.24,1.88712935631178,0.2700940707139869,-0.3398422802467925
174.25,1.88982994615349,0.27002349148234445,-0.3388046610718786
174.26,1.89252981795138,0.2699504570806551,-0.34045595223967673
174.27,1.89522894708832,0.26987495991799654,-0.3407042983496191
174.28,1.89792730894074,0.2697970000620146,-0.34117521183501587
174.29,1.90062487887821,0.26971657680808225,-0.3416596795424979
174.3,1.90332163226306,0.26963368940882326,-0.34207172208517944
174.31,1.90601754444991,0.2695483374121751,-0.34305916475778975
174.32,1.90871259078528,0.2694605171489358,-0.34342330617669947
174.33,1.91140674656651,0.2693702287930792,-0.3435568484551876
174.34,1.91409998713799,0.2692774739938286,-0.3444341117953596
174.35,1.91679228781642,0.26918225006491253,-0.34501657094513216
174.36,1.9194836239053,0.26908455592474234,-0.3456314716953401
174.37,1.9221739706972,0.26898439047809974,-0.3462770355989779
174.38,1.92486330347326,0.2688817525584845,-0.3467757069004417
174.39,1.92755159750273,0.26877664157424763,-0.3482944352175209
174.4,1.93023882804252,0.2686690511665146,-0.3488047407940774
174.41,1.93292497026237,0.2685589811859161,-0.3486898033774539
174.42,1.9356099994104,0.2684464353323183,-0.3498824369292271
174.43,1.93829389070346,0.2683314096856756,-0.3507166218693411
174.44,1.94097661933136,0.268213902127921,-0.35149210300313144
174.45,1.94365816046777,0.26809391110541037,-0.35232381558071657
174.46,1.94633848926953,0.26797143490983055,-0.35290440651562827
174.47,1.94901758087617,0.26784647279743024,-0.3551035241971035
174.48,1.95169541040938,0.26771901479566984,-0.355938257783971
174.49,1.95437195285088,0.2675890594018386,-0.3553580500971304
174.5,1.95704718329173,0.2674566136639911,-0.356823850321346
174.51,1.95972107680675,0.2673216727642573,-0.3580899693353031
174.52,1.96239360841666,0.26718423250892875,-0.35903835492809427
174.53,1.96506475311861,0.2670442907697394,-0.360086088183504
174.54,1.96773448588554,0.266901845087821,-0.3609790597844269
174.55,1.97040278166542,0.26675689359700144,-0.3629095830817474
174.56,1.9730696153806,0.26660942850091907,-0.3642026488365131
174.57,1.97573496184745,0.2664594461194973,-0.3642610442386991
174.58,1.97839879592167,0.2663069501829078,-0.3656036917022863
174.59,1.98106109245964,0.26615193707341667,-0.3671561401474884
174.6,1.98372182625617,0.2659944016284203,-0.3683357376752678
174.61,1.98638097207464,0.26583434092575614,-0.3696166916757638
174.62,1.98903850464626,0.26567175170974144,-0.3708015032868508
174.63,1.99169439866927,0.2655066310980855,-0.37268587127913544
174.64,1.99434862880804,0.26533897219426045,-0.37436310607772866
174.65,1.99700116963711,0.26516876966915515,-0.3749054317375865
174.66,1.99965199572567,0.26499602495566044,-0.3762874915204965
174.67,2.00230108165001,0.2648207347685098,-0.3781268306739845
174.68,2.00494840191656,0.26464289299367544,-0.3795575460785905
174.69,2.00759393099201,0.2644624958719052,-0.38109951762569966
174.7,2.01023764330243,0.26427953929491677,-0.3824698561653655
174.71,2.01287951323234,0.2640940198235057,-0.384909562048818
174.72,2.01551951512381,0.26390592772099397,-0.38750281771283374
174.73,2.01815762318423,0.2637152530769201,-0.38754986218987647
174.74,2.02079381159103,0.26352200090467387,-0.3888263116187232
174.75,2.02342805460087,0.263326169378401,-0.3915237515767396
174.76,2.02606032634837,0.2631277481974929,-0.39316664403165796
174.77,2.02869060091754,0.2629267328510173,-0.3950239611362731
174.78,2.03131885234069,0.26272311811309146,-0.39675324550553126
174.79,2.03394505459731,0.26251689926122257,-0.3992334573306306
174.8,2.03656918161296,0.26230806692832953,-0.4026392823250451
174.81,2.03919120718435,0.26209660720483513,-0.40325377016556485
174.82,2.04181110500561,0.2618825223819399,-0.4044775514359049
174.83,2.04442884887393,0.2616658115519107,-0.40771316485268055
174.84,2.04704441244377,0.261446462233735,-0.4097376039662929
174.85,2.0496577693034,0.2612244683794988,-0.4120320146972097
174.86,2.05226889297332,0.26099982301074354,-0.41415010719730283
174.87,2.05487775690479,0.26077252016650787,-0.41652238007381387
174.88,2.0574843344936,0.2605425525290232,-0.4190788297108424
174.89,2.06008859904566,0.26030991183808216,-0.4214219262106482
174.9,2.0626905237968,0.26007459113148357,-0.42389287895608513
174.91,2.06529008190982,0.25983658292398537,-0.4264019021023061
174.92,2.0678872464711,0.25959587957175756,-0.42903194396107164
174.93,2.07048199048918,0.25935247275575835,-0.43197635841952287
174.94,2.07307428688307,0.2591063526444152,-0.43441177011841914
174.95,2.07566410847489,0.25885751241234345,-0.4369262328736809
174.96,2.07825142803945,0.2586059449475653,-0.439942089383128
174.97,2.08083621825074,0.25835164044783665,-0.4427602474195422
174.98,2.08341845169616,0.2580945903001656,-0.44534136518260764
174.99,2.08599810087483,0.2578347867771817,-0.4498327592231677
175.0,2.08857513819615,0.25757221178642764,-0.45324823048421065
175.01,2.0911495358374,0.257306853647817,-0.4549083755605522
175.02,2.09372126598235,0.2570387106785847,-0.45854335770137167
175.03,2.09629030072669,0.2567677706226753,-0.46231560201510835
175.04,2.09885661202904,0.25649402025409074,-0.46516060060525954
175.05,2.1014201717362,0.25621745157741926,-0.46859827961612177
175.06,2.10398095162794,0.2559380535182343,-0.4726533598394713
175.07,2.1065389233286,0.2556558116999989,-0.47609729323314914
175.08,2.10909405834605,0.2553707151509377,-0.479789749497854
175.09,2.11164632807708,0.25508275205690845,-0.4831641383240613
175.1,2.11419570379767,0.25479191240057597,-0.486966900166218
175.11,2.11674215669473,0.2544981839085877,-0.49119351500464437
175.12,2.11928565779918,0.25420155214676,-0.49499005087928044
175.13,2.12182617802013,0.25390200518865536,-0.49876115044149966
175.14,2.12436368814326,0.25359953113916295,-0.503919202215378
175.15,2.12689815882473,0.2532941109389175,-0.5080437868179828
175.16,2.12942956049928,0.2529857314013969,-0.5114244089071336
175.17,2.13195786355562,0.2526743836068472,-0.5163053979705916
175.18,2.13448303822221,0.2523600509435786,-0.5206032745561174
175.19,2.13700505457535,0.25204271928299293,-0.5262827662587515
175.2,2.13952388254389,0.2517223676738234,-0.5308370482026475
175.21,2.1420394918151,0.2513989815044952,-0.5347431875023673
175.22,2.14455185201935,0.25107254988319117,-0.5402378105006791
175.23,2.14706093259849,0.2507430538098136,-0.5452204365884527
175.24,2.14956670282503,0.2504104767276324,-0.5505558364667985
175.25,2.15206913180336,0.2500748006509383,-0.5557767339426898
175.26,2.15456818845099,0.2497360084387723,-0.5609920705383612
175.27,2.15706384152806,0.24939408321346854,-0.5665772701273208
175.28,2.15955605960998,0.24904900641310088,-0.5721099753908413
175.29,2.16204481108966,0.24870075982524148,-0.578052585292665
175.3,2.16453006417422,0.2483493234271476,-0.5838099557065642
175.31,2.16701178686295,0.24799467842944178,-0.5895596377898895
175.32,2.16948994698504,0.24763680635210655,-0.5957571537576011
175.33,2.17196451216469,0.24727568669825617,-0.6017661225389315
175.34,2.17443544982589,0.24691129976848933,-0.6090313952306217
175.35,2.17690272718596,0.24654361991340856,-0.6152053183994847
175.36,2.17936631118298,0.2461726274736694,-0.6210603508893228
175.37,2.1818261686318,0.24579830477072795,-0.6283655447768421
175.38,2.18428226609577,0.24542062708265608,-0.6349555417255967
175.39,2.18673456991579,0.24503957288459777,-0.6431250864754996
175.4,2.18918304620498,0.2446551133336472,-0.6500066936592759
175.41,2.19162766075933,0.24426722654715313,-0.6564653177923457
175.42,2.19406837924405,0.24387589317168187,-0.6646538714652099
175.43,2.19650516704269,0.24348108552549505,-0.6720715804347394
175.44,2.19893798929126,0.24308277946748874,-0.6807021630737824
175.45,2.20136681087395,0.2426809454684061,-0.6885191401384119
175.46,2.20379159635803,0.2422755584969294,-0.6960721099161407
175.47,2.20621231012064,0.24186659524575438,-0.704892231711879
175.48,2.20862891624515,0.24145402652214765,-0.7132150223645041
175.49,2.21104137854142,0.24103782544658467,-0.7226679348708677
175.5,2.21344966054161,0.24061796018468584,-0.7314276377378295
175.51,2.21585372543873,0.2401944028086652,-0.7399151726702894
175.52,2.21825353620147,0.23976712718459064,-0.7496094027356235
175.53,2.22064905548326,0.23933610172832318,-0.7588551640995643
175.54,2.2230402456357,0.23890129687456446,-0.7695292838007392
175.55,2.22542706870517,0.23846267676308117,-0.7792908062780637
175.56,2.2278094863518,0.23802021057209855,-0.7885661622951998
175.57,2.23018746000049,0.23757387037251315,-0.7994063392412287
175.58,2.23256095072961,0.23712362119240327,-0.8097343530472942
175.59,2.23492991928295,0.23666943031657914,-0.8215493600023225
175.6,2.23729432606839,0.23621125860625963,-0.8324896163413387
175.61,2.23965413107274,0.2357490718050026,-0.8428438280557545
175.62,2.24200929401518,0.23528283906290767,-0.8548390836257644
175.63,2.24435977424067,0.23481252228183536,-0.8664349517709025
175.64,2.24670553072428,0.23433808515216742,-0.8793184153168984
175.65,2.24904652207172,0.23385948599659034,-0.8915811005370277
175.66,2.25138270644532,0.23337668681825038,-0.9033166234656841
175.67,2.2537140416894,0.23288965276568135,-0.9165024898218068
175.68,2.25604048524753,0.2323983428137703,-0.929438839751397
175.69,2.25836199415752,0.2319027170808896,-0.9437780487720355
175.7,2.26067852505263,0.23140272990631966,-0.9574193075500579
175.71,2.26299003408049,0.23089833975177276,-0.9704027673883888
175.72,2.26529647704253,0.23038950888326637,-0.9850408160604687
175.73,2.26759780930651,0.22987619258358905,-0.9996177813989794
175.74,2.2698939857948,0.22935834671033256,-1.0144868128103763
175.75,2.27218496098862,0.2288359260467517,-1.03127790897935
175.76,2.27447068889417,0.22830887764501523,-1.0459078130241077
175.77,2.27675112297586,0.22777715946406726,-1.0605659235790184
175.78,2.27902621637532,0.22724073016848018,-1.0777986697900894
175.79,2.28129592170213,0.2266995373838306,-1.093893365143068
175.8,2.28356019108411,0.22615353382809955,-1.1119249353734977
175.81,2.28581897616012,0.22560266443760746,-1.1297695953965494
175.82,2.28807222797987,0.22504687615067337,-1.1459444994259522
175.83,2.2903198971357,0.22448612448075686,-1.163934481203239
175.84,2.29256193375067,0.22392035769792282,-1.1828205374355671
175.85,2.29479828738883,0.22334952057148083,-1.2012139570771783
175.86,2.29702890708116,0.22277356029497541,-1.2222579679147931
175.87,2.29925374131104,0.22219241366741027,-1.2411438564262316
175.88,2.30147273789295,0.22160602825701536,-1.2596371429213242
175.89,2.30368584424306,0.22101435441208944,-1.281229069697673
175.9,2.30589300714648,0.2204173297845798,-1.3017477542198599
175.91,2.30809417280983,0.2198148970150878,-1.3235217773337693
175.92,2.31028928685296,0.2192069943506662,-1.3461170707520742
175.93,2.31247829425309,0.21859355773416284,-1.367342226014439
175.94,2.31466113937048,0.2179745303294271,-1.389508509068252
175.95,2.31683776602189,0.21734985234222276,-1.4132363761663687
175.96,2.31900811736383,0.2167194581601639,-1.436437854574618
175.97,2.32117213591882,0.21608328496525164,-1.4617782260158037
175.98,2.3233297635667,0.21544126219790183,-1.4861236271454008
175.99,2.32548094144902,0.21479332494401446,-1.5100069959401075
176.0,2.32762561014168,0.21413941155024782,-1.5362040173531148
176.01,2.32976370952538,0.2134794517302252,-1.5622203634411957
176.02,2.33189517879155,0.2128133767641575,-1.5889136816604275
176.03,2.33401995644035,0.21214111620434517,-1.6170035296375802
176.04,2.33613798024974,0.21146259521223065,-1.6440388948602722
176.05,2.33824918724638,0.21077774486540912,-1.6715733786113678
176.06,2.34035351381432,0.21008649552007874,-1.7009773258061551
176.07,2.34245089557314,0.2093887709649282,-1.730144099893759
176.08,2.34454126740141,0.2086844970391577,-1.7602605796383008
176.09,2.34662456342731,0.20797359719066563,-1.7907760391458138
176.1,2.34870071700298,0.20725599466567454,-1.8215532050371843
176.11,2.35076966072282,0.20653161309641677,-1.853214147376851
176.12,2.35283132640561,0.20580037392931758,-1.8854932307954915
176.13,2.35488564507678,0.2050621974738191,-1.9183252446470154
176.14,2.35693254696314,0.20431700339399822,-1.9513189710659373
176.15,2.3589719614862,0.20356471218472283,-1.9854250713817185
176.16,2.36100381727369,0.20280524128108252,-2.0203155291564845
176.17,2.36302804209901,0.2020385064426959,-2.055388835017492
176.18,2.36504456291189,0.20126442439641531,-2.090835544885595
176.19,2.36705330581868,0.20048291210988944,-2.1269944312321427
176.2,2.36905419610348,0.19969388513214986,-2.1644657182706304
176.21,2.37104715817854,0.1988972552788478,-2.202159417693806
176.22,2.37303211557491,0.19809293510783718,-2.240283884564035
176.23,2.37500899095666,0.19728083750826242,-2.278186072661901
176.24,2.3769777061155,0.19646087782831206,-2.3180246913087976
176.25,2.37893818200227,0.1956329651794153,-2.3588154419570517
176.26,2.38089033860039,0.19479700646801712,-2.399233824907288
176.27,2.38283409501425,0.1939529121831892,-2.43940546442068
176.28,2.38476936943518,0.19310059579749445,-2.480917487216362
176.29,2.38669607921861,0.19223996681414132,-2.524589003480062
176.3,2.38861414073957,0.1913709277525692,-2.5675374856015587
176.31,2.39052346943167,0.1904933857519368,-2.6107332045286253
176.32,2.39242397980935,0.18960724961833247,-2.652839324587635
176.33,2.39431558548662,0.18871243384032121,-2.698557989751216
176.34,2.39619819922497,0.18780884004527082,-2.745226113623903
176.35,2.39807173269579,0.1868963676032287,-2.790448524795447
176.36,2.39993609667728,0.1859749242049717,-2.8340415709797484
176.37,2.40179120099271,0.18504442603459736,-2.880608785510724
176.38,2.40363695469573,0.18410477858017416,-2.9304103765319756
176.39,2.40547326571924,0.18315587607532122,-2.9773347150335336
176.4,2.4073000410599,0.1821976257842417,-3.024473294442183
176.41,2.40911718677703,0.18122993737483828,-3.0698148358775246
176.42,2.41092460806394,0.18025272838116946,-3.1206182430908203
176.43,2.41272220926658,0.17926589607383248,-3.1717589285325913
176.44,2.41450989357056,0.178269337542325,-3.2204304217330004
176.45,2.41628756330113,0.1772629625025816,-3.2662541782626695
176.46,2.41805511983526,0.1762466938021808,-3.3162355221666626
176.47,2.41981246388387,0.17522043863000086,-3.3697775537551955
176.48,2.42155949497622,0.17418409145149769,-3.4185556925190874
176.49,2.42329611179321,0.17313756728151164,-3.4658644890163797
176.5,2.4250222121358,0.172080789025586,-3.5169394683659814
176.51,2.42673769308673,0.17101366538234686,-3.569932248567185
176.52,2.42844245064131,0.16993609873759605,-3.6185576917059095
176.53,2.43013637999141,0.16884801039874775,-3.6663937757632326
176.54,2.43181937552473,0.16774932637847462,-3.7178408990830074
176.55,2.43349133090624,0.1666399587670971,-3.7704058587050353
176.56,2.43515213879453,0.16551981657850398,-3.8174723490762394
176.57,2.43680169109776,0.16438883217692787,-3.8646226037900395
176.58,2.43843987906747,0.16324693871377546,-3.9162084259011642
176.59,2.44006659322853,0.16209405166074017,-3.967525643890673
176.6,2.44168172319504,0.16093008903732553,-4.011245471591447
176.61,2.44328515791903,0.1597550004645158,-4.057814276850734
176.62,2.44487678590699,0.15856872487549634,-4.108820863304779
176.63,2.44645649486839,0.1573711829153261,-4.1569436209709645
176.64,2.44802417180486,0.15616230852691557,-4.196556422503679
176.65,2.44957970315215,0.15494207098268137,-4.24247728478824
176.66,2.45112297515384,0.15371041399501556,-4.2920550789912175
176.67,2.45265387314231,0.1524672659573234,-4.334164610819478
176.68,2.45417228204674,0.15121258715783034,-4.371188337301811
176.69,2.45567808638047,0.1499463600498352,-4.414568201006397
176.7,2.45717117060018,0.1486685397862379,-4.460605771668254
176.71,2.45865141836385,0.14737907044801343,-4.496783831438008
176.72,2.46011871313943,0.1460779383892626,-4.530183919347535
176.73,2.46157293824071,0.1447651426834895,-4.5704994459845665
176.74,2.46301397700835,0.1434406516315175,-4.611421682405213
176.75,2.46444171219319,0.14210443077659804,-4.642484477831462
176.76,2.46585602656349,0.1407564895919015,-4.669904502214599
176.77,2.46725680298864,0.13939685397524143,-4.7057186374047095
176.78,2.46864392462092,0.13802551166391214,-4.741873530089907
176.79,2.4700172741756,0.13664244862017227,-4.766521042080666
176.8,2.4713767346595,0.13524770336227343,-4.7881814702684276
176.81,2.47272218946286,0.13384132883631494,-4.818426589083767
176.82,2.47405352251553,0.13242333772848966,-4.848533481274572
176.83,2.47537061756348,0.13099374318367163,-4.8668308957955535
176.84,2.47667335893704,0.1295526141654883,-4.882927709357061
176.85,2.4779616316529,0.12810003139715292,-4.906864316279531
176.86,2.47923532153103,0.12663603769544157,-4.930165465550835
176.87,2.48049431454774,0.12516067909010092,-4.9423469416155905
176.88,2.48173849757231,0.12367405663199493,-4.952807226066563
176.89,2.48296775849233,0.12217628174939765,-4.9702765497007695
176.9,2.48418198629191,0.12066743113616404,-4.986718450853296
176.91,2.48538107049461,0.11914758739268358,-4.992987757096761
176.92,2.48656490185421,0.11761688638907883,-4.997972429353081
176.93,2.48773337250361,0.11607547327765108,-5.009160648857086
176.94,2.48888637599722,0.11452346194441576,-5.019023302852815
176.95,2.49002380684537,0.11296097482526024,-5.0199157820339755
176.96,2.49114556115496,0.11138818464734672,-5.020095033214138
176.97,2.4922515367865,0.10980527173048613,-5.02535635811641
176.98,2.49334163336858,0.10821239076081272,-5.029139595124681
176.99,2.49441575194667,0.10660970730802521,-5.0255965514142265
177.0,2.49547379554502,0.1049974317018254,-5.0219033715969115
177.01,2.49651566932106,0.10337578008333681,-5.022001994791877
177.02,2.49754128055948,0.1017449502966709,-5.020513474543931
177.03,2.49855053845235,0.10010515338565082,-5.014152856618379
177.04,2.49954335455974,0.09845663459814302,-5.007289416058519
177.05,2.50051964291686,0.09679964840860016,-5.002927685298405
177.06,2.50147932012378,0.09513443930751672,-4.9977958542378875
177.07,2.50242230515564,0.09346126224875444,-4.989440962562954
177.08,2.50334851975308,0.09178039898085263,-4.981132687330411
177.09,2.50425788848141,0.0900921389349052,-4.9736285061451655
177.1,2.50515033885224,0.08839677343691621,-4.965803639870674
177.11,2.50602580127673,0.08669460365425449,-4.956805364172929
177.12,2.50688420930321,0.08498594643610395,-4.94901933226959
177.13,2.50772549965066,0.08327112010507731,-4.939847656823511
177.14,2.50854961227135,0.08155046171247257,-4.930386517768677
177.15,2.50935649060924,0.07982432038382559,-4.922234289393892
177.16,2.51014608156635,0.07809304540716082,-4.916460298709594
177.17,2.5109183355646,0.0763569798580018,-4.907440548789452
177.18,2.51167320646537,0.07461650239026785,-4.897821971245378
177.19,2.51241065221844,0.07287200864176299,-4.8918416107491485
177.2,2.51313063451024,0.07112387793315467,-4.889522750932617
177.21,2.51383311888655,0.06937247332866234,-4.882471258122855
177.22,2.51451807445827,0.067618209819346,-4.8743050400384105
177.23,2.51518547500324,0.06586152650590593,-4.871856123782803
177.24,2.51583529826544,0.06410282933424125,-4.874435894469658
177.25,2.5164675261632,0.06234249546875533,-4.871127517330113
177.26,2.51708214421784,0.06058097007265081,-4.866080906957582
177.27,2.51767914316619,0.058818731499151365,-4.8686118080473735
177.28,2.51825851788064,0.05705620756928746,-4.877421211387849
177.29,2.5188202676857,0.055293783619070336,-4.879630696049241
177.3,2.51936439546561,0.05353192776806903,-4.879510396539826
177.31,2.51989090981166,0.05177115165709475,-4.888527881070134
177.32,2.52039982355615,0.05001189929889627,-4.9047675167881915
177.33,2.52089115421117,0.04825455912738826,-4.914288089470407
177.34,2.52136492274582,0.04649961418584647,-4.921039244162026
177.35,2.52182115623373,0.04474760173925526,-4.9384833964816215
177.36,2.52225988603433,0.04299897213357514,-4.962518272756842
177.37,2.52268114831054,0.04125412167716262,-4.981671786274095
177.38,2.52308498270427,0.0395135341438313,-4.997970879541752
177.39,2.52347143499199,0.03777775734367846,-5.024745644530238
177.4,2.52384055538867,0.0360472493070807,-5.058200733282205
177.41,2.5241923989045,0.03432240969084196,-5.088907785644317
177.42,2.5245270240875,0.03260371268393551,-5.117157905984857
177.43,2.52484449541973,0.03089170449393682,-5.1549198961628875
177.44,2.52514488198844,0.029186848150838017,-5.199699930648313
177.45,2.52542825757275,0.02748954146517176,-5.243952123970123
177.46,2.52569469953356,0.02580023988675295,-5.286576978653596
177.47,2.52594429080487,0.024119477514332004,-5.337587766196163
177.48,2.52617711905899,0.022447717244670578,-5.395985206151167
177.49,2.52639327647447,0.020785349297436362,-5.4558847994627655
177.5,2.526592858821,0.0191328041966754,-5.51555563143555
177.51,2.52677596698526,0.017490594311919683,-5.5827079155181245
177.52,2.52694270664171,0.01585917505680564,-5.657457652172644
177.53,2.52709318772272,0.014238923814909507,-5.735523455219198
177.54,2.52722752371386,0.012630241466837777,-5.815294428985809
177.55,2.52734583270467,0.011033610278735988,-5.902089202725255
177.56,2.52744823752129,0.00944947033485096,-5.996570065412907
177.57,2.52753486494871,0.007878180689191439,-6.095941674662106
177.58,2.527605845226,0.00632010894924262,-6.199415272511176
177.59,2.52766131265965,0.004775700540575005,-6.310074528502555
177.6,2.5277014061349,0.0032453723055714256,-6.428448109748768
177.61,2.52772626815504,0.00172945959500496,-6.553094184518868
177.62,2.52773604451245,0.0002282940223345224,-6.684639880104202
177.63,2.52773088452865,-0.001257721223664928,-6.824240260204397
177.64,2.5277109418411,-0.002728200073835267,-6.971622280539637
177.65,2.52767637333108,-0.004182835773995179,-7.126570656491156
177.66,2.52762733894075,-0.0056213343587370925,-7.2915395492272195
177.67,2.52756400161873,-0.007043339160761608,-7.466168505168659
177.68,2.52748652826535,-0.008448501800669325,-7.648828069530992
177.69,2.52739508862717,-0.009836548334218875,-7.840433719012253
177.7,2.52728985522435,-0.01120722317197916,-8.04537016248245
177.71,2.52717100309084,-0.012560219218530715,-8.26227726053859
177.72,2.52703871075535,-0.013895231800165053,-8.487839106987007
177.73,2.52689315918139,-0.015212023286407621,-8.724039274372005
177.74,2.52673453176477,-0.016510376636428663,-8.976890181980487
177.75,2.52656301396057,-0.01779003605798154,-9.244606858382927
177.76,2.52637879418516,-0.01905074538163983,-9.522205766840258
177.77,2.52618206287147,-0.020292306061760655,-9.81272840249069
177.78,2.52597301249777,-0.021514539289576216,-10.122981776589155
177.79,2.52575183718886,-0.02271724115858002,-10.451335650764184
177.8,2.52551873343903,-0.023900207481423557,-10.791649715773715
177.81,2.52527389934058,-0.025063280744911747,-11.148141519774937
177.82,2.5250175346093,-0.026206319387008424,-11.52678860744746
177.83,2.52474984024041,-0.027329170986741445,-11.9266651219637
177.84,2.52447101896411,-0.02843168559626038,-12.341661650332933
177.85,2.52418127469747,-0.029513747833402142,-12.778028978632168
177.86,2.52388081253733,-0.030575250017095268,-13.23722186780066
177.87,2.52356983856618,-0.03161608996348949,-13.719650495555806
177.88,2.52324855991584,-0.03263617385207418,-14.223190130748897
177.89,2.52291718452117,-0.03363542602108731,-14.749911109093132
177.9,2.5225759210395,-0.03461378340002079,-15.30180775488348
177.91,2.52222497867799,-0.03557119169332509,-15.87862816668915
177.92,2.5218645671784,-0.03650760716732426,-16.48394969367642
177.93,2.52149489663557,-0.03742299064833551,-17.116582269759203
177.94,2.52111617756022,-0.0383173127823507,-17.771176731929824
177.95,2.52072862061035,-0.039190564865017784,-18.45700888129994
177.96,2.52033243651052,-0.04004274103864466,-19.17085705312597
177.97,2.51992783602177,-0.040873845192164936,-19.909485117247943
177.98,2.51951502977622,-0.04168389649383819,-20.673866001637403
177.99,2.51909422815901,-0.04247292639714869,-21.466283026295336
178.0,2.5186656411877,-0.043240973793416224,-22.291527336363007
178.01,2.51822947848127,-0.043988079306426606,-23.136873338255683
178.02,2.51778594920951,-0.044714300660764206,-24.002632944039952
178.03,2.51733526185026,-0.045419708379179635,-24.912964592645135
178.04,2.51687762421891,-0.04610435994623815,-25.83543673105663
178.05,2.51641324356197,-0.046768334238726325,-26.751730460149506
178.06,2.51594232609674,-0.04741174229584422,-27.714073156668416
178.07,2.51546507698155,-0.04803467354450216,-28.754714099407707
178.08,2.51498170065105,-0.04863718204899022,-29.643659715868182
178.09,2.51449240082179,-0.04921945520452997,-30.65438626673718
178.1,2.51399737866454,-0.04978159821059647,-31.767533164294797
178.11,2.51349683571401,-0.050323664004906885,-32.60896453185154
178.12,2.51299097157408,-0.050845887926324426,-33.68913446201186
178.13,2.5124799837787,-0.051348360464276155,-34.70154645369474
178.14,2.51196406973322,-0.05183121455244096,-35.5792624079996
178.15,2.51144342424284,-0.05229465334576726,-36.66619009747996
178.16,2.51091824103349,-0.05273876892182283,-37.49438512522802
178.17,2.51038871258235,-0.05316377455846973,-38.4118527373341
178.18,2.50985502871992,-0.05356982958349965,-39.373486978590044
178.19,2.5093173786813,-0.053957065072426,-40.04136163440844
178.2,2.50877594937511,-0.05432572420898489,-40.931940317127285
178.21,2.50823092563256,-0.05467594383026242,-41.570076333927354
178.22,2.50768249123508,-0.055007943645316956,-42.166428342883265
178.23,2.50713082682069,-0.055321935546774156,-42.98568183399965
178.24,2.50657611211759,-0.05561803230020128,-43.32994233998306
178.25,2.50601852495825,-0.055896499124334184,-43.74209294368274
178.26,2.50545824021158,-0.056157552285326005,-44.33203049427243
178.27,2.50489543146753,-0.05640132572265477,-44.50763809921922
178.28,2.50433027046607,-0.05662807017218959,-44.664524324135385
178.29,2.50376292608089,-0.05683801817206365,-44.99413269628264
178.3,2.50319356553912,-0.0570313253984008,-44.97650951561528
178.31,2.50262235423258,-0.05720823404866312,-44.87157305467773
178.32,2.5020494547274,-0.05736899017099173,-44.94644617441035
178.33,2.50147502767297,-0.05751376549008036,-44.72768415249587
178.34,2.50089923188276,-0.05764279870631069,-44.36758215190274
178.35,2.50032222333427,-0.05775634963075908,-44.20059952562929
178.36,2.49974415586256,-0.05785460429440503,-43.829288099300854
178.37,2.49916518146706,-0.057937789509243665,-43.28871008802053
178.38,2.49858544946041,-0.058006164301582785,-42.87492869933275
178.39,2.49800510685818,-0.05805993670332521,-42.41138612933792
178.4,2.49742429870771,-0.05809931284775176,-41.860330802640135
178.41,2.49684316784986,-0.0581245125490959,-41.225917937299265
178.42,2.49626185493558,-0.05813576872517231,-40.60441525199397
178.43,2.49568049818703,-0.05813330537251712,-39.74298999606293
178.44,2.49509923365209,-0.05811740226250306,-39.072463827453156
178.45,2.49451819422664,-0.058088278173251684,-38.484883701106654
178.46,2.49393751152396,-0.05804611987109872,-37.728788879465114
178.47,2.49335731454278,-0.057991152051809866,-37.15845289045348
178.48,2.49277773056574,-0.057923549587564814,-36.273760202793675
178.49,2.4921988848071,-0.05784357112700682,-35.50101603231985
178.5,2.49162089958903,-0.057751451582691946,-34.46097768907744
178.51,2.49104389526434,-0.057647496752681146,-33.73011657350994
178.52,2.49046798841358,-0.05753192163133747,-33.17503255697099
178.53,2.48989329501382,-0.057404886171589606,-32.385862364780046
178.54,2.48931992818063,-0.057266611435310054,-31.930388770852133
178.55,2.48874799974133,-0.057117232371857916,-30.97024248151443
178.56,2.4881776196059,-0.05695703372875875,-30.10010052217334
178.57,2.4876088943006,-0.05678627884457462,-29.62551656525401
178.58,2.48704192870224,-0.05660511368100751,-28.889668107554467
178.59,2.4864768259734,-0.05641376235801336,-28.123153943191284
178.6,2.48591368663002,-0.0562124649372701,-27.54048001294004
178.61,2.4853526092058,-0.056001407656088485,-26.946505552681277
178.62,2.48479369035391,-0.05578078273599981,-26.257139102965873
178.63,2.48423702468325,-0.05555081896356784,-25.56793200709865
178.64,2.48368270437794,-0.05531174580857279,-25.207703092978644
178.65,2.48313081967367,-0.055063691117640534,-24.601915091784793
178.66,2.4825814597743,-0.05480686605966086,-23.903179053648064
178.67,2.48203471078825,-0.054541519817241646,-23.449800153116982
178.68,2.48149065722174,-0.054267822865824066,-23.03839693104104
178.69,2.48094938163126,-0.05398593122758477,-22.539132683335488
178.7,2.48041096526228,-0.05369603735085142,-21.987101264969823
178.71,2.47987548685988,-0.05339835661992328,-21.601334949015254
178.72,2.4793430235328,-0.05309305215896269,-21.13217791907977
178.73,2.47881365058981,-0.05278031743766176,-20.717991871949867
178.74,2.4782874413608,-0.05246033122594529,-20.34591781825424
178.75,2.4777644675764,-0.05213326044538984,-19.944850656259895
178.76,2.47724479917263,-0.051799285244669147,-19.59881341234768
178.77,2.4767285043379,-0.05145856979643648,-19.251051749750125
178.78,2.47621564968216,-0.051111282126566536,-18.89727391397976
178.79,2.47570630002821,-0.05075759603174006,-18.583147484432097
178.8,2.4752005185503,-0.050397673686164435,-18.279094357649758
178.81,2.47469836680683,-0.05003167589433163,-17.98635953180251
178.82,2.47419990475346,-0.04965976215024481,-17.706812462673916
178.83,2.47370519076081,-0.04928208973268289,-17.43934522056394
178.84,2.47321428164017,-0.048898813701988196,-17.19247612893176
178.85,2.47272723266843,-0.04851008342322549,-16.955190494217323
178.86,2.47224409765866,-0.048116046989676864,-16.720417397282002
178.87,2.47176492891952,-0.047716853986442175,-16.50453504825652
178.88,2.47128977728765,-0.047312648752806385,-16.29868456880559
178.89,2.47081869217872,-0.046903573582327926,-16.10189150973421
178.9,2.4703517215826,-0.04648976905525792,-15.9202755191154
178.91,2.469888912109,-0.04607137142282891,-15.746153348087626
178.92,2.46943030901652,-0.045648515569755396,-15.583741505285529
178.93,2.46897595622082,-0.045221333206257874,-15.432629236852593
178.94,2.46852589634553,-0.04478995301333555,-15.2852975614122
178.95,2.46808017072583,-0.04435450374191315,-15.149802409901664
178.96,2.4676388194182,-0.04391511064926561,-15.025182459243657
178.97,2.46720188125121,-0.043471895942504,-14.898342614471021
178.98,2.46676939382648,-0.04302498417249427,-14.792581983736362
178.99,2.46634139350517,-0.042574491750920394,-14.697546245298744
179.0,2.46591791555058,-0.042120531394755176,-14.602833009734423
179.01,2.46549899405412,-0.04166321751625235,-14.50080650905844
179.02,2.46508466198545,-0.04120266943242745,-14.422412440946378
179.03,2.46467495108608,-0.040738996330606334,-14.364702017648945
179.04,2.46426989213815,-0.04027229868966975,-14.29337072200509
179.05,2.46386951483539,-0.03980268444991516,-14.232142985270645
179.06,2.46347384782269,-0.03933025854352401,-14.176651024132033
179.07,2.46308291869639,-0.03885512392149959,-14.13566474769572
179.08,2.46269675405137,-0.03837737741848961,-14.098912626763239
179.09,2.46231537953541,-0.03789711471184158,-14.06433778050158
179.1,2.46193881982507,-0.037414431694834015,-14.030867745535135
179.11,2.46156709865141,-0.03692942466035539,-14.012860429943288
179.12,2.46120023878275,-0.03644218289384031,-14.003234462298874
179.13,2.46083826215609,-0.03595279217290711,-13.993686302724543
179.14,2.46048118980977,-0.035461339636648034,-13.97348887664942
179.15,2.46012904192832,-0.03496791895188922,-13.973699997699697
179.16,2.45978183771699,-0.03447261370675969,-13.99448954242511
179.17,2.45943959568808,-0.033975497408670716,-14.000686398278974
179.18,2.45910233353266,-0.03347665188025983,-14.010252759492763
179.19,2.45877006814272,-0.032976158909751405,-14.021468434168618
179.2,2.45844281557974,-0.0324740997937593,-14.05441729463972
179.21,2.45812059113389,-0.031970544687735344,-14.08843426723154
179.22,2.45780340943727,-0.03146556370623814,-14.117323922942173
179.23,2.45749128436549,-0.03095923098175672,-14.145698306430763
179.24,2.45718422907729,-0.030451621725591238,-14.19340776138085
179.25,2.45688225597186,-0.029942800725653772,-14.24836448998479
179.26,2.4565853768953,-0.02943282929707136,-14.292453772565123
179.27,2.45629360299665,-0.028921775327176807,-14.35146745938221
179.28,2.45600694479126,-0.028409699805002447,-14.399812897981176
179.29,2.4557254121788,-0.02789667083932986,-14.444931035103696
179.3,2.4554490143291,-0.02738275844009023,-14.531199616854222
179.31,2.45517775980009,-0.026868008658901637,-14.610231834637599
179.32,2.45491165677439,-0.026352471957757917,-14.670590257515702
179.33,2.45465071278019,-0.025836210567490674,-14.75848716849872
179.34,2.45439493480483,-0.02531927325801394,-14.7945177424691
179.35,2.45414432931171,-0.024801740481417145,-14.87487306550832
179.36,2.45389890181751,-0.024283664834900964,-15.004555332709927
179.37,2.4536586577394,-0.023765068001413425,-15.07779509648728
179.38,2.45342360200654,-0.02324600661793852,-15.16221317253957
179.39,2.45319373898412,-0.022726532745838877,-15.26240535760259
179.4,2.45296907256942,-0.022206690311836013,-15.313449044692915
179.41,2.45274960617194,-0.02168655492541157,-15.429312473881481
179.42,2.45253534234652,-0.021166158560899838,-15.564348383005424
179.43,2.45232628379197,-0.020645520158272628,-15.638436103736785
179.44,2.45212243255697,-0.02012469973551312,-15.7480252466275
179.45,2.45192379027453,-0.019603735823832867,-15.850619023977778
179.46,2.45173035817526,-0.019082671250747474,-15.948518850415516
179.47,2.45154213703715,-0.018561552293916428,-16.06719364404409
179.48,2.45135912720802,-0.01804040980641538,-16.18497704253779
179.49,2.45118132881188,-0.01751927505044456,-16.290869026120838
179.5,2.45100874154987,-0.016998188189350692,-16.410229200023604
179.51,2.450841364778,-0.016477180489900732,-16.507747325507527
179.52,2.4506791975197,-0.015956300508675657,-16.619135453102793
179.53,2.45052223822931,-0.015435584871755411,-16.756807868725275
179.54,2.45037048522139,-0.014915047567328385,-16.87186893082564
179.55,2.45022393657613,-0.014394720365829006,-16.98466645390531
179.56,2.45008259000234,-0.013874637426151509,-17.112524820241955
179.57,2.44994644292081,-0.013354821568582292,-17.18819715920429
179.58,2.44981549246997,-0.012835342822833015,-17.321859415859134
179.59,2.4496897349054,-0.012316214383364018,-17.475024376881578
179.6,2.4495691670178,-0.011797428669313437,-17.566830950487294
179.61,2.44945378502945,-0.011279036371325546,-17.68957970169849
179.62,2.44934358490269,-0.010761059740501308,-17.804144651496916
179.63,2.44923856234908,-0.010243527603996199,-17.906740278257768
179.64,2.4491387127437,-0.009726481184161678,-18.03290750394388
179.65,2.44904403107001,-0.009209931553847788,-18.15697206647137
179.66,2.44895451241223,-0.008693889376054642,-18.261026261315983
179.67,2.44887015148378,-0.008178388143268805,-18.37407650034995
179.68,2.44879094277899,-0.0076634488820152375,-18.48533067066209
179.69,2.44871688058128,-0.0071490896027204265,-18.609309463741504
179.7,2.44864795905807,-0.006635304382340834,-18.707226616626844
179.71,2.44858417246875,-0.0061221262015169016,-18.80167002787133
179.72,2.44852551440463,-0.005609591146064445,-18.91403536665445
179.73,2.44847197849794,-0.0050976989305858336,-19.013430149531892
179.74,2.44842355822912,-0.004586464411985662,-19.11293739819358
179.75,2.44838024693634,-0.004075901552669237,-19.173981097930188
179.76,2.44834203764127,-0.003566123093919534,-19.283947730436317
179.77,2.44830892198146,-0.0030570964045129045,-19.39706421478288
179.78,2.44828089336135,-0.002548759224104321,-19.462681269125763
179.79,2.44825794426552,-0.002041187873399094,-19.54795555223144
179.8,2.44824006702064,-0.0015343917575923647,-19.62634747991338
179.81,2.44822725380059,-0.0010283883678334031,-19.703773734259833
179.82,2.44821949665282,-0.0005231599310947151,-19.773399998684017
179.83,2.4482167879271,-1.8732456848654287e-05,-19.839260665675045
179.84,2.44821911922445,0.00048485591658635013,-19.902768330302482
179.85,2.44822648226845,0.0009876130724932135,-19.961171737879038
179.86,2.44823886867363,0.0014895264414116482,-20.0139587967222
179.87,2.44825626995184,0.001990589561429168,-20.06942458638058
179.88,2.4482786775186,0.0024907642503106215,-20.112940395882344
179.89,2.44830608228084,0.0029900502301005716,-20.14739158542429
179.9,2.44833847559559,0.0034884624743436454,-20.187155376789313
179.91,2.44837584854015,0.00398597601656651,-20.2170501216633
179.92,2.44841819209616,0.004482583471573006,-20.240621876812757
179.93,2.44846549716341,0.0049782791838315354,-20.269681408991524
179.94,2.44851775456508,0.005473037893410915,-20.28370644584717
179.95,2.44857495478945,0.0059668554211837295,-20.28515314326074
179.96,2.44863708855727,0.006459740779400184,-20.29468250349958
179.97,2.44870414645039,0.006951679108417134,-20.29442735936716
179.98,2.44877611895907,0.00744266305001314,-20.285805673617862
179.99,2.44885299651084,0.007932688738162183,-20.286710441448744
180.0,2.44893476947487,0.008421734754160415,-20.27066803814966
180.01,2.44902142792821,0.00890979553392161,-20.236042147577187
180.02,2.44911296212753,0.009396881198164841,-20.21361848552195
180.03,2.44920936226805,0.009882981520429695,-20.183202882994017
180.04,2.44931061844981,0.010368088987984988,-20.142676694729403
180.05,2.449416720724,0.010852200595667938,-20.110576279505644
180.06,2.44952765909657,0.01133530147253333,-20.06447736895449
180.07,2.44964342337065,0.011817385843252797,-19.997813838365047
180.08,2.44976400344631,0.012298461596841708,-19.941755763104602
180.09,2.44988938922073,0.012778523056511393,-19.881513772095108
180.1,2.45001957050559,0.013257563509390854,-19.81179642917007
180.11,2.45015453707811,0.013735580067749295,-19.740289024144108
180.12,2.45029427868422,0.014212568627069988,-19.647989785673573
180.13,2.45043878504164,0.014688535893640314,-19.56773997105271
180.14,2.45058804597858,0.015163476685324067,-19.49003893180198
180.15,2.45074205112575,0.01563738099410461,-19.38762135581998
180.16,2.45090079015486,0.016110252632691356,-19.289201086762457
180.17,2.45106425273259,0.016582090524974724,-19.183046076030273
180.18,2.45123242851738,0.017052895281070384,-19.069428088968994
180.19,2.45140530716291,0.01752266454084772,-19.07824296725912
180.2,2.45158287816369,0.017991327380406652,-18.897457351111967
180.21,2.45176513015817,0.018458922421771273,-18.68646184102055
180.22,2.45195205319381,0.018925503892001466,-18.650741625521558
180.23,2.45214363671326,0.01939102366849873,-18.51345592986029
180.24,2.45233987013737,0.019855484481671553,-18.394419033701656
180.25,2.45254074286643,0.02031888172693656,-18.239046893516313
180.26,2.45274624428137,0.02078122989724133,-18.031732244355204
180.27,2.45295636405803,0.021242564926412154,-17.964065547276963
180.28,2.4531710920825,0.021702849414365993,-17.867572367428775
180.29,2.4533904174843,0.0221620588774063,-17.665308664963636
180.3,2.45361432976181,0.022620221803400696,-17.525956657008805
180.31,2.45384281842722,0.023077336736262076,-17.356850449735397
180.32,2.45407587300945,0.023533410665973108,-17.27968807811721
180.33,2.45431348305707,0.023988406719340404,-17.16574752173285
180.34,2.45455563752069,0.024442307441755833,-16.90152441891411
180.35,2.45480232571082,0.024895165005175045,-16.740769524641735
180.36,2.45505353734644,0.025346983648766308,-16.625525760735545
180.37,2.45530926186245,0.025797743495803438,-16.45743081092051
180.38,2.45556948869588,0.02624744718442059,-16.30670602139851
180.39,2.45583420728684,0.026696092208907306,-16.091983322532247
180.4,2.45610340707943,0.027143702255568357,-15.9355590935947
180.41,2.45637707786578,0.027590274700439732,-15.820070297362607
180.42,2.45665520905673,0.028035788394783122,-15.627801797602128
180.43,2.45693779014119,0.028480254818900413,-15.455431716420868
180.44,2.45722481067534,0.028923678283491554,-15.286927579324066
180.45,2.45751626023639,0.029366060859018866,-15.102860388217326
180.46,2.45781212842431,0.029807407750503945,-15.034684997662277
180.47,2.45811240482987,0.030247678835422974,-14.817831964580783
180.48,2.45841707849312,0.030686895660414493,-14.567118106269126
180.49,2.45872613932662,0.03112509470966085,-14.467029393243559
180.5,2.45903957691906,0.031562250470159224,-14.287614454668
180.51,2.45935738087223,0.03199836708366692,-14.12276564956378
180.52,2.45967954080158,0.03243344506943154,-13.947228384116457
180.53,2.46000604633674,0.03286749046218877,-13.729232547555462
180.54,2.46033688722681,0.0333005249870159,-13.601857838533535
180.55,2.46067205341861,0.033732534010744164,-13.46899861610282
180.56,2.4610115344581,0.0341635047971615,-13.263421136061563
180.57,2.46135532010577,0.0345934545075773,-13.102172131367025
180.58,2.46170340014843,0.0350223842527253,-12.935613071302303
180.59,2.46205576440034,0.03545029683449016,-12.756390808954443
180.6,2.46241240270433,0.03587719851525506,-12.661017350028283
180.61,2.46277330493283,0.03630306438623758,-12.473329442843001
180.62,2.46313846058652,0.036727906670160536,-12.249033208553868
180.63,2.46350785973151,0.03715175325340973,-12.130049769630455
180.64,2.46388149229335,0.03757459098573761,-11.967803790031077
180.65,2.46425934819706,0.037996422252188175,-11.808637160565251
180.66,2.46464141739263,0.03841724978110861,-11.6504722787876
180.67,2.46502768985549,0.03883707633163258,-11.497431487869688
180.68,2.46541815558706,0.039255903141488524,-11.344920127173776
180.69,2.4658128045927,0.03967373189369313,-11.186147442887247
180.7,2.46621162691333,0.0400905673482573,-11.033174113349151
180.71,2.46661461263841,0.04050641260155604,-10.884792702407971
180.72,2.46702175187095,0.04092126941066902,-10.734942310326979
180.73,2.46743303474147,0.04133514066602858,-10.586806933905235
180.74,2.46784845140853,0.04174802924642451,-10.440220651984292
180.75,2.46826799205913,0.04215993786957917,-10.301194672492462
180.76,2.46869164690266,0.04257086704006301,-10.153842021148147
180.77,2.46911940615016,0.04298082122339657,-10.007342203713709
180.78,2.46955126009196,0.043389805268782375,-9.87126612605782
180.79,2.46998719902672,0.04379782048706815,-9.731736472638019
180.8,2.47042721328289,0.04420487005500536,-9.594673301538933
180.81,2.47087129321915,0.044610957015593186,-9.454802718250226
180.82,2.4713194292248,0.04501608555181521,-9.342397526978475
180.83,2.47177161172013,0.04542024980589421,-9.206586083367464
180.84,2.47222783102451,0.04582345420916697,-9.054317973236772
180.85,2.47268807764012,0.046225710821275655,-8.93553681115368
180.86,2.47315234207962,0.04662701888290914,-8.810519098066187
180.87,2.47362061486246,0.04702738016102437,-8.684437154632075
180.88,2.47409288653728,0.04742679776809829,-8.559889752003613
180.89,2.47456914768208,0.04782527485155027,-8.440525952896598
180.9,2.47504938890441,0.04822281299700822,-8.32468402641811
180.91,2.47553360081731,0.048619413175240066,-8.199457903708439
180.92,2.47602177405948,0.04901508098065592,-8.079593173021133
180.93,2.47651389934161,0.0494098205495878,-7.967985171176779
180.94,2.47700996738113,0.049803633128949386,-7.8532609446891986
180.95,2.47750996892456,0.05019652181833164,-7.740829330968717
180.96,2.47801389474761,0.05058848955141378,-7.629567286145402
180.97,2.47852173565525,0.050979539333665766,-7.523483409818452
180.98,2.47903348248048,0.051369672726275795,-7.41408603985417
180.99,2.47954912606748,0.05175889337542724,-7.305353101126072
181.0,2.4800686573183,0.05214720535599386,-7.202945376716168
181.01,2.48059206715276,0.05253461068765638,-7.099481087233878
181.02,2.48111934652,0.052921112402082304,-6.997951153352318
181.03,2.48165048639856,0.05330671344259501,-6.896462738466287
181.04,2.48218547779645,0.053691417159088914,-6.804708193093855
181.05,2.48272431175125,0.05407522335849624,-6.708092767206811
181.06,2.48326697928243,0.05445813473317814,-6.604406726529224
181.07,2.48381347148338,0.054840157848608705,-6.512219827376413
181.08,2.48436377948551,0.0552212948760733,-6.421456985377576
181.09,2.48491789443406,0.05560154772939659,-6.329792273610833
181.1,2.48547580750274,0.05598091937532394,-6.2398914154280805
181.11,2.48603750989369,0.056359412689765964,-6.150454313514659
181.12,2.48660299283751,0.05673703069816183,-6.071285013026097
181.13,2.48717224758945,0.05711377258275456,-5.981285161674206
181.14,2.48774526538504,0.057489643096164667,-5.890586059511291
181.15,2.488322037564,0.05786464803857472,-5.813130205357386
181.16,2.48890255546237,0.05823878769091555,-5.730515402328586
181.17,2.48948681044346,0.058612065037018844,-5.650122340964865
181.18,2.49007479389781,0.05898448279423689,-5.570674752686015
181.19,2.49066649724308,0.05935604375974328,-5.493830314184884
181.2,2.49126191192402,0.059726750041070684,-5.418826135296847
181.21,2.49186102940197,0.06009660351083228,-5.340985939706141
181.22,2.492463841164,0.06046560798426137,-5.2658176680313975
181.23,2.49307033874162,0.060833766598992575,-5.194224194073442
181.24,2.49368051368311,0.06120108127524911,-5.12205302277081
181.25,2.49429435756297,0.06156755470707598,-5.051325993085898
181.26,2.49491186198177,0.06193318949602178,-4.981026713816258
181.27,2.49553301856605,0.06229798844658019,-4.915914700197098
181.28,2.49615781896823,0.06266195240823096,-4.847843168949231
181.29,2.49678625484106,0.06302508425335418,-4.7781175458005025
181.3,2.49741831789286,0.06338738825785173,-4.71452741047829
181.31,2.49805399985269,0.06374886617132036,-4.650638985934243
181.32,2.49869329247033,0.06410952026576489,-4.587398007597496
181.33,2.49933618752026,0.06446935303883924,-4.525177082464501
181.34,2.49998267680153,0.06482836697713583,-4.4640471578048055
181.35,2.50063275213763,0.06518656440516561,-4.406737207719856
181.36,2.50128640537203,0.06554394626142601,-4.345658029128928
181.37,2.50194362835564,0.0659005159302358,-4.285314993245316
181.38,2.50260441299424,0.06625627694447264,-4.230134087928466
181.39,2.50326875120368,0.0666112305956664,-4.173473966416046
181.4,2.50393663492301,0.06696537930666417,-4.118079033885171
181.41,2.50460805611432,0.06731872537249681,-4.0633831439081485
181.42,2.50528300676256,0.06767127113331459,-4.01053052033353
181.43,2.50596147887538,0.06802301838683134,-3.958276260920994
181.44,2.50664346447549,0.06837396908526694,-3.905116123806773
181.45,2.50732895561134,0.06872412612965637,-3.853914709268079
181.46,2.50801794436001,0.06907349181113724,-3.8042281092062225
181.47,2.50871042281598,0.06942206798441856,-3.754687514265703
181.48,2.50940638309527,0.06976985683235423,-3.7060637772615235
181.49,2.51010581733529,0.07011686048233878,-3.657856630302768
181.5,2.51080871769461,0.0704630811693252,-3.6126145050912455
181.51,2.51151507635282,0.0708085199307503,-3.565595715305008
181.52,2.51222488549519,0.07115317921726853,-3.5184042518123158
181.53,2.51293813734824,0.07149706201073913,-3.4747248859043487
181.54,2.5136548241519,0.07184016969983276,-3.430525336819469
181.55,2.51437493816521,0.07218250427749966,-3.3871128640305685
181.56,2.51509847166697,0.07252406771473727,-3.344320642479694
181.57,2.5158254169555,0.07286486199007033,-3.3025435653900836
181.58,2.51655576634845,0.07320488882251638,-3.2624351262299234
181.59,2.51728951217824,0.07354414937653284,-3.2206011274028206
181.6,2.51802664679019,0.07388264621130958,-3.1797144614459603
181.61,2.51876716256424,0.07422038171631673,-3.1413211994359953
181.62,2.51951105189109,0.07455735713476723,-3.1024046695418024
181.63,2.52025830717948,0.07489357432031163,-3.064278137794114
181.64,2.52100892085594,0.07522903504249001,-3.0267174683823796
181.65,2.5217628853646,0.07556374106599448,-2.989753551742921
181.66,2.52252019316695,0.07589769407897833,-2.9547208561702183
181.67,2.52328083673964,0.07623089497301727,-2.9180829097020253
181.68,2.52404480856678,0.07656334596666259,-2.881882539258549
181.69,2.52481210116648,0.07689504936208014,-2.848228002827997
181.7,2.52558270706567,0.07722600619376463,-2.8139914333859024
181.71,2.52635661880731,0.0775562181155635,-2.780454496452549
181.72,2.52713382895017,0.07788568669810185,-2.7474480066913034
181.73,2.52791433006861,0.07821441348875673,-2.714740404368815
181.74,2.5286981147523,0.07854240009056805,-2.6841231748987053
181.75,2.5294851756057,0.0788696471221928,-2.6519531620125965
181.76,2.53027550523602,0.07919615650441303,-2.6198697824524593
181.77,2.53106909628371,0.07952193042356134,-2.590353462391857
181.78,2.53186594139585,0.07984696969109603,-2.5601930816160308
181.79,2.53266603323351,0.08017127575642435,-2.5306665687007723
181.8,2.53346936447149,0.08049484997926608,-2.501602866403314
181.81,2.53427592779806,0.08081769369549334,-2.47277491733907
181.82,2.53508571591474,0.08113980830823561,-2.4457076781243523
181.83,2.53589872153605,0.08146119435167298,-2.4176002575975684
181.84,2.53671493737842,0.08178185333791074,-2.3892864189407326
181.85,2.5375343561853,0.08210178720684524,-2.363082115463949
181.86,2.53835697070819,0.08242099673602492,-2.3366269151162933
181.87,2.53918277370939,0.08273948307207699,-2.3105733000746804
181.88,2.54001175796282,0.08305724736933362,-2.2849497002615644
181.89,2.54084391625369,0.08337429074451268,-2.2595551817371167
181.9,2.54167924137827,0.0836906143632373,-2.2355022196623966
181.91,2.54251772614365,0.08400621871768785,-2.2109740791088086
181.92,2.54335936335891,0.08432110489186018,-2.1860206364613495
181.93,2.54420414585269,0.08463527452707102,-2.162631185565908
181.94,2.54505206646357,0.08494872840300038,-2.1394374934750506
181.95,2.54590311803768,0.08526146734542477,-2.1164254258289863
181.96,2.54675729343047,0.08557349228940729,-2.0938025747493585
181.97,2.54761458550644,0.08588480412948427,-2.0713975390823176
181.98,2.54847498713892,0.08619540379258088,-2.0500586083983974
181.99,2.54933849120974,0.08650529165147673,-2.0286616332162173
182.0,2.55020509060176,0.08681446836406778,-2.0065544601086
182.01,2.55107477821098,0.08712293534149929,-1.9856581918778042
182.02,2.55194754694515,0.08743069332658819,-1.9653466293620123
182.03,2.55282338971588,0.08773774279826618,-1.9449856908957013
182.04,2.55370229944177,0.08804408447110243,-1.9249992517582677
182.05,2.55458426904815,0.08834971900299286,-1.9052090546567242
182.06,2.55546929146678,0.08865464707667656,-1.8862531650571055
182.07,2.5563573596356,0.08895886892333524,-1.867664953679992
182.08,2.55724846649217,0.08926238472555248,-1.8480092337934406
182.09,2.55814260498047,0.08956519569113253,-1.8292595743187126
182.1,2.55903976805867,0.08986730254026225,-1.8115210703245892
182.11,2.55993994868466,0.09016870536699603,-1.793486554316783
182.12,2.56084313982086,0.09046940465341491,-1.775814373679495
182.13,2.56174933443395,0.09076940081125622,-1.7583272306873807
182.14,2.56265852549458,0.09106869426557622,-1.7414422266313991
182.15,2.56357070597707,0.09136728510423428,-1.7254116299603524
182.16,2.56448586885395,0.09166517296398762,-1.7078723736442012
182.17,2.5654040070964,0.09196235887056019,-1.6909352440350067
182.18,2.56632511369354,0.09225884356357147,-1.6755295803610666
182.19,2.56724918162932,0.09255462669435222,-1.6595321676445782
182.2,2.56817620388968,0.09284970850631513,-1.6439015034990365
182.21,2.5691061734622,0.09314408914907388,-1.628512120571874
182.22,2.57003908333582,0.09343776874477147,-1.6129988522994674
182.23,2.57097492650055,0.09373074756640806,-1.599946500503235
182.24,2.57191369594711,0.09402302410450222,-1.5843122706448214
182.25,2.57285538464455,0.0943145991508095,-1.568272999049701
182.26,2.57379998559528,0.09460547402782757,-1.5553540111812894
182.27,2.57474749178781,0.0948956476094239,-1.541102216727999
182.28,2.57569789620985,0.0951851199105902,-1.5272812461510339
182.29,2.57665119184798,0.09547389080503492,-1.5136741464740775
182.3,2.57760737168737,0.09576196013056557,-1.500032742613067
182.31,2.57856642871137,0.0960493278248024,-1.4879391671693754
182.32,2.5795283559013,0.09633599264967282,-1.4751911890994516
182.33,2.58049314622044,0.09662195411785184,-1.460894464622602
182.34,2.58146079264197,0.0969072132485945,-1.448470632415852
182.35,2.58243128814259,0.09719176959649042,-1.4365487625404723
182.36,2.58340462568867,0.09747562232608939,-1.4242364444244373
182.37,2.58438079824246,0.09775877106594408,-1.41221318685879
182.38,2.5853597987618,0.09804121535507138,-1.4002659635937005
182.39,2.58634162019972,0.09832295476241981,-1.3888779309998456
182.4,2.58732625550414,0.09860398840017363,-1.37893086777099
182.41,2.58831369760969,0.09888431431591313,-1.3662096146606206
182.42,2.58930393943354,0.09916393318726291,-1.3540030641523901
182.43,2.59029697391701,0.09944284539309031,-1.3442974229922149
182.44,2.59129279398023,0.09972104913473778,-1.33331288840125
182.45,2.59229139253604,0.09999854378340833,-1.322713230913426
182.46,2.59329276248961,0.10027532855142833,-1.3122853342880367
182.47,2.59429689673804,0.10055140261731414,-1.3015159515470491
182.48,2.59530378817006,0.1008267654117434,-1.294017968160277
182.49,2.59631342966556,0.10110141358010694,-1.282938801273414
182.5,2.59732581406036,0.1013753472237533,-1.2708572691504925
182.51,2.59834093423083,0.10164856754623827,-1.2629632266267314
182.52,2.59935878302537,0.10192107195448052,-1.2533154831340387
182.53,2.60037935328009,0.10219285940792726,-1.2439783929327901
182.54,2.6014026378199,0.1024639287797687,-1.2348135230995783
182.55,2.60242862945812,0.10273427888873125,-1.2254641484449784
182.56,2.60345732099604,0.10300390871639624,-1.2180814199000634
182.57,2.60448870522256,0.10327281545366626,-1.2099916299830105
182.58,2.60552277488945,0.10354099716044877,-1.199172704873561
182.59,2.60655952275096,0.10380845467301189,-1.1907369270453527
182.6,2.60759894156399,0.10407518665748554,-1.1833226951939726
182.61,2.60864102405812,0.1043411907466522,-1.174998508737073
182.62,2.60968576294783,0.10460646551476716,-1.1669830213263177
182.63,2.61073315093208,0.1048710093896547,-1.1589659167863389
182.64,2.6117831806939,0.1051348208474856,-1.1514393770288018
182.65,2.61283584489992,0.10539789779567452,-1.1464393494037681
182.66,2.61389113618885,0.10566023589343074,-1.1368165908815
182.67,2.6149490471562,0.10592183552799636,-1.1275277911288322
182.68,2.61600957043693,0.10618269690857071,-1.1223678126515788
182.69,2.6170726986212,0.10644281612957052,-1.11493690044501
182.7,2.61813842427982,0.10670219144835273,-1.1079841069984688
182.71,2.61920673996377,0.10696082085601319,-1.101167991412017
182.72,2.62027763820369,0.10721870229683703,-1.0936992886795909
182.73,2.62135111150944,0.10747583416142274,-1.091081933800114
182.74,2.62242715236956,0.10773221014234169,-1.0831248087094039
182.75,2.62350575319136,0.10798782956247625,-1.0730777417680306
182.76,2.62458690644197,0.10824269407434159,-1.0693243958215275
182.77,2.62567060454122,0.10849679890876744,-1.0631736435531536
182.78,2.62675683987952,0.10875014151998283,-1.0571365078650403
182.79,2.62784560482271,0.10900271946724753,-1.0512699009709414
182.8,2.62893689171149,0.10925453021068214,-1.0453730981184213
182.81,2.63003069286091,0.1095055712759141,-1.0396828541129661
182.82,2.63112700055984,0.10975583968875213,-1.0389957824441511
182.83,2.6322258070564,0.11000532756486234,-1.0301146234733292
182.84,2.63332710451276,0.11025403587116753,-1.0210707368925018
182.85,2.63443088517649,0.11050196593990202,-1.019638756037137
182.86,2.63553714121602,0.11074911094260213,-1.013968860431005
182.87,2.63664586476969,0.11099546825943016,-1.0090390948919152
182.88,2.63775704794525,0.11124103479891087,-1.004211633472421
182.89,2.6388706828192,0.11148580740734104,-0.9989590544883742
182.9,2.63998676143623,0.11172978325459937,-0.9964675599212407
182.91,2.64110527580865,0.11197295639759168,-0.9947440638748566
182.92,2.6422262178703,0.11221532040055493,-0.9857317652101129
182.93,2.64334957952405,0.11245687700784934,-0.9799942073786999
182.94,2.64447535271136,0.11269762451493101,-0.9785738720405935
182.95,2.64560352929619,0.11293755624141404,-0.974023201818627
182.96,2.64673410110563,0.11317666881108801,-0.9700690097162679
182.97,2.64786705992924,0.11341495844040539,-0.9662245493893518
182.98,2.64900239751843,0.11365242127832817,-0.9616858472370938
182.99,2.65014010558574,0.11388905397543189,-0.9618231829291084
183.0,2.65128017580423,0.11412484803600502,-0.9584430365481286
183.01,2.65242259973859,0.11435979913542912,-0.9508135998075729
183.02,2.65356736897691,0.11459390793775819,-0.9487485937303971
183.03,2.65471447507093,0.1148271688909075,-0.9464263240107008
183.04,2.65586390951042,0.11505957642099496,-0.943193401744912
183.05,2.65701566373976,0.11529112608789824,-0.9399684871987979
183.06,2.65816972915703,0.11552181343119639,-0.9384852849443791
183.07,2.65932609711326,0.11575163203909981,-0.9356684977515867
183.08,2.66048475888668,0.11598057712141804,-0.9315647200465904
183.09,2.66164570573227,0.11620864545490717,-0.9295527485051253
183.1,2.66280892885454,0.11643583143032821,-0.9273320148973098
183.11,2.66397441940155,0.11666212957833397,-0.9249593655229836
183.12,2.66514216846928,0.11688753469318118,-0.9220327886741887
183.13,2.66631216710079,0.11711204196267108,-0.9233914109458249
183.14,2.66748440628528,0.11733564166608312,-0.9209099942035686
183.15,2.66865887689403,0.11755832881417498,-0.9149525687996445
183.16,2.66983556981527,0.11778010273700476,-0.9140065385792767
183.17,2.67101447588301,0.11800095691583876,-0.9123712727901376
183.18,2.67219558586868,0.11822088553659442,-0.9069173405117822
183.19,2.67337889049141,0.1184398860178145,-0.9214547132720472
183.2,2.67456438041808,0.11865793241108888,-0.9177210469424574
183.21,2.67575204595607,0.11887502144816153,-0.8989757591970716
183.22,2.67694187769663,0.11909116865188585,-0.9042768327207182
183.23,2.67813386614603,0.11930636070491829,-0.9046641580539881
183.24,2.67932800169953,0.11952058895542406,-0.8984614006182708
183.25,2.68052427469468,0.11973385138442187,-0.9180276638517783
183.26,2.68172267541118,0.1199461154070695,-0.914592454473732
183.27,2.6829231936731,0.1201573775042338,-0.891735026568823
183.28,2.68412581967804,0.12036765887986078,-0.8993546711511556
183.29,2.68533054352905,0.12057694351542692,-0.9010326658318865
183.3,2.6865373551932,0.12078522101464836,-0.8946393098781891
183.31,2.68774624457253,0.12099248937107825,-0.9180645189130393
183.32,2.68895720150412,0.12119871058758891,-0.9152061031421774
183.33,2.69017021529188,0.12140388048610026,-0.8894934941307472
183.34,2.69138527567749,0.12160802445792726,-0.8989174197261767
183.35,2.69260237230116,0.1218111242336654,-0.9018353966083391
183.36,2.69382149464341,0.12201316766526915,-0.8957055455994282
183.37,2.6950426321112,0.12221415230614374,-0.921101393624493
183.38,2.69626577403798,0.12241403702565323,-0.9190734444220668
183.39,2.69749090918098,0.12261281660158607,-0.8925016082572721
183.4,2.69871802675857,0.12281051807192522,-0.902920370157899
183.41,2.69994711588373,0.12300712174726133,-0.9068893167882344
183.42,2.70117816549135,0.12320261397900842,-0.9009176076257098
183.43,2.70241116443355,0.12339699191825648,-0.9292173437051293
183.44,2.70364610147965,0.12359020995542647,-0.92801892013078
183.45,2.70488296475994,0.12378226176668061,-0.8996353237037226
183.46,2.70612174290782,0.1239731773026572,-0.9114153127158752
183.47,2.70736242444691,0.12416293497465869,-0.9166408804271747
183.48,2.70860499769909,0.12435151927365773,-0.9106412502682513
183.49,2.70984945089314,0.12453892705283817,-0.9428286920595336
183.5,2.71109577216482,0.12472510675719159,-0.942518901248176
183.51,2.71234394892641,0.12491005082225412,-0.9113485502085366
183.52,2.71359396915439,0.12509379345693555,-0.9248698867086863
183.53,2.71484582071103,0.1252763106577663,-0.9316119931772132
183.54,2.71609949122695,0.12545758462330822,-0.9251494688007528
183.55,2.71735496822796,0.12563761220523162,-0.9639454507487873
183.56,2.71861223913503,0.1258163321593379,-0.9628373020338157
183.57,2.71987129051104,0.12599373805393482,-0.9255517309321444
183.58,2.72113210963247,0.12616987309999422,-0.9427663567574438
183.59,2.72239468364101,0.12634470838100248,-0.9510924676121837
183.6,2.72365899940279,0.1265182231430832,-0.9498832630752518
183.61,2.72492504366788,0.12669040955781696,-0.9571991282097846
183.62,2.72619280307026,0.12686124458050804,-1.0106482728959723
183.63,2.72746226383383,0.12703064734150468,-0.9750319070755163
183.64,2.72873341138073,0.12719865890316412,-0.9406926871468055
183.65,2.73000623247066,0.12736532033626274,-0.9817805133705444
183.66,2.73128071309652,0.12753056919342365,-0.9795525597325841
183.67,2.7325568391198,0.12769439763223497,-0.972428191646352
183.68,2.73383459627064,0.12785680242981917,-1.0313412404042446
183.69,2.73511397014775,0.12801769140501723,-1.0374021384207959
183.7,2.73639494502854,0.12817704812266112,-0.977695733979213
183.71,2.7376775062144,0.12833494864375647,-0.999047979657421
183.72,2.73896163902912,0.1284913589180999,-1.0173590220189106
183.73,2.74024732831514,0.12864624314940326,-1.0167869046741136
183.74,2.74153455876429,0.1287995916816683,-1.0229381628512781
183.75,2.74282331491783,0.1289513803564124,-1.100839513047286
183.76,2.74411358084884,0.1291014917907396,-1.0566817379803195
183.77,2.74540533934877,0.1292499800815694,-1.0063175211955657
183.78,2.74669857519692,0.12939691030069053,-1.0651920567011186
183.79,2.74799327209268,0.12954219431823288,-1.0629393080050276
183.8,2.74928941356404,0.12968582256256783,-1.057995088009419
183.81,2.75058698296754,0.12982778843701287,-1.1199088589574562
183.82,2.75188596348829,0.12996799211992077,-1.1368827284746459
183.83,2.75318633687424,0.1301064011404803,-1.0734431433704443
183.84,2.75448808576325,0.13024309856768762,-1.0910251458983367
183.85,2.75579119303036,0.13037805501540473,-1.1181601376709787
183.86,2.75709564090913,0.13051122140218901,-1.1194678498298447
183.87,2.75840141143943,0.13064258473076684,-1.1224890097845526
183.88,2.75970848646755,0.13077212188732368,-1.2324486015904432
183.89,2.76101684733003,0.13089966680807458,-1.1783753697032766
183.9,2.76232647340745,0.13102528894776144,-1.1061862490067502
183.91,2.76363734694166,0.1311490865790077,-1.188057175842007
183.92,2.76494944868686,0.13127093800690365,-1.1857908370483097
183.93,2.76626275917583,0.1313908316438887,-1.1804325525914163
183.94,2.76757725871998,0.1315087596317451,-1.26133623811466
183.95,2.76889292740935,0.13162459010044686,-1.2978421084687386
183.96,2.77020974339921,0.13173826165317298,-1.2090239060530048
183.97,2.77152768579762,0.13184989612998743,-1.2228890916954118
183.98,2.77284673442776,0.13195947047008144,-1.2689202218989066
183.99,2.77416686810215,0.1320669070453436,-1.2718893260404793
184.0,2.77548806537904,0.13217218903442224,-1.2697883425681835
184.01,2.77681030456242,0.13227529671657376,-1.421182563097531
184.02,2.77813356342579,0.1323760005006669,-1.3565066838871254
184.03,2.77945781687016,0.13247438641589654,-1.2561367734012472
184.04,2.78078304378088,0.1325705959857852,-1.3675313807171754
184.05,2.78210922103323,0.13266446423102116,-1.3653782272984907
184.06,2.78343632521206,0.1327559764442432,-1.3664295671049733
184.07,2.78476433261188,0.13284511631941331,-1.4382191879470079
184.08,2.78609321923677,0.13293176147250269,-1.4988988625706432
184.09,2.78742295927258,0.13301581255403078,-1.4283378846889454
184.1,2.78875352712096,0.13309736477542153,-1.4300729568935506
184.11,2.79008489817892,0.1331764114354798,-1.4829287378085239
184.12,2.79141704671444,0.13325286396449107,-1.495819758704141
184.13,2.79274994664816,0.13332668237775458,-1.5793830772706086
184.14,2.79408357119914,0.13339773324166176,-1.5571205389170477
184.15,2.79541789217119,0.13346603943568125,-1.5265889484378066
184.16,2.79675288290968,0.13353163821402764,-1.590002746265393
184.17,2.7980885156002,0.1335944299362568,-1.5851227249022943
184.18,2.79942476204554,0.13365439895192122,-1.6924525803331256
184.19,2.80076159366572,0.13371137476606565,-1.6937498128547805
184.2,2.80209897955961,0.1337653450848205,-1.6352110011114993
184.21,2.80343689074083,0.13381638819142858,-1.7025815607739512
184.22,2.80477529723624,0.1338644004571103,-1.7108206441359446
184.23,2.80611416849579,0.1339093487345918,-1.7919954667400175
184.24,2.80745347354444,0.13395109370979802,-1.87023001881179
184.25,2.80879317935828,0.13398950873119894,-1.8018077286727499
184.26,2.81013325289098,0.13402468670166517,-1.8066673854860278
184.27,2.81147366222037,0.13405661652317047,-1.8735978513126603
184.28,2.81281437403696,0.13408518797182561,-1.894018749361707
184.29,2.81415535454334,0.1341103441942567,-2.0329289334410885
184.3,2.81549656891812,0.134131868303163,-1.9962231798167591
184.31,2.81683797996634,0.13414980519382466,-1.9413139758442246
184.32,2.81817955322458,0.13416423017800216,-2.0458721710204686
184.33,2.81952125237176,0.13417498479591322,-2.039757263852851
184.34,2.82086304054012,0.13418204878441106,-2.1968307568607726
184.35,2.82220488031515,0.1341851760619332,-2.2060598578024155
184.36,2.82354673091757,0.13418434293274534,-2.1223635193156203
184.37,2.82488855426393,0.13417966664449982,-2.218920381617767
184.38,2.82623031097843,0.13417100305875101,-2.239390592294947
184.39,2.82757196080469,0.13415829809285684,-2.346170709410382
184.4,2.8289134628766,0.13414137132650533,-2.4602642269121158
184.41,2.83025477367815,0.1341200433753187,-2.378970134469222
184.42,2.83159584940693,0.13409442783591796,-2.385776899518498
184.43,2.83293664784229,0.13406451347299048,-2.4831042785133497
184.44,2.83427712484941,0.13403014670932228,-2.5097107733672215
184.45,2.83561723560123,0.1339912543579865,-2.7295795952882003
184.46,2.83695693387333,0.13394749830123084,-2.6986715403446953
184.47,2.83829616951069,0.13389891445626154,-2.616559283649588
184.48,2.83963489632894,0.13384562062941735,-2.7591713831015974
184.49,2.84097306551136,0.13378739940898,-2.848258469870187
184.5,2.84231062740316,0.1337240958965887,-2.914049310257051
184.51,2.84364753017537,0.1336556035874163,-2.910504845824966
184.52,2.84498372213343,0.13358191985074858,-2.9721549748437788
184.53,2.84631915092303,0.13350294749392422,-3.0477735014108194
184.54,2.84765376300235,0.13341855719833928,-3.1712317602484767
184.55,2.84898750342746,0.13332855584975434,-3.1900972238813314
184.56,2.85032031530507,0.13323290810191013,-3.203421469506519
184.57,2.85165214264282,0.1331315918859266,-3.2703810334202954
184.58,2.852982927753,0.13302448707506928,-3.5054182549067168
184.59,2.85431261198459,0.1329112288049809,-3.56579772240531
184.6,2.85564113159022,0.1327917202934163,-3.471196546702137
184.61,2.85696842588398,0.1326660983618111,-3.5988657468664025
184.62,2.85829443251291,0.1325341741967486,-3.7330681355170894
184.63,2.85961908756269,0.13239571834857689,-3.96081612666113
184.64,2.86094232411629,0.13225038505050674,-3.921173749110969
184.65,2.86226407250919,0.1320982276929043,-3.909716109288973
184.66,2.86358426587885,0.1319392670735775,-4.062163278488903
184.67,2.86490283434002,0.13177326567268186,-4.27787326473878
184.68,2.8662197067141,0.13159988952409218,-4.3341854010528404
184.69,2.86753480731047,0.13141905151790034,-4.305461493885957
184.7,2.86884806289956,0.13123079274391197,-4.463917688126177
184.71,2.87015939764155,0.13103487997293922,-4.602602289359781
184.72,2.87146873423347,0.1308310888507469,-4.7777447385548175
184.73,2.872775992385,0.13061915852816686,-4.790336918383354
184.74,2.87408109018507,0.13039906954658287,-4.8524663663273815
184.75,2.87538394623097,0.13017073744617433,-4.961233037303431
184.76,2.87668447665564,0.1299339711640942,-5.391258669404965
184.77,2.87798259565602,0.12968812869409801,-5.395170656385983
184.78,2.87927820904578,0.12943320267692812,-5.251515825849713
184.79,2.8805712299088,0.12916941160064552,-5.524279541975712
184.8,2.88186156635665,0.12889635599871627,-5.782495243102032
184.81,2.8831491247509,0.12861361307160055,-6.076805894600569
184.82,2.88443380506273,0.1283207410458694,-6.022281489286683
184.83,2.88571550598885,0.12801781561941156,-6.1062028005351285
184.84,2.88699412733475,0.12770471663015778,-6.396162521323173
184.85,2.88826956505273,0.1273810120328604,-6.522093252212164
184.86,2.88954171157815,0.12704650143434693,-6.6277437713281415
184.87,2.89081045849211,0.12670102506947928,-6.803701621309695
184.88,2.89207569467767,0.12634432263309478,-6.935255560029754
184.89,2.89333730684055,0.1259761923887511,-7.091892533282274
184.9,2.8945951796497,0.12559640010839646,-7.213820821735867
184.91,2.8958491951817,0.1252047429529372,-7.517156648830626
184.92,2.89709923339386,0.12480074177208349,-7.788110895169727
184.93,2.89834516763948,0.12438397602233531,-7.7800731344134455
184.94,2.89958687029929,0.12395445212426415,-7.83732039040388
184.95,2.90082421330246,0.12351203207963124,-8.587834218405112
184.96,2.90205706444279,0.12305554383517103,-8.667588294544634
184.97,2.90328527693792,0.12258482581228118,-8.450379672469888
184.98,2.90450871412275,0.12210018155090671,-8.936002726065903
184.99,2.90572723164467,0.12160084335965197,-9.247080631680706
185.0,2.90694068031068,0.12108625740302101,-9.359937638049587
185.01,2.9081489052382,0.12055619982717092,-9.466376242907321
185.02,2.90935175198263,0.12001046388266934,-9.673796173408613
185.03,2.91054906104101,0.11944867943857926,-9.810588821769992
185.04,2.91174067106724,0.11887056133848736,-10.04396721606874
185.05,2.91292641638245,0.11827566898183761,-10.18156995880302
185.06,2.91410612735353,0.11766367977423808,-10.502672139834782
185.07,2.91527963105351,0.11703397516659535,-10.628250128077507
185.08,2.91644674686281,0.11638625251798226,-10.597548222711646
185.09,2.9176072954367,0.1157204367545924,-11.011950022370746
185.1,2.91876109211689,0.11503563243291012,-11.722505170138893
185.11,2.9199079406756,0.11433041733572477,-11.541916021531403
185.12,2.92104763288206,0.11360491998793817,-11.339640294444953
185.13,2.92217997147777,0.11285931872366817,-11.940205601321107
185.14,2.9233047481357,0.11209231459441046,-12.12112879340586
185.15,2.92442174445788,0.11130326987625802,-12.135669664647045
185.16,2.92553073897161,0.1104918763090934,-12.243379477158557
185.17,2.9266315057799,0.10965763398043857,-12.365285488727373
185.18,2.92772381355477,0.10879996360498856,-12.47378807046409
185.19,2.92880742504551,0.10791827619383021,-12.503822770521424
185.2,2.92988209746389,0.10701210857210208,-12.538329774182724
185.21,2.9309475839096,0.10608095901056824,-12.544925426648216
185.22,2.93200363143884,0.10512431089050311,-12.764537571903752
185.23,2.93304998176384,0.10414111149191774,-12.812719358538233
185.24,2.93408636299095,0.10313064905801787,-12.562110071929093
185.25,2.93511250294745,0.10209283008233058,-12.948260716514726
185.26,2.93612812302076,0.10102595242364269,-12.976277463149506
185.27,2.93713292239244,0.09992908604001816,-12.63596261084872
185.28,2.93812660426003,0.09880223182950529,-12.803432589227603
185.29,2.93910886253681,0.09764397955323764,-12.730736549601295
185.3,2.94007937635618,0.09645343367691665,-12.561073491611813
185.31,2.94103782161525,0.095229980926681,-12.310709538355415
185.32,2.94198386484632,0.09397323878064245,-12.15071730378466
185.33,2.94291717274673,0.0926824508735713,-12.090610033036072
185.34,2.94383739675434,0.09135643618457534,-11.77653106373059
185.35,2.94474418277458,0.08999485348467617,-11.569461653347899
185.36,2.94563717272697,0.08859696444482405,-11.32112530117594
185.37,2.94651599810961,0.08716203987199078,-11.348173022605751
185.38,2.9473802837012,0.08568802075582897,-11.08220088986483
185.39,2.94822962578378,0.08417408158616357,-10.57410236347412
185.4,2.94906363162963,0.08262049248048224,-10.828232426585137
185.41,2.94988189174671,0.08102341951373346,-10.508772459673853
185.42,2.95068395230698,0.07938184044565441,-10.013705395066733
185.43,2.95146938086093,0.07769603741317374,-9.668936365635446
185.44,2.95223772368991,0.07596552498842687,-9.383774809681535
185.45,2.95298853832057,0.07418920849435,-9.236067293301032
185.46,2.95372134898549,0.07236491692460176,-8.741284356795136
185.47,2.95443567820625,0.07049326710940977,-8.462651306964894
185.48,2.9551310527444,0.06857322990017808,-8.216653850278751
185.49,2.95580697633872,0.06660327337975429,-7.974284305647387
185.5,2.95646294645723,0.06458168437206332,-7.667628115701655
185.51,2.95709843510332,0.06250756264940538,-7.31223915264315
185.52,2.95771292073655,0.06038067886092365,-7.163566781358565
185.53,2.95830586305535,0.058197911292749246,-6.879380024568219
185.54,2.95887668861016,0.05595793479665397,-6.561198806052571
185.55,2.95942482873707,0.05366021257290725,-6.3319882345597645
185.56,2.95994969401471,0.05130272716065883,-6.067440135446303
185.57,2.960450680783,0.04888424101932391,-5.734703210721088
185.58,2.96092717771832,0.046405650799175024,-5.498457566986288
185.59,2.96137858944363,0.04386581101741838,-5.2833947208241385
185.6,2.96180428520385,0.041263141085664166,-5.018259870749307
185.61,2.96220364334515,0.03859800122973563,-4.814104433066565
185.62,2.9625760320002,0.03586902970674766,-4.633482388202958
185.63,2.96292080366686,0.03307378122123043,-4.4233401863294
185.64,2.96323728421272,0.03021155526831502,-4.229404763051488
185.65,2.96352480729876,0.027281204232110223,-4.0590452647424655
185.66,2.9637826744232,0.024280460893270444,-3.871002051895493
185.67,2.96401018084285,0.021208926977848524,-3.691071447588329
185.68,2.96420661725825,0.0180668756404323,-3.536071205487059
185.69,2.96437127874182,0.014852643051321834,-3.3756064458274273
185.7,2.96450343253811,0.01156715994583187,-3.2267744297243715
185.71,2.96460238591557,0.008211196609508864,-3.098611346272404
185.72,2.96466741545475,0.004782685677162668,-2.968517004324502
185.73,2.9646977984818,0.001281856853914872,-2.848276878237313
185.74,2.96469281078669,-0.0022914083382582127,-2.7340612439902627
185.75,2.96465172574862,-0.005938101403428024,-2.6259183435183098
185.76,2.9645738025899,-0.009658740082085782,-2.5245265038108853
185.77,2.96445830507589,-0.013453118248241136,-2.429556489506088
185.78,2.9643044942147,-0.017321244057318573,-2.3346288798844257
185.79,2.96411163293681,-0.021264088587006718,-2.265203204107471
185.8,2.96387897476414,-0.02527799449214922,-2.1926993304278533
185.81,2.96360584010185,-0.02936139569558553,-2.1106726410798693
185.82,2.96329151087408,-0.033516101912423046,-2.0562754897029625
185.83,2.9629352892998,-0.037739237090987185,-1.9939769348395775
185.84,2.96253650057723,-0.042030061582587486,-1.9384988683942048
185.85,2.96209446617797,-0.04638753003357958,-1.8902158570700933
185.86,2.96160853328935,-0.050809949288229316,-1.8396145961434964
185.87,2.96107805460079,-0.055296401652186564,-1.8094561036889643
185.88,2.96050240187438,-0.05984365832801819,-1.765552824337399
185.89,2.95988098305647,-0.06445060477879849,-1.7370702573765668
185.9,2.95921319993415,-0.06911462656301234,-1.7195160914474148
185.91,2.95849851165241,-0.07383201539918893,-1.6806739945277425
185.92,2.95773638582946,-0.0786019656870011,-1.6777180925884931
185.93,2.95692631206685,-0.08341979341826011,-1.6586806411596304
185.94,2.95606783913211,-0.0882828329392423,-1.6395761038034307
185.95,2.9551605132838,-0.09318880123815691,-1.6464652788068932
185.96,2.95420393551777,-0.0981327697375097,-1.6289669551587445
185.97,2.95319773930071,-0.10311258227634346,-1.6387902713314904
185.98,2.95214157963589,-0.10812358031825342,-1.6417480815200238
185.99,2.95103517610192,-0.11316195916632281,-1.6374215025998848
186.0,2.94987825956564,-0.1182248986546545,-1.6631059635496277
186.01,2.94867061383867,-0.12330689113049983,-1.6664207745781665
186.02,2.94741206936845,-0.1284047239180038,-1.6865950371909944
186.03,2.94610248146006,-0.13351394986576376,-1.7110730132710843
186.04,2.94474176740692,-0.1386299372601818,-1.7246515950079653
186.05,2.94332987213032,-0.1437492695530655,-1.7597052519286558
186.06,2.94186678720175,-0.14886695396449934,-1.7872821322060841
186.07,2.94035255216507,-0.15397887503076543,-1.816117508679557
186.08,2.93878724216066,-0.15908111428449465,-1.854394085851036
186.09,2.93717097680529,-0.164169254670495,-1.8951749846376615
186.1,2.93550391803765,-0.16923901380268003,-1.9291329549737337
186.11,2.93378626974145,-0.1742868788910945,-1.9759069951885966
186.12,2.93201826730626,-0.17930869439082286,-2.0299675872671945
186.13,2.9302001964211,-0.18430015064385685,-2.062393936384093
186.14,2.92833237480175,-0.18925862686406764,-2.1260882664990834
186.15,2.92641514778263,-0.19417981458615952,-2.1783031265619353
186.16,2.92444891342219,-0.19906041514518397,-2.2171150049066433
186.17,2.92243408313496,-0.2038981492291425,-2.3033850765642705
186.18,2.92037110743781,-0.20868840057656954,-2.3307299810881226
186.19,2.91826047781509,-0.21343002551000118,-2.3939842486689447
186.2,2.91610267893242,-0.218120169430495,-2.4887249709938764
186.21,2.91389825815304,-0.22275470892382615,-2.498542052148602
186.22,2.91164777047307,-0.22733391019141477,-2.5888007261754526
186.23,2.90935177521115,-0.23185441977385443,-2.662579083030443
186.24,2.90701088462027,-0.23631387783591049,-2.685347043414305
186.25,2.9046257017035,-0.2407123795184855,-2.769752255533323
186.26,2.90219684775218,-0.24504753715707633,-2.828412964101843
186.27,2.89972496580865,-0.24931815178924252,-2.8761115331314606
186.28,2.89721070192032,-0.2535236366765189,-2.9355005610674225
186.29,2.89465471326333,-0.2576630443537583,-2.9938751151250784
186.3,2.8920576637908,-0.2617355652288119,-3.042625362024346
186.31,2.88942022609494,-0.2657408240124985,-3.089289432099689
186.32,2.88674307240066,-0.2696785693737399,-3.143761826027509
186.33,2.88402688102371,-0.2735483525822535,-3.1820049485925908
186.34,2.88127233154581,-0.2773502732130839,-3.2232719808030934
186.35,2.87848010156601,-0.2810843709580735,-3.2604579071499913
186.36,2.87565086952463,-0.2847508153314323,-3.287987246004035
186.37,2.87278530936924,-0.28835003846557167,-3.321686103209978
186.38,2.86988409181142,-0.29188230029791873,-3.340741018540491
186.39,2.8669478844762,-0.2953482247095204,-3.3581803448249175
186.4,2.86397734641606,-0.2987484359659824,-3.3824526076331574
186.41,2.8609731331715,-0.30208336352585874,-3.3823969199054993
186.42,2.85793589368974,-0.30535396831300465,-3.397879544660246
186.43,2.85486626628874,-0.30856080437705974,-3.4041217285743297
186.44,2.85176488755154,-0.31170460266199224,-3.3859596180935565
186.45,2.84863238059115,-0.3147865698521546,-3.3978162085818804
186.46,2.84546936042846,-0.3178072056034968,-3.386834592709355
186.47,2.84227643768636,-0.3207674472669305,-3.3601669945706076
186.48,2.83905420898564,-0.32366849973014905,-3.3585077710941227
186.49,2.83580326272062,-0.32651100186040044,-3.3352279453056006
186.5,2.83252418067016,-0.32929597079369344,-3.3019942484242097
186.51,2.82921753138577,-0.3320245623765058,-3.288245875908482
186.52,2.82588387480208,-0.33469750603751053,-3.2552467553035465
186.53,2.82252376326116,-0.33731584371872925,-3.216195212039762
186.54,2.81913773639778,-0.3398806785856653,-3.193322114383726
186.55,2.81572632539762,-0.3423927724365172,-3.1530946450468313
186.56,2.81229005332404,-0.344853153252415,-3.110367642205067
186.57,2.80882943136362,-0.3472628520154175,-3.079001217470346
186.58,2.80534496251607,-0.3496226612342501,-3.0343545212911893
186.59,2.80183714117571,-0.35193356307899143,-2.989848863096251
186.6,2.79830645116887,-0.3541965055246066,-2.950821881984121
186.61,2.7947533681555,-0.35641231104059184,-2.903729866397058
186.62,2.79117835901734,-0.3585819033685748,-2.8591017229308493
186.63,2.78758188128834,-0.3607061403528844,-2.815166997268858
186.64,2.78396438463582,-0.36278584338681846,-2.7661503431089796
186.65,2.78032630994569,-0.36482189461075254,-2.717624356252142
186.66,2.77666808948256,-0.3668151411064876,-2.6766771501415922
186.67,2.77299014741555,-0.3687662890115092,-2.6285014862765976
186.68,2.76929290132748,-0.3706761443677431,-2.5763420459230617
186.69,2.76557675938643,-0.3725455616356547,-2.532513092909229
186.7,2.76184212257373,-0.374375243002519,-2.4911602285603465
186.71,2.75808938478183,-0.37616583641465473,-2.4431153883723553
186.72,2.75431893365098,-0.377918087446764,-2.3938885495032096
186.73,2.75053114837419,-0.379632751024502,-2.351837812642512
186.74,2.74672640180622,-0.3813104605886538,-2.307113438861367
186.75,2.74290506014669,-0.38295187761135574,-2.2633476436129367
186.76,2.73906748310162,-0.38455764334528464,-2.221351321559638
186.77,2.73521402405075,-0.3861283706231474,-2.174223248954593
186.78,2.73134503024013,-0.38766474335676004,-2.1321803710018896
186.79,2.72746084172955,-0.3891673618241646,-2.0945584495858247
186.8,2.72356179373483,-0.3906367534034764,-2.051978729136557
186.81,2.71964821542725,-0.3920735173769415,-2.010658874521429
186.82,2.71572043023015,-0.3934782345731784,-1.9718575180841622
186.83,2.71177875577734,-0.3948514429828095,-1.93470594759486
186.84,2.70782350468433,-0.39619365424882946,-1.8955613401727853
186.85,2.70385498421863,-0.39750540980700855,-1.857246799984217
186.86,2.69987349627033,-0.3987872377548163,-1.8222500760376652
186.87,2.69587933764218,-0.4000396139288339,-1.7880291067235494
186.88,2.69187280060331,-0.4012630029268364,-1.7513349517265933
186.89,2.68785417255393,-0.40245790655446906,-1.7176405878303806
186.9,2.68382373591555,-0.4036247821425162,-1.6861287188034704
186.91,2.67978176892664,-0.4047640523049327,-1.6548933441312477
186.92,2.67572854544209,-0.4058761414987548,-1.6184470495127072
186.93,2.67166433504284,-0.4069615547840133,-1.5857605345522656
186.94,2.667589401825,-0.4080207389637473,-1.5606341951173297
186.95,2.663504006564,-0.4090540257498998,-1.531140258136789
186.96,2.65940840628702,-0.4100618136188487,-1.499179950677025
186.97,2.65530285382899,-0.41104454521073697,-1.4696382343747338
186.98,2.65118759757918,-0.4120026268367457,-1.444570090887574
186.99,2.64706288232657,-0.41293639653526837,-1.41838800769984
187.0,2.64292894948807,-0.4138462105351589,-1.3904133148291393
187.01,2.63878603668434,-0.4147324566107521,-1.363756668492342
187.02,2.63463437770556,-0.41559550406666074,-1.3402263605476648
187.03,2.63047420285978,-0.41643567490999106,-1.3169594343459323
187.04,2.62630573937959,-0.4172532895193334,-1.2915694954386159
187.05,2.62212921106578,-0.4180487052512542,-1.2659193849237336
187.06,2.61794483809588,-0.4188222841376765,-1.2452569301939806
187.07,2.61375283722025,-0.4195743127763274,-1.2249953281935793
187.08,2.60955342271187,-0.42030507305126735,-1.2014457791428308
187.09,2.60534680552686,-0.4210149022864799,-1.1774287918802908
187.1,2.60113319331491,-0.4217041467571514,-1.1584987049985747
187.11,2.59691279031895,-0.422373075072006,-1.1404543206935036
187.12,2.59268579865945,-0.42302194303975493,-1.1190082252428606
187.13,2.58845241729182,-0.4236510618401727,-1.0983658258301392
187.14,2.58421284226264,-0.42426073394023306,-1.0802862882210007
187.15,2.57996726656529,-0.4248512223612666,-1.0631878352601496
187.16,2.57571588092004,-0.42542277630518804,-1.0445009713949296
187.17,2.57145887323437,-0.4259756719031708,-1.0260277855733222
187.18,2.5671964287719,-0.42651018439358407,-1.0094680598401564
187.19,2.56292873000855,-0.42702656014329915,-0.9937924619182268
187.2,2.55865595724071,-0.4275250326302382,-0.9776654092982866
187.21,2.55437828820205,-0.4280058469110726,-0.959016459244647
187.22,2.55009589823553,-0.42846928785866456,-0.9437604483214626
187.23,2.54580895959644,-0.428915588488917,-0.9311481750838364
187.24,2.54151764293887,-0.4293449414681646,-0.9154602477752595
187.25,2.53722211644744,-0.4297575886971698,-0.8995229538241981
187.26,2.53292254601971,-0.4301537811556437,-0.8840557697939291
187.27,2.52861909488682,-0.430533761367243,-0.8720021308430786
187.28,2.52431192419259,-0.4308977197655106,-0.8587748361887664
187.29,2.52000119319455,-0.4312458650596633,-0.8446463721344392
187.3,2.51568705885341,-0.4315784229836547,-0.8312586257218403
187.31,2.51136967598054,-0.4318956093630163,-0.8188597419138428
187.32,2.50704919723855,-0.4321976248479335,-0.8068403895611582
187.33,2.50272577339923,-0.4324846650464768,-0.7945304617317723
187.34,2.49839955318468,-0.43275693146600885,-0.7824141265361165
187.35,2.49407068335516,-0.43301462380724853,-0.7710161885430641
187.36,2.48973930866191,-0.4332579311558171,-0.7600921737500985
187.37,2.48540557207394,-0.43348703568090546,-0.7494075872668737
187.38,2.48106961467362,-0.4337021189843286,-0.7367043964527795
187.39,2.47673157573055,-0.43390339485686047,-0.7256794360337653
187.4,2.47239159219291,-0.43409105081739047,-0.7172414781942461
187.41,2.46804979961108,-0.4342652341830659,-0.7068523371855449
187.42,2.46370633181595,-0.4344261233254265,-0.6958054427861332
187.43,2.45936132081684,-0.4345739109276714,-0.6845803880559443
187.44,2.45501489663804,-0.4347087917435137,-0.6761382116755519
187.45,2.45066718749912,-0.43483091714083455,-0.6673300023724587
187.46,2.44631832028341,-0.43494044393091275,-0.6571931269596812
187.47,2.4419684200367,-0.4350375495504063,-0.6494237914869019
187.48,2.43761761021039,-0.43512237724554853,-0.6401296104545457
187.49,2.43326601286101,-0.43519509383833643,-0.6306969660567313
187.5,2.42891374814736,-0.43525586941310185,-0.6227450318392048
187.51,2.42456093479306,-0.4353048504706784,-0.6154092744856806
187.52,2.42020768999636,-0.43534217319814256,-0.6077653892900531
187.53,2.41585412970949,-0.4353679800588354,-0.5991451895610419
187.54,2.41150036826258,-0.4353824290647642,-0.5921079225076937
187.55,2.40714651852988,-0.4353856553594956,-0.5845551670360591
187.56,2.40279269204725,-0.4353778066906622,-0.5722485422173564
187.57,2.39843899862999,-0.4353591015519946,-0.5672594912589957
187.58,2.39408554586634,-0.4353296440228231,-0.563355354135274
187.59,2.38973244126884,-0.43528951980807606,-0.55346450130025
187.6,2.38537979044079,-0.4352389083007428,-0.5465595093453827
187.61,2.38102769760256,-0.4351779476414186,-0.5395729811622255
187.62,2.37667626553219,-0.4351067745412644,-0.5330278997335828
187.63,2.37232559571701,-0.4350255195047392,-0.5260255087254309
187.64,2.36797578830134,-0.4349343193457737,-0.5200089287948481
187.65,2.36362694209633,-0.4348332932744281,-0.5164916021242593
187.66,2.35927915488824,-0.434722523871726,-0.5088644338135
187.67,2.35493252360514,-0.4346021583656749,-0.5012371153249793
187.68,2.35058714323643,-0.434472344752986,-0.49769498766957987
187.69,2.34624310788573,-0.434333170671819,-0.48911155843207066
187.7,2.34190051050332,-0.4341847981310062,-0.4837151506457385
187.71,2.33755944222088,-0.4340273406867527,-0.48055066583031314
187.72,2.33321999369335,-0.43386087633919085,-0.47415928243155564
187.73,2.32888225428838,-0.43368553304674595,-0.46818642998576954
187.74,2.32454631220402,-0.43350143702741706,-0.4610634199330718
187.75,2.32021225427185,-0.4333087297860194,-0.4570768232620058
187.76,2.3158801660044,-0.4331075037297535,-0.45292455920947167
187.77,2.31155013226574,-0.4328978533187441,-0.44642978739363404
187.78,2.30722223660271,-0.43267990813500673,-0.44291918460900875
187.79,2.30289656145658,-0.4324537542151674,-0.4377560286142079
187.8,2.29857318850732,-0.43221950225365013,-0.4318673366932714
187.81,2.29425219800844,-0.43197727456584234,-0.42785827464843174
187.82,2.28993366928803,-0.43172716482990925,-0.4232739402483353
187.83,2.28561768065016,-0.431469273926736,-0.41896825906392376
187.84,2.28130430942067,-0.43120369928024704,-0.4144111053043921
187.85,2.27699363194077,-0.430930542124001,-0.4100198257815131
187.86,2.27268572352654,-0.4306499009751663,-0.40623812313706364
187.87,2.268380658552,-0.4303618670037516,-0.40016025468480515
187.88,2.26407851042753,-0.43006656512275904,-0.3964648214216267
187.89,2.25977935118914,-0.42976408348574713,-0.3938253765517683
187.9,2.25548325243839,-0.4294544935539972,-0.38881755544522584
187.91,2.25119028465717,-0.4291379027413278,-0.38466069143225134
187.92,2.24690051739825,-0.42881440767099654,-0.3803201629247381
187.93,2.24261401919698,-0.4284841062712689,-0.37684097471129135
187.94,2.23833085767739,-0.42814708321757083,-0.3731200886350263
187.95,2.23405109964284,-0.4278034265576788,-0.36905502213311553
187.96,2.22977481095124,-0.4274532294513319,-0.36562466891220885
187.97,2.2255020565747,-0.42709657571973575,-0.36191904241132244
187.98,2.22123290066643,-0.4267335530133439,-0.3581627569460576
187.99,2.21696740645073,-0.42636424983066856,-0.35468179607194616
188.0,2.21270563632108,-0.4259887508058317,-0.35082147293768423
188.01,2.20844765179158,-0.42560714571182234,-0.34750722180176813
188.02,2.20419351348993,-0.4252195159530829,-0.34435514077353424
188.03,2.19994328128695,-0.4248259406086752,-0.34047967937005014
188.04,2.19569701419841,-0.4244265096218336,-0.3369136676836724
188.05,2.19145477033246,-0.4240213082740918,-0.3338540854246562
188.06,2.18721660700863,-0.4236104138644836,-0.3305172874071737
188.07,2.1829825807616,-0.4231939074731591,-0.3271736890191846
188.08,2.17875274729527,-0.4227718704316967,-0.3239224219478678
188.09,2.17452716152236,-0.42234438262473606,-0.3206568071317631
188.1,2.17030587754651,-0.4219115239085691,-0.3174911308976949
188.11,2.16608894868649,-0.4214733725473393,-0.3143093581072391
188.12,2.16187642747734,-0.4210300068148376,-0.3111908807908027
188.13,2.15766836567468,-0.42058150386243465,-0.30816118910393286
188.14,2.15346481426981,-0.4201279395820675,-0.30489523233732024
188.15,2.14926582348974,-0.4196693933478324,-0.30161062973981695
188.16,2.14507144274767,-0.4192059444985019,-0.298760524477197
188.17,2.1408817206993,-0.4187376656769863,-0.29584561223868144
188.18,2.13669670528611,-0.4182646304631684,-0.2924510101152414
188.19,2.1325164436785,-0.4177869193518184,-0.2894244766684947
188.2,2.12834098223685,-0.41730460734642855,-0.2865999252302803
188.21,2.12417036662744,-0.4168177661616109,-0.28348371381022686
188.22,2.1200046417592,-0.41632647147690216,-0.2804906991441176
188.23,2.11584385179669,-0.41583079722823013,-0.27750143521502935
188.24,2.11168804016808,-0.4153308170053438,-0.27453389101691794
188.25,2.10753724956587,-0.41482660393767173,-0.2715291967571303
188.26,2.10339152195328,-0.4143182316016773,-0.26844424430733
188.27,2.09925089855081,-0.4138057744757395,-0.26552228721533205
188.28,2.0951154198398,-0.41328930450674023,-0.26256981473604163
188.29,2.09098512559512,-0.4127688939324433,-0.2594307382444477
188.3,2.08686005484857,-0.4122446174379846,-0.25646485670264574
188.31,2.08274024589286,-0.41171654707249006,-0.2535085292424805
188.32,2.07862573631428,-0.4111847544449265,-0.2504632561611092
188.33,2.0745165629695,-0.4106493122176517,-0.24744829747663533
188.34,2.07041276199508,-0.4101102924672362,-0.24441915528185237
188.35,2.06631436880538,-0.4095677672004213,-0.24139926055102537
188.36,2.06222141809739,-0.409021808056335,-0.23836944454749287
188.37,2.05813394385203,-0.40847248656741275,-0.2353320269722081
188.38,2.05405197933504,-0.4079198742340936,-0.2321797028055807
188.39,2.04997555709467,-0.40736404388976855,-0.22911791367511958
188.4,2.0459047089466,-0.40680506682797546,-0.22609490278760158
188.41,2.04183946601128,-0.4062430135724974,-0.22289446335857463
188.42,2.03777985868728,-0.40567795682208885,-0.21977539019868594
188.43,2.03372591664881,-0.4051099679465783,-0.2166544858266357
188.44,2.02967766886549,-0.40453911795825803,-0.21352878922038568
188.45,2.02563514359055,-0.403965477655166,-0.21036125751772328
188.46,2.02159836837619,-0.40338911816907297,-0.20713740608148873
188.47,2.01756737005303,-0.4028101110750101,-0.2039867804573398
188.48,2.01354217474562,-0.40222852665892095,-0.20077444505707498
188.49,2.00952280787499,-0.40164443569457403,-0.19753976789964547
188.5,2.00550929415094,-0.4010579089843406,-0.19428980733748588
188.51,2.00150165757894,-0.4004690172138411,-0.19102858574981094
188.52,1.99749992145534,-0.39987783087832207,-0.18775016298180075
188.53,1.99350410837585,-0.3992844203070778,-0.18450892199679925
188.54,1.98951424023162,-0.39868885497408674,-0.18122001456333936
188.55,1.98553033822603,-0.3980912046791611,-0.17783770332741672
188.56,1.98155242285367,-0.39749154001277137,-0.17462738654168125
188.57,1.97758051391375,-0.3968899288957569,-0.1713386091303722
188.58,1.97361463053491,-0.39628643989757517,-0.1679220231069009
188.59,1.96965479114344,-0.39568114288276446,-0.1646510471143198
188.6,1.9657010134789,-0.3950741054044249,-0.1613483545872796
188.61,1.9617533146116,-0.3944653949809048,-0.15795017767054637
188.62,1.95781171092872,-0.39385507994524155,-0.1546523850441407
188.63,1.95387621813971,-0.3932432268827576,-0.15135898908244358
188.64,1.94994685129721,-0.39262990189074165,-0.1479443164633704
188.65,1.94602362478545,-0.3920151721385009,-0.14467249256714743
188.66,1.94210655232153,-0.3913991024306692,-0.1414647153486498
188.67,1.93819564699089,-0.3907817562994983,-0.13805322128398048
188.68,1.93429092123241,-0.39016319940558175,-0.13477828924008733
188.69,1.93039238682843,-0.3895434951310765,-0.13165443895502002
188.7,1.92650005495052,-0.38892270442508575,-0.12831613690017696
188.71,1.9226139361515,-0.38830089045850025,-0.1250595345570872
188.72,1.91873404034798,-0.38767811486008685,-0.12198067166256417
188.73,1.91486037686313,-0.3870544364890797,-0.11873283763374794
188.74,1.91099295442677,-0.3864299157737616,-0.11555741898531106
188.75,1.90713178116051,-0.3858046116417639,-0.11261856281729885
188.76,1.90327686461987,-0.38517857954141754,-0.10946525038090374
188.77,1.89942821180494,-0.3845518770593267,-0.10635296956830229
188.78,1.89558582912718,-0.38392456064432573,-0.10359661664443391
188.79,1.89174972246611,-0.38329668178766485,-0.10058843129512661
188.8,1.88791989718655,-0.382668294530573,-0.09758561749303074
188.81,1.88409635809442,-0.38203945226259106,-0.09497211128271792
188.82,1.88027910949733,-0.38141020303250617,-0.09214501131121615
188.83,1.87646815522386,-0.38078059690756877,-0.0893148532165187
188.84,1.87266349858597,-0.3801506834032409,-0.08686902470209554
188.85,1.86886514243245,-0.3795205068012527,-0.0842438605064218
188.86,1.86507308917444,-0.378890112975346,-0.08159895339241857
188.87,1.86128734074777,-0.3782595474194961,-0.07938221753060502
188.88,1.85750789866557,-0.3776288499134954,-0.07698730551550546
188.89,1.85373476405183,-0.37699806180533,-0.07455200959232322
188.9,1.84996793759654,-0.3763672243284074,-0.07257275955741332
188.91,1.84620741961217,-0.37573637272609134,-0.07043692354775745
188.92,1.8424532100677,-0.375105543521583,-0.06826847989163098
188.93,1.83870530854824,-0.3744747730683377,-0.066519392594035
188.94,1.83496371430769,-0.3738440922295879,-0.0646654576900139
188.95,1.83122842630029,-0.3732135325309194,-0.06280058555521734
188.96,1.82749944315165,-0.3725831250923443,-0.06130597772821458
188.97,1.82377676320363,-0.37195289618384697,-0.05975587126388399
188.98,1.82006038454549,-0.3713228721778261,-0.058215619725723686
188.99,1.81635030499307,-0.3706930788320758,-0.056990760532161705
189.0,1.81264652212851,-0.37006353775083844,-0.055769605825703006
189.01,1.80894903332764,-0.36943426997624135,-0.0545825579748624
189.02,1.80525783575215,-0.3688052957044904,-0.053633025686740325
189.03,1.80157292637934,-0.36817663193892125,-0.05275260253470148
189.04,1.79789430202665,-0.3675482944091646,-0.05193701597902941
189.05,1.79422195935631,-0.36692029768667556,-0.051288346750331754
189.06,1.79055589489701,-0.36629265402249866,-0.05074917414315665
189.07,1.78689610506462,-0.3656653739914103,-0.050309999633872754
189.08,1.78324258617583,-0.3650384666525767,-0.049992101616647695
189.09,1.77959533446584,-0.3644119393236815,-0.04979551753492002
189.1,1.77595434610508,-0.363785797576166,-0.04973356800839512
189.11,1.77231961721746,-0.36316004512991773,-0.049766987779467683
189.12,1.76869114389793,-0.3625346843175892,-0.04991125032253324
189.13,1.76506892222423,-0.3619097159049197,-0.05022737430330009
189.14,1.76145294827735,-0.36128513845398913,-0.05062642540420693
189.15,1.75784321816141,-0.36066094934474696,-0.05110541926578867
189.16,1.75423972800985,-0.360037144793011,-0.05179706756325895
189.17,1.7506424740056,-0.3594137184308307,-0.05257137013154166
189.18,1.74705145240603,-0.3587906627797418,-0.053377203719154345
189.19,1.74346665954255,-0.3581679697837496,-0.054438355349229785
189.2,1.73988809183902,-0.3575456284050038,-0.0556049398568228
189.21,1.73631574584357,-0.35692362632683644,-0.056719346143669906
189.22,1.73274961822279,-0.35630195161699596,-0.05813271259555606
189.23,1.72918970577193,-0.355680588962413,-0.059704135941275605
189.24,1.72563600545994,-0.3550595212847507,-0.0611149459547646
189.25,1.72208851441626,-0.3544387330931653,-0.06286547287686783
189.26,1.7185472299316,-0.3538182051683455,-0.06483486893381088
189.27,1.71501214951639,-0.3531979159566638,-0.06653789743538382
189.28,1.71148327088118,-0.3525778466419105,-0.06861079453869938
189.29,1.7079605919277,-0.35195797445875904,-0.07095689973129948
189.3,1.70444411081911,-0.3513382738072372,-0.07296028021301647
189.31,1.70093382595488,-0.35071872264917003,-0.07533645882970129
189.32,1.69742973595549,-0.3500992950824141,-0.07800801761766785
189.33,1.69393183973664,-0.34947996217542154,-0.08036749935064076
189.34,1.69044013648308,-0.34886069828757493,-0.0829961723432798
189.35,1.68695462563665,-0.3482414750918206,-0.08594231630107091
189.36,1.68347530695008,-0.34762226104833965,-0.08869409237188478
189.37,1.68000218048366,-0.3470030267464323,-0.09153904774318448
189.38,1.67653524658496,-0.3463837419529196,-0.09474294357972293
189.39,1.67307450592526,-0.34576437288316164,-0.09786531145055921
189.4,1.66961995951723,-0.34514488677267846,-0.10091789682805719
189.41,1.6661716086878,-0.3445252517301619,-0.10435894661604668
189.42,1.662729455098,-0.34390543210400804,-0.1078235498542115
189.43,1.65929350077904,-0.34328539225149485,-0.11107405855527323
189.44,1.65586374809963,-0.34266509887465235,-0.11473489181886969
189.45,1.65244019977102,-0.34204451478192144,-0.11851830911549678
189.46,1.6490228588988,-0.34142360185984155,-0.12195328189911138
189.47,1.64561172894623,-0.34080232568574437,-0.1258112133424618
189.48,1.64220681372449,-0.3401806479061631,-0.12988329669980125
189.49,1.63880811745883,-0.3395585283980966,-0.1334978405756227
189.5,1.63541564474834,-0.3389359317965043,-0.13753636807949707
189.51,1.6320294005448,-0.33831281889573817,-0.14184325308757584
189.52,1.62864939022783,-0.3376891482260743,-0.14566637599788815
189.53,1.62527561956224,-0.33706488333050494,-0.1498549505371816
189.54,1.62190809467499,-0.33643998458699476,-0.15432002960906982
189.55,1.61854682212174,-0.3358144100364058,-0.15841751556183575
189.56,1.61519180885427,-0.33518812163750855,-0.16270210732880608
189.57,1.61184306220085,-0.3345610799708354,-0.16727536563851506
189.58,1.60850058990437,-0.33393324319724493,-0.17166029916225045
189.59,1.60516440011904,-0.33330457170550054,-0.17601931139814242
189.6,1.60183450138346,-0.33267502655432624,-0.18069321184510373
189.61,1.59851090263823,-0.33204456620866685,-0.18531624758842422
189.62,1.59519361324441,-0.33141315007783984,-0.18975498146699202
189.63,1.59188264295168,-0.3307807397388304,-0.19451762286903845
189.64,1.5885780019004,-0.33014729416174227,-0.19933353340659418
189.65,1.58527970065481,-0.32951277231009957,-0.20385484603587326
189.66,1.58198775016886,-0.32887713633592,-0.2086960631093486
189.67,1.57870216177657,-0.3282403458850817,-0.21366958993680604
189.68,1.57542294723479,-0.3276023598967448,-0.21826979347080774
189.69,1.57215011868846,-0.32696314121033654,-0.22317807025402264
189.7,1.56888368865159,-0.32632265033408214,-0.22826405597177032
189.71,1.56562367005621,-0.3256808466681712,-0.23296811858077365
189.72,1.56237007621688,-0.3250376935812501,-0.237923470375183
189.73,1.55912292081096,-0.3243931526993353,-0.24305727923111875
189.74,1.55588221791934,-0.3237471845262463,-0.24791861274571014
189.75,1.55264798199981,-0.3230997525563199,-0.25288286914133196
189.76,1.54942022787083,-0.32245081991842584,-0.25802854602625164
189.77,1.54619897072964,-0.32180034861024426,-0.2630514586113993
189.78,1.54298422614819,-0.32114830228749763,-0.2680168114743319
189.79,1.53977601005192,-0.32049464567233676,-0.2731756955489693
189.8,1.53657433872357,-0.31983934229758243,-0.27831269371870226
189.81,1.53337922881336,-0.31918235646233306,-0.2832929442946546
189.82,1.53019069731542,-0.3185236544001787,-0.28846251813240986
189.83,1.5270087615622,-0.3178632012357482,-0.29367552160869437
189.84,1.52383343924231,-0.317200962295496,-0.2986787178862915
189.85,1.52066474837677,-0.3165369052909983,-0.30385680757939565
189.86,1.51750270730744,-0.31587099698624316,-0.309118740019948
189.87,1.51434733471816,-0.315203204018096,-0.3141319404491483
189.88,1.51119864961178,-0.31453349572098854,-0.31932742508508977
189.89,1.50805667129366,-0.31386184044916077,-0.3246131311498779
189.9,1.50492141939796,-0.3131882063445002,-0.3297148304535698
189.91,1.5017929138615,-0.3125125637372661,-0.33483767076597365
189.92,1.49867117491584,-0.31183488338875265,-0.34008629647937727
189.93,1.49555622308517,-0.3111551355105676,-0.34535103123235283
189.94,1.49244807919397,-0.3104732908239131,-0.3503986630911841
189.95,1.48934676434781,-0.3097893224678313,-0.35561727455030584
189.96,1.48625229991583,-0.30910320273466557,-0.3609175303360447
189.97,1.48316470755619,-0.30841490380692504,-0.3660404708292284
189.98,1.48008400918917,-0.30772439995841083,-0.3711993693560403
189.99,1.47701022699136,-0.3070316657985887,-0.376436505491016
190.0,1.4739433833922,-0.3063366758347582,-0.38167565731342507
190.01,1.47088350107626,-0.30563940518108884,-0.3867971793307208
190.02,1.46783060296854,-0.3049398305200827,-0.39200749842012145
190.03,1.46478471222381,-0.3042379284114124,-0.3972534201990437
190.04,1.46174585223501,-0.30353367571217355,-0.4024146074513275
190.05,1.45871404661739,-0.30282705057682235,-0.40759470084721483
190.06,1.45568931920264,-0.30211803162741674,-0.4128071371158594
190.07,1.45267169403407,-0.30140659780493556,-0.4180181576767147
190.08,1.44966119536374,-0.3006927286754909,-0.4231790250062676
190.09,1.44665784764278,-0.29997640481174703,-0.42837648703591147
190.1,1.44366167551338,-0.2992576070998362,-0.4335880988864875
190.11,1.4406727038086,-0.2985363169108283,-0.43876548519350606
190.12,1.43769095754228,-0.29781251649158386,-0.4439526220190847
190.13,1.43471646190328,-0.29708618862575403,-0.4491462053940871
190.14,1.43174924224981,-0.29635731664408027,-0.4543355835781388
190.15,1.42878932410393,-0.2956258845078145,-0.45953241286362345
190.16,1.42583673314477,-0.29489187672741746,-0.4647211458542467
190.17,1.4228914952039,-0.29415527848466094,-0.46990063048950587
190.18,1.41995363625686,-0.29341607563041866,-0.47510495462012514
190.19,1.41702318241881,-0.2926742544215803,-0.48031074811911956
190.2,1.4141001599397,-0.2919298017079205,-0.48549272966639906
190.21,1.41118459519721,-0.2911827051329252,-0.49067522624399507
190.22,1.40827651468901,-0.29043295291966886,-0.4959180354957903
190.23,1.40537594502924,-0.28968053343824685,-0.501113982752876
190.24,1.4024829129463,-0.28892543602034493,-0.5062830325551769
190.25,1.39959744526812,-0.28816765079257384,-0.5115359754817053
190.26,1.39671956892249,-0.28740716784381914,-0.5167768423950848
190.27,1.39384931093387,-0.2866439779526701,-0.5219608529110206
190.28,1.39098669841356,-0.28587807294476003,-0.5271602788921258
190.29,1.388131758551,-0.28510944511316677,-0.5324412853275263
190.3,1.3852845186129,-0.2843380867084152,-0.5377345482577836
190.31,1.38244500594217,-0.283563990507583,-0.5429242802612203
190.32,1.37961324794793,-0.28278715067566557,-0.5481335786146974
190.33,1.37678927209215,-0.282007561817658,-0.5534624346231362
190.34,1.37397310589382,-0.2812252182083234,-0.5588172651065468
190.35,1.37116477692741,-0.2804401145464227,-0.5640339863800625
190.36,1.36836431281501,-0.27965224716658965,-0.569264556435702
190.37,1.36557174120724,-0.2788616128899228,-0.5746470081381899
190.38,1.36278708979245,-0.278068207977733,-0.5800682109950135
190.39,1.36001038629372,-0.2772720290173262,-0.5853345822373772
190.4,1.35724165846418,-0.2764730743415841,-0.5906035961186421
190.41,1.35448093406316,-0.27567134285383377,-0.5960453200540732
190.42,1.35172824086896,-0.27486683276233825,-0.6015430809278786
190.43,1.34898360667442,-0.274059542475826,-0.6068770727581103
190.44,1.34624705928574,-0.2732494721967497,-0.612199911242006
190.45,1.3435186264945,-0.27243662279674935,-0.6177129587119677
190.46,1.34079833609321,-0.2716209943471789,-0.6233022816101277
190.47,1.33808621586979,-0.2708025869799217,-0.6287189043560425
190.48,1.33538229360972,-0.26998140266582726,-0.6341108079346996
190.49,1.33268659706417,-0.269157444139669,-0.6397096052298723
190.5,1.32999915396815,-0.2683307132396673,-0.6454094060303551
190.51,1.32731999203399,-0.267501211700912,-0.6509241254222381
190.52,1.32464913895704,-0.2666689431648365,-0.6563982143079025
190.53,1.3219866223794,-0.26583391214118346,-0.6621039660009478
190.54,1.31933246991121,-0.2649961220695718,-0.6679975737503341
190.55,1.31668670912429,-0.2641555757525782,-0.6735713683241354
190.56,1.31404936756451,-0.2633122787888317,-0.6790925694510034
190.57,1.31142047269611,-0.2624662377355055,-0.6849641008186358
190.58,1.30880005194043,-0.26161745741866327,-0.6907388639945795
190.59,1.30618813265991,-0.2607659436143994,-0.6969305084410738
190.6,1.30358474216515,-0.2599117001857591,-0.7025739652831884
190.61,1.3009899077276,-0.2590547352037583,-0.7081840379308971
190.62,1.29840365650424,-0.25819505758649663,-0.7142995223566426
190.63,1.29582601559708,-0.25733267353867756,-0.7203027621369194
190.64,1.29325701203137,-0.256467590257331,-0.7267152839678335
190.65,1.29069667276928,-0.25559981319391856,-0.7324923283005125
190.66,1.28814502471272,-0.2547293524848301,-0.7383123814348386
190.67,1.28560209463115,-0.25385621863932933,-0.7446561379932598
190.68,1.28306790922451,-0.25298041937441196,-0.7509291365448372
190.69,1.28054249510032,-0.2521019631690121,-0.7575054734320504
190.7,1.27802587879101,-0.25122085747450085,-0.7635007560367238
190.71,1.27551808674343,-0.25033711399075065,-0.7696326128488458
190.72,1.27301914526633,-0.24945074422900543,-0.7761847856107965
190.73,1.27052908058177,-0.24856175758940688,-0.7827619834401915
190.74,1.26804791880521,-0.24767016372708173,-0.7895211295677655
190.75,1.2655756859652,-0.24677597202124776,-0.7957845025794318
190.76,1.26311240798102,-0.24587919549526327,-0.8022703743742997
190.77,1.2606581106308,-0.2449798464979188,-0.8090520500923758
190.78,1.25821281958944,-0.2440779360450766,-0.8159798288304074
190.79,1.25577656041231,-0.2431734747759151,-0.8229774339609763
190.8,1.25334935855851,-0.24226647372183238,-0.8295282868079805
190.81,1.25093123935647,-0.2413569471995077,-0.8363954597571788
190.82,1.24852222798934,-0.24044490834959448,-0.843454393784997
190.83,1.24612234952289,-0.23953036959548463,-0.8507849961457645
190.84,1.24373162889182,-0.23861334235592188,-0.858064672330539
190.85,1.24135009092777,-0.23769383913850123,-0.8649303275544639
190.86,1.23897776031109,-0.2367718754886635,-0.8722257425982881
190.87,1.23661466157367,-0.23584746519817273,-0.8795910978390985
190.88,1.23426081911766,-0.23492062198716135,-0.887464263463639
190.89,1.23191625720411,-0.23399135738708665,-0.8950366223694896
190.9,1.22958099999307,-0.23305968543749594,-0.9021486677579472
190.91,1.2272550714634,-0.2321256234237512,-0.909961512812768
190.92,1.22493849544448,-0.23118918543783748,-0.9177857003698667
190.93,1.22263129562624,-0.23025038596315994,-0.925596058806674
190.94,1.22033349554833,-0.22930923995191738,-0.9343067420793681
190.95,1.21804511860978,-0.22836575837875128,-0.9419591049506443
190.96,1.21576618810703,-0.22741995874501209,-0.949500322307074
190.97,1.21349672710129,-0.22647185983483328,-0.958223066813859
190.98,1.21123675852981,-0.22552147478433113,-0.9663520998452902
190.99,1.2089863051722,-0.22456882010025714,-0.975245561892889
191.0,1.20674538964843,-0.22361390903984368,-0.9840694399513291
191.01,1.20451403446228,-0.22265675609999444,-0.9920769158110905
191.02,1.20229226193523,-0.22169738082725154,-1.0007728861473577
191.03,1.2000800941986,-0.22073579990241807,-1.0098627584804047
191.04,1.19787755323826,-0.21977202850283484,-1.0186416178442743
191.05,1.19568466087481,-0.21880608373216112,-1.0285877787010473
191.06,1.19350143876525,-0.2178379777153276,-1.0374647804141892
191.07,1.19132790846238,-0.21686772886750177,-1.046072055954833
191.08,1.18916409126466,-0.21589535769417542,-1.0560556051019219
191.09,1.18701000833419,-0.2149208785200733,-1.0654595116901295
191.1,1.18486568066303,-0.21394430890249727,-1.0753792114001892
191.11,1.18273112907175,-0.21296566462666866,-1.0855835956381237
191.12,1.18060637423344,-0.21198496094866165,-1.0950860267542997
191.13,1.17849143665267,-0.211002217403757,-1.104956352778466
191.14,1.17638633662423,-0.21001745248650505,-1.1154532140634013
191.15,1.17429109428652,-0.20903068232732877,-1.125615410318492
191.16,1.17220572960262,-0.20804192508957672,-1.1367865752881687
191.17,1.17013026235907,-0.20705119505275613,-1.1472889328794436
191.18,1.16806471221538,-0.2060585105826481,-1.1574703346274875
191.19,1.16600909859493,-0.20506389236349953,-1.1687703476007214
191.2,1.16396344075942,-0.20406735660325656,-1.179802648506148
191.21,1.16192775779501,-0.2030689212854042,-1.1911394180572314
191.22,1.15990206860841,-0.20206860371675037,-1.2030430935201366
191.23,1.1578863919411,-0.2010664195236674,-1.2142480738830126
191.24,1.15588074637415,-0.20006238845467855,-1.225641209610632
191.25,1.15388515026377,-0.19905653021717135,-1.2378800739829885
191.26,1.15189962180433,-0.1980488614514997,-1.2497896409183948
191.27,1.1499241790086,-0.19703940081625868,-1.2625233310783337
191.28,1.14795883970697,-0.19602816422233568,-1.2749948344977484
191.29,1.14600362158284,-0.1950151697114951,-1.2870951692653776
191.3,1.14405854210493,-0.194000437864252,-1.3000417843223093
191.31,1.14212361855766,-0.1929839863909137,-1.313086448770998
191.32,1.14019886804924,-0.19196583327133848,-1.326233440371132
191.33,1.13828430750423,-0.19094599677958643,-1.3401355811665936
191.34,1.13637995367005,-0.18992449293841474,-1.353435459982328
191.35,1.13448582313769,-0.1889013413462574,-1.3668059682186582
191.36,1.13260193226953,-0.1878765622000826,-1.3811318782641575
191.37,1.13072829726162,-0.18685017252024946,-1.3951987183278522
191.38,1.1288649341255,-0.18582219110233428,-1.409890038482087
191.39,1.12701185868788,-0.1847926351030797,-1.4246796358565719
191.4,1.12516908661189,-0.18376152229057272,-1.4391553707220277
191.41,1.12333663336511,-0.1827288727241731,-1.4542125086001936
191.42,1.12151451421821,-0.18169470501583168,-1.4696521652319272
191.43,1.11970274426534,-0.18065903708616346,-1.4850827233722752
191.44,1.11790133841563,-0.17962188767816265,-1.5014207300077573
191.45,1.11611031139481,-0.17858327297291904,-1.517220947990699
191.46,1.11432967777535,-0.17754321239366785,-1.533032512210369
191.47,1.11255945189985,-0.1765017263150796,-1.5499163628702763
191.48,1.11079964794319,-0.175458831848746,-1.5666149822382318
191.49,1.10905027989534,-0.1744145476966663,-1.583661276846183
191.5,1.10731136156112,-0.17336889217600499,-1.6014694111240015
191.51,1.10558290656689,-0.17232188176084334,-1.6187644943848596
191.52,1.10386492837671,-0.17127353605083293,-1.6362371551920294
191.53,1.10215744023136,-0.1702238750190821,-1.6547078138576126
191.54,1.10046045520298,-0.16917291586075653,-1.6730354919232844
191.55,1.09877398617934,-0.16812067723683638,-1.6918571589275062
191.56,1.09709804586384,-0.1670671770203321,-1.7112382929275196
191.57,1.09543264678666,-0.16601243217082934,-1.7302314896173516
191.58,1.09377780130398,-0.16495646228016914,-1.749605210870667
191.59,1.09213352156096,-0.16389928665050033,-1.7697991410572371
191.6,1.09049981953186,-0.16284092265240932,-1.789952797784291
191.61,1.08887670700776,-0.16178138881658977,-1.8107174855973784
191.62,1.08726419559667,-0.160720702625831,-1.8318300506104537
191.63,1.08566229673743,-0.15965888154875393,-1.852750019514912
191.64,1.08407102168432,-0.1585959449754315,-1.87423675565925
191.65,1.08249038149481,-0.15753191146232934,-1.8963266055724541
191.66,1.08092038705276,-0.15646679857841406,-1.918512701900158
191.67,1.07936104906043,-0.1554006246692552,-1.9414017304109787
191.68,1.07781237803869,-0.15433340687883712,-1.9644740108967582
191.69,1.07627438434256,-0.15326516301874538,-1.9875376253274533
191.7,1.07474707813526,-0.15219591221250126,-2.011321614956018
191.71,1.07323046939524,-0.15112567236982843,-2.0355327700889543
191.72,1.07172456792563,-0.15005446116341803,-2.059966292157221
191.73,1.0702293833499,-0.14898229672467012,-2.0851990988481033
191.74,1.06874492511215,-0.14790919583399695,-2.110477574839531
191.75,1.06727120249436,-0.1468351764956577,-2.1358962315274392
191.76,1.06580822458139,-0.14576025758933908,-2.1621877021413876
191.77,1.0643560002833,-0.14468445644316152,-2.1887679286913873
191.78,1.06291453833439,-0.1436077907287466,-2.2156863851795614
191.79,1.06148384729154,-0.14253027832308493,-2.243483571051479
191.8,1.06006393553476,-0.14145193567691358,-2.271229714162356
191.81,1.05865481128503,-0.14037278085825555,-2.299251076409219
191.82,1.05725648256354,-0.1392928324606746,-2.3282709033760636
191.83,1.05586895722477,-0.13821210730883643,-2.357473568095224
191.84,1.05449224294796,-0.1371306230060802,-2.387183508829548
191.85,1.05312634723745,-0.13604839697833143,-2.41772427928437
191.86,1.05177127742571,-0.13496544555782383,-2.4482201795836875
191.87,1.05042704068417,-0.13388178674966222,-2.4791341894219405
191.88,1.04909364398866,-0.13279743874974698,-2.511057390805561
191.89,1.04777109415101,-0.13171241813041967,-2.5432124837006826
191.9,1.0464593978104,-0.13062674221283785,-2.57587935277721
191.91,1.04515856143374,-0.1295404282938321,-2.6092937981948343
191.92,1.04386859131604,-0.12845349291133829,-2.6432544597439067
191.93,1.04258949359139,-0.12736595258598754,-2.677248118156261
191.94,1.04132127422096,-0.12627782535249432,-2.712021061564787
191.95,1.04006393898342,-0.1251891285041773,-2.7476003710535073
191.96,1.03881749349458,-0.12409987849475816,-2.7835462769880737
191.97,1.03758194320085,-0.1230100922949969,-2.8200116178062595
191.98,1.03635729337977,-0.12191978692632963,-2.8575393371993942
191.99,1.03514354914034,-0.12082897797916863,-2.8951607052062
192.0,1.03394071544166,-0.1197376824925082,-2.9330791493891923
192.01,1.03274879705347,-0.11864591831924898,-2.9722045420599517
192.02,1.03156779858391,-0.11755370152082278,-3.011726653313909
192.03,1.03039772447665,-0.11646104863617206,-3.0518388449722775
192.04,1.0292385790096,-0.11536797625958754,-3.09260450408904
192.05,1.02809036629533,-0.11427450080123691,-3.1342660747272935
192.06,1.0269530902845,-0.11318063791717811,-3.176111532802709
192.07,1.025826754772,-0.11208640452483784,-3.2185726685470333
192.08,1.02471136337302,-0.11099181756998311,-3.2620926413759754
192.09,1.02360691954647,-0.10989689280584229,-3.3060419594999506
192.1,1.02251342658866,-0.10880164652317115,-3.3506667497547107
192.11,1.02143088763382,-0.10770609494790881,-3.3960905536429267
192.12,1.0203593056546,-0.10661025389308762,-3.4421616244657853
192.13,1.01929868346774,-0.10551413923534278,-3.488686828793214
192.14,1.01824902372719,-0.10441776743965922,-3.5360436333803125
192.15,1.01721032892278,-0.10332115453749273,-3.584184429167923
192.16,1.01618260138768,-0.10222431624933304,-3.6329447829187833
192.17,1.01516584329616,-0.10112726846008466,-3.682392774329509
192.18,1.01416005666415,-0.10003002703467545,-3.732755975690853
192.19,1.01316524334975,-0.09893260725875412,-3.783611070833031
192.2,1.01218140506056,-0.09783502498415901,-3.8350891178062496
192.21,1.01120854333849,-0.09673729626900052,-3.8875497219320594
192.22,1.01024665957217,-0.095639436441843,-3.9406256543797644
192.23,1.00929575499491,-0.0945414610439103,-3.9944349261848093
192.24,1.00835583068494,-0.09344338557199887,-4.0489993166070315
192.25,1.00742688756592,-0.09234522539633971,-4.104393881452067
192.26,1.00650892640889,-0.09124699560716562,-4.160340484263317
192.27,1.00560194783407,-0.09014871173850618,-4.217029543318237
192.28,1.004705952303,-0.08905038926308821,-4.274615253941999
192.29,1.00382094012742,-0.08795204319199483,-4.3328506768627655
192.3,1.00294691146726,-0.08685368869992827,-4.3918237379557565
192.31,1.00208386633119,-0.08575534091325165,-4.451626977704715
192.32,1.00123180457715,-0.08465701466786972,-4.512112666794057
192.33,1.00039072591613,-0.08355872490315257,-4.573208420842495
192.34,0.999560629906925,-0.08246048682906867,-4.635149811100512
192.35,0.998741515957768,-0.08136231531079749,-4.697843759497074
192.36,0.997933383329742,-0.08026422508004098,-4.761218699029465
192.37,0.997136231135962,-0.07916623091973238,-4.825318167413134
192.38,0.996350058342082,-0.0780683475480872,-4.890113356793593
192.39,0.995574863766856,-0.07697058965327463,-4.955696263205195
192.4,0.994810646082665,-0.07587297165322637,-5.0219218790888664
192.41,0.994057403819019,-0.07477550805914206,-5.088721224239743
192.42,0.993315135357773,-0.07367821361722593,-5.156301210977718
192.43,0.992583838934817,-0.0725811027521367,-5.224564348141241
192.44,0.991863512643117,-0.07148418976989832,-5.293441865366887
192.45,0.991154154432027,-0.0703874890143961,-5.36296343902161
192.46,0.990455762107841,-0.06929101476427779,-5.433101082420388
192.47,0.989768333334337,-0.06819478125406064,-5.503877514934797
192.48,0.98909186563331,-0.06709880258001326,-5.575221791902422
192.49,0.988426356386266,-0.06600309284319021,-5.647094699403244
192.5,0.987771802832874,-0.06490766619885921,-5.719558226733303
192.51,0.987128202072032,-0.06381253664436519,-5.79255665999505
192.52,0.986495551063301,-0.06271771810089366,-5.866047908045036
192.53,0.985873846627006,-0.06162322446887821,-5.940022622637895
192.54,0.985263085444773,-0.06052906959109668,-6.014461015861973
192.55,0.984663264060074,-0.05943526724243309,-6.089285086186412
192.56,0.984074378878777,-0.05834183125777437,-6.164537703466973
192.57,0.98349642616813,-0.05724877533604308,-6.240213513247979
192.58,0.982929402060154,-0.056156112977955495,-6.316174067772227
192.59,0.982373302551415,-0.05506385777089655,-6.392432339229711
192.6,0.981828123502411,-0.053972023275331946,-6.468977275198699
192.61,0.981293860638694,-0.052880622953062804,-6.545752000589943
192.62,0.980770509551426,-0.0517896702168702,-6.622738155278177
192.63,0.980258065697902,-0.050699178396534005,-6.6997863549256715
192.64,0.9797565244021,-0.04960916102919692,-6.777013065024926
192.65,0.979265880851671,-0.048519631403667884,-6.854422494889224
192.66,0.978786130105082,-0.047430602433370016,-6.9317416454476675
192.67,0.978317267090198,-0.04634208730387076,-7.009029390559662
192.68,0.97785928660232,-0.0452540991995228,-7.086283346099616
192.69,0.97741218330604,-0.044166651154317615,-7.163413460176058
192.7,0.976975951735761,-0.043079756159863,-7.240394421665846
192.71,0.976550586296244,-0.04199342711729559,-7.317048967318085
192.72,0.976136081263136,-0.040907677199736314,-7.393505301998337
192.73,0.975732430779115,-0.03982251927805436,-7.469753583812606
192.74,0.975339628862697,-0.038737965782406625,-7.545483863438724
192.75,0.974957669406098,-0.03765402949523674,-7.620760616527636
192.76,0.974586546172889,-0.03657072320085349,-7.695569747130192
192.77,0.974226252800079,-0.03548805951588685,-7.769807979269744
192.78,0.973876782798648,-0.03440605101667493,-7.843438362952135
192.79,0.973538129554076,-0.0333247101869133,-7.9162799520511635
192.8,0.973210286326866,-0.03224404981537292,-7.988445028824582
192.81,0.972893246248253,-0.03116408235737389,-8.059905403662805
192.82,0.972587002329909,-0.030084819799885053,-8.130359678281623
192.83,0.972291547461305,-0.02900627452531076,-8.19986192410528
192.84,0.972006874407268,-0.027928458913673015,-8.268383085019819
192.85,0.971732975810162,-0.026851385171585328,-8.335817926561303
192.86,0.971469844190406,-0.025775065467251168,-8.402128884723238
192.87,0.971217471947,-0.02469951185218311,-8.46709481493831
192.88,0.970975851358042,-0.023624736908610854,-8.530892632399771
192.89,0.970744974573511,-0.02255075264472976,-8.593473980469525
192.9,0.970524833631528,-0.021477570385434557,-8.654469050939603
192.91,0.970315420452255,-0.020405202186539,-8.713988858000086
192.92,0.970116726834246,-0.01933366008390521,-8.772000181625334
192.93,0.96992874445764,-0.018262955870925378,-8.828392965009545
192.94,0.969751464884676,-0.01719310131200839,-8.883110278573987
192.95,0.969584879560206,-0.01612410811984803,-8.936090665204961
192.96,0.969428979812215,-0.015055987941323123,-8.987283578986759
192.97,0.969283756852334,-0.013988752352606104,-9.036436314275214
192.98,0.969149201774659,-0.012922414170591739,-9.083943393610548
192.99,0.969025305542071,-0.011856984083224997,-9.129491954875672
193.0,0.968912059030582,-0.010792472493677726,-9.172757192113776
193.01,0.968809452989705,-0.009728891760437305,-9.214076736283038
193.02,0.968717478054972,-0.00866625315597743,-9.253238378006824
193.03,0.968636124748444,-0.007604568002399689,-9.290213880081938
193.04,0.968565383479211,-0.006543847571182279,-9.324955447825587
193.05,0.968505244543905,-0.0054841030829616555,-9.357425230727149
193.06,0.968455698127202,-0.004425345616125102,-9.387544847222633
193.07,0.968416734302328,-0.0033675869652610713,-9.41532452686134
193.08,0.96838834302053,-0.0023108387413067755,-9.440759973471396
193.09,0.96837051412636,-0.0012551107619570199,-9.463729239530444
193.1,0.968363237368415,-0.0002004137352314602,-9.484231579656917
193.11,0.968366502376843,0.0008532407663639867,-9.502266367628565
193.12,0.968380298672622,0.0019058419236051005,-9.517794650356421
193.13,0.968404615668052,0.002957378893694851,-9.530798723059101
193.14,0.968439442667255,0.004007840883313296,-9.541263100779439
193.15,0.968484768866664,0.005057217148377036,-9.549155684315505
193.16,0.96854058335552,0.006105497168160112,-9.554607060153995
193.17,0.968606875116366,0.007152668832290562,-9.557356006283335
193.18,0.968683633004692,0.008198722150377463,-9.557464789291249
193.19,0.968770845800165,0.009243647963601739,-9.55518490441403
193.2,0.968868502167867,0.01028743486349663,-9.550267526676487
193.21,0.968976590666134,0.011330072350101047,-9.542796182219499
193.22,0.969095099748824,0.012371550015137974,-9.532784541714925
193.23,0.969224017765809,0.013411857483829523,-9.520246974960635
193.24,0.969363332963451,0.01445098442954725,-9.505190958397897
193.25,0.96951303348509,0.015488920621413901,-9.487693158046097
193.26,0.969673107371526,0.016525655558156476,-9.467875649900487
193.27,0.969843542555839,0.017561178138341314,-9.445293863413593
193.28,0.970024326862465,0.01859547919105161,-9.420354602379813
193.29,0.970215448036001,0.019628549316945874,-9.393330309165203
193.3,0.970416893709896,0.020660377676468927,-9.363803354200357
193.31,0.970628651417254,0.021690954345175244,-9.332019175183728
193.32,0.970850708591312,0.022720269359732814,-9.297992561022099
193.33,0.971083052565907,0.02374831280389511,-9.261772408180528
193.34,0.971325670575952,0.024775074808792524,-9.223356919953963
193.35,0.971578549757907,0.025800545665755997,-9.183128801216187
193.36,0.971841677150257,0.026824714693578687,-9.140623949488708
193.37,0.972115039680457,0.02784757218711002,-9.09582775665245
193.38,0.972398624193122,0.028869109567326395,-9.049478963403747
193.39,0.972692417438373,0.029889316929445263,-9.001248840386147
193.4,0.972996406065506,0.030908184384616698,-8.951111521383394
193.41,0.973310576627996,0.031925702411268284,-8.899235146640741
193.42,0.973634915583952,0.032941861496428124,-8.845664165369659
193.43,0.973969409296589,0.033956652173223564,-8.790456935420558
193.44,0.974314044034679,0.03497006503602278,-8.733646703472731
193.45,0.974668805973026,0.03598209073569873,-8.675822074006035
193.46,0.975033681191125,0.036992718702362024,-8.61582563623702
193.47,0.975408655659873,0.03800194047243559,-8.554377871649383
193.48,0.975793715285172,0.03900974784584825,-8.492341522353886
193.49,0.97618884586871,0.04001613068854437,-8.428654052749119
193.5,0.976594033120319,0.04102107993656975,-8.363850655287205
193.51,0.977009262658424,0.042024586471809774,-8.297933529908757
193.52,0.977434520010496,0.04302664122173746,-8.230973194449954
193.53,0.977869790613509,0.044027235159145126,-8.16296930856605
193.54,0.97831505981439,0.04502635939857651,-8.094386276298602
193.55,0.978770312870479,0.0460240042862455,-8.024889747819211
193.56,0.979235534938427,0.047020160448543735,-7.953854370310749
193.57,0.979710711091455,0.04801482032660842,-7.882548208526449
193.58,0.980195826328373,0.04900797533791135,-7.810932773799477
193.59,0.980690865550854,0.04999961605733998,-7.7383812694876895
193.6,0.98119581357307,0.050989733834475956,-7.665335667332486
193.61,0.98171065512215,0.051978319986089226,-7.5917979743392685
193.62,0.982235374838604,0.052965365873840674,-7.517826858666147
193.63,0.982769957276796,0.05395086290499914,-7.443483630907298
193.64,0.983314386905376,0.05493480253026447,-7.3687077430770636
193.65,0.983868648107726,0.05591717639296575,-7.294274326665419
193.66,0.984432725182413,0.05689797489808653,-7.21933217843189
193.67,0.985006602325936,0.05787718920528447,-7.143174040707626
193.68,0.985590263663285,0.05885481273278,-7.067727608266603
193.69,0.986183693250068,0.059830837215256914,-6.9925708540294
193.7,0.986786875047536,0.06080525358177676,-6.916960819556854
193.71,0.987399792934114,0.06177805366408551,-6.8414372445938785
193.72,0.988022430705839,0.06274922924556874,-6.765969497590984
193.73,0.988654772076801,0.0637187721523889,-6.690600611877802
193.74,0.989296800679564,0.06468667425505448,-6.615375884860138
193.75,0.989948500065628,0.06565292746830986,-6.540191115677896
193.76,0.990609853705848,0.06661752392112068,-6.466007557024544
193.77,0.991280844990875,0.06758045425926673,-6.391527452961922
193.78,0.991961457211006,0.06854171032930345,-6.316274330862336
193.79,0.99265167359578,0.06950128612878323,-6.242405273268875
193.8,0.993351477305572,0.07045917360112101,-6.169077628376051
193.81,0.994060851411949,0.07141536422610543,-6.095732835253122
193.82,0.994779778908224,0.07236985028307534,-6.022853508287351
193.83,0.995508242709863,0.07332262400863063,-5.950394563695665
193.84,0.996246225654915,0.0742736776825681,-5.878383290229208
193.85,0.996993710504442,0.07522300362777512,-5.80684962861155
193.86,0.997750679942947,0.07617059420870673,-5.735666325294942
193.87,0.998517116578785,0.07711644200531498,-5.665831407170416
193.88,0.999293002944614,0.0780605380792295,-5.595814871955244
193.89,1.00007832147714,0.07900287496977651,-5.525471722429522
193.9,1.00087305456028,0.07994344698519322,-5.456830326666617
193.91,1.00167718450774,0.08088224629899851,-5.388764930291554
193.92,1.00249069355119,0.08181926502017582,-5.321015910433096
193.93,1.00331356384854,0.08275449585341543,-5.253928084793525
193.94,1.00414577748426,0.0836879314797497,-5.187457107495747
193.95,1.00498731646989,0.08461956462617048,-5.121621271891275
193.96,1.00583816274442,0.08554938805641621,-5.056432526968458
193.97,1.00669829817468,0.0864773945781716,-4.991759412762784
193.98,1.00756770455581,0.08740357720559144,-4.9285615575848505
193.99,1.00844636361163,0.08832792747883178,-4.865227610148871
194.0,1.00933425697535,0.08925043857307784,-4.80189742277692
194.01,1.01023136623354,0.09017110504174938,-4.740352761225959
194.02,1.01113767290232,0.09108991934199673,-4.679322162837654
194.03,1.01205315842238,0.09200687418866224,-4.618803006616572
194.04,1.01297780416503,0.0929219627098373,-4.559012351906173
194.05,1.01391159143258,0.09383517802525147,-4.499914341761756
194.06,1.01485450145874,0.09474651329508532,-4.44151136824482
194.07,1.01580651540903,0.09565596172250723,-4.3838115397195425
194.08,1.01676761438122,0.09656351655258355,-4.326665596576807
194.09,1.01773777940572,0.09746917124749215,-4.271107700440667
194.1,1.01871699144595,0.09837291762999449,-4.215274488726542
194.11,1.01970523137717,0.0992747495194161,-4.159572996294257
194.12,1.02070248003722,0.10017466194366942,-4.105774807251318
194.13,1.02170871819355,0.10107264757566922,-4.052336575200915
194.14,1.02272392654375,0.10196869966975035,-3.999486767580569
194.15,1.02374808572033,0.1028628117730727,-3.947354104226058
194.16,1.02478117629109,0.10375497743282946,-3.8959046923100527
194.17,1.0258231787595,0.10464519023992518,-3.8451383635860577
194.18,1.02687407356517,0.10553344382516947,-3.795059700132302
194.19,1.02793384108418,0.10641973185616291,-3.745497374287388
194.2,1.02900246162951,0.10730404824457751,-3.6975699844188674
194.21,1.03007991545148,0.10818638506458664,-3.649173282057193
194.22,1.03116618271422,0.10906673678092726,-3.6009744313547665
194.23,1.03226124355411,0.10994509890541553,-3.5547341900931033
194.24,1.03336507803684,0.11082146430224649,-3.508652560365163
194.25,1.03447766616379,0.11169582675750189,-3.463185563731628
194.26,1.03559898787539,0.11256818022583234,-3.418372850805176
194.27,1.03672902305161,0.11343851867908947,-3.3741957804998144
194.28,1.0378677515123,0.11430683612391745,-3.330644998954464
194.29,1.03901515301758,0.11517312660991505,-3.287729373480461
194.3,1.04017120726828,0.11603738422375313,-3.245147270621318
194.31,1.04133589390626,0.11689960346448944,-3.204948272238817
194.32,1.04250919251489,0.11775977528975523,-3.1630039107529107
194.33,1.04369108257472,0.11861789575816814,-3.121131833454414
194.34,1.04488154358119,0.1194739621935744,-3.082351583550488
194.35,1.04608055494568,0.12032796652783895,-3.0429356589659897
194.36,1.04728809601934,0.12117990310725654,-3.0041739936551486
194.37,1.04850414609658,0.12202976630666755,-2.965992438325625
194.38,1.04972868441552,0.12287755051383353,-2.928373375914525
194.39,1.05096169015832,0.12372325015317007,-2.8913080668510585
194.4,1.0522031424516,0.124566859691246,-2.8547922069467107
194.41,1.05345302036684,0.12540837363125096,-2.8188170855139814
194.42,1.05471130292073,0.12624778651641838,-2.783376977334366
194.43,1.05597796907561,0.1270850929274999,-2.748464282368588
194.44,1.05725299773979,0.12792028748508377,-2.7140855868348535
194.45,1.05853636776802,0.12875336486550445,-2.6796931148523866
194.46,1.0598280579618,0.12958432047324905,-2.649541589487193
194.47,1.06112804706783,0.1304131417073362,-2.6145093843838607
194.48,1.06243631368148,0.13123982841758236,-2.579457354839936
194.49,1.06375283652058,0.13206438189758418,-2.5502271668832766
194.5,1.06507759417369,0.13288679100458464,-2.518383565915951
194.51,1.0664105651778,0.13370705124332213,-2.487466307287278
194.52,1.06775172801869,0.13452515751583943,-2.456996223997839
194.53,1.06910106113138,0.13534110476109235,-2.426984904851974
194.54,1.07045854290043,0.1361548879554919,-2.39742534955548
194.55,1.07182415166039,0.13696650211366496,-2.368311419901942
194.56,1.07319786569611,0.13777594228734555,-2.339635560781186
194.57,1.07457966324318,0.13858320356765857,-2.3113918195822576
194.58,1.07596952248827,0.13938828108373919,-2.2835772497903988
194.59,1.07736742156955,0.14019117000208525,-2.2561318408475484
194.6,1.07877333857702,0.14099186564517735,-2.228939686847867
194.61,1.08018725155293,0.14179036322350588,-2.2056404128645397
194.62,1.08160913847789,0.1425866499619936,-2.1768170666890523
194.63,1.08303897718969,0.1433807279124159,-2.1484116191054268
194.64,1.08447674567566,0.14417259935142387,-2.1258721655463
194.65,1.0859224217856,0.14496225269065577,-2.100394105996782
194.66,1.087375983323,0.14574968408167338,-2.0757864715048133
194.67,1.08883740804553,0.14653488895592,-2.051530386248967
194.68,1.0903066736653,0.1473178627779903,-2.027636913615935
194.69,1.09178375784929,0.14809860105417702,-2.0041032345016614
194.7,1.09326863821972,0.14887709932532855,-1.9809229538878061
194.71,1.09476129235439,0.14965335316833306,-1.9580900662693355
194.72,1.09626169778706,0.15042735819726002,-1.9355995169059899
194.73,1.09776983200781,0.15119911006231854,-1.9134502279526464
194.74,1.09928567246341,0.15196860445233681,-1.8915278782107947
194.75,1.10080919655771,0.15273583730041618,-1.8702162633390365
194.76,1.10234038165198,0.1535008034149225,-1.85142146889601
194.77,1.10387920504032,0.15426349228342778,-1.828167149265639
194.78,1.1054256439145,0.15502390635190508,-1.805818803185758
194.79,1.10697967558386,0.15578204669333315,-1.787800451302544
194.8,1.10854127723807,0.15653790328750694,-1.767489274341764
194.81,1.11011042602568,0.1572914726969928,-1.747866182831888
194.82,1.11168709905456,0.15804275086582775,-1.7285188700560081
194.83,1.11327127339214,0.15879173377108166,-1.7094556094632392
194.84,1.11486292606585,0.15953841743143,-1.6906757964035242
194.85,1.11646203406347,0.16028279789633282,-1.672172928648432
194.86,1.11806857433343,0.16102487125098652,-1.6539416833390432
194.87,1.11968252378522,0.16176463361883647,-1.6359789961117006
194.88,1.12130385928973,0.16250208115775786,-1.6182870844013715
194.89,1.12293255767961,0.16323721006117528,-1.600705518260388
194.9,1.12456859574962,0.1639700168544108,-1.5840245342619093
194.91,1.126211950257,0.16470049596423916,-1.568755159203795
194.92,1.12786259788632,0.16542863894692025,-1.5498687201163464
194.93,1.1295205152575,0.1661544487230789,-1.5322869264935939
194.94,1.13118567907999,0.16687792530865425,-1.5178057949794417
194.95,1.13285806595959,0.1675990601034257,-1.501548025947723
194.96,1.134537652466,0.16831785007491717,-1.4858307673766165
194.97,1.13622441513317,0.169034291665419,-1.4703289821300485
194.98,1.13791833045964,0.16974838134933096,-1.4550500065386829
194.99,1.13961937490886,0.1704601156384896,-1.4399912661047916
195.0,1.1413275249096,0.17116949107909285,-1.4251495209251837
195.01,1.14304275685623,0.1718765042504104,-1.4105206965752877
195.02,1.14476504710911,0.17258115176640998,-1.396101338279681
195.03,1.14649437199489,0.17328343027592047,-1.3818964578870918
195.04,1.14823070780691,0.17398333646475955,-1.3676926332062995
195.05,1.14997403080552,0.174680867466905,-1.3547221315503444
195.06,1.15172431721838,0.17537601707017053,-1.3422786693089732
195.07,1.15348154319062,0.17606877849158006,-1.326620228565776
195.08,1.15524568483929,0.1767591557865785,-1.3127398490637476
195.09,1.15701671835381,0.1774471481829983,-1.3011274034610067
195.1,1.15879461982951,0.17813274802157925,-1.2880213396592959
195.11,1.16057936533042,0.17881595270774672,-1.275359774165792
195.12,1.16237093088958,0.17949675916275054,-1.2628648016868833
195.13,1.16416929250944,0.1801751643420002,-1.250545723535916
195.14,1.16597442616214,0.1808511652315825,-1.2383984289917063
195.15,1.16778630778986,0.18152475885216587,-1.226420900315781
195.16,1.16960491330515,0.18219594225691305,-1.2146091504765955
195.17,1.17143021859126,0.18286471253508946,-1.2029627854222922
195.18,1.17326219950251,0.18353106680491504,-1.1914880735173417
195.19,1.17510083186453,0.18419500222040902,-1.1799221536767068
195.2,1.17694609147472,0.18485651651016974,-1.1698910060311523
195.21,1.17879795410249,0.18551560279175078,-1.1595251854976294
195.22,1.18065639542497,0.18617225623400552,-1.146466770345733
195.23,1.18252139113152,0.18682648176000702,-1.135602947714703
195.24,1.18439291695888,0.18747827751632862,-1.1261305083967257
195.25,1.18627094856257,0.18812763703225377,-1.115509562757778
195.26,1.18815546157141,0.18877455810841587,-1.105242062677571
195.27,1.19004643158789,0.18941903812483657,-1.0951056750686565
195.28,1.19194383418843,0.19006107449233517,-1.0851051538043064
195.29,1.19384764492375,0.19070066465908253,-1.075241548908897
195.3,1.19575783931921,0.19133780609982276,-1.0655105729596073
195.31,1.19767439287504,0.19197249632291746,-1.055909833689575
195.32,1.19959728106677,0.19260473287151156,-1.046439059888605
195.33,1.20152647934548,0.19323451331740665,-1.037107191461408
195.34,1.20346196313815,0.1938618352675836,-1.02760432565626
195.35,1.20540370784799,0.19448669703508634,-1.0199463867708916
195.36,1.20735168885474,0.19510909090616851,-1.011136142257316
195.37,1.20930588143399,0.1957290141050098,-1.0000980493267189
195.38,1.21126626091741,0.19634647251115522,-0.9916880380973061
195.39,1.21323280265675,0.19696146303141426,-0.9838586125315194
195.4,1.21520548193548,0.1975739803976695,-0.9751995783749461
195.41,1.21718427401478,0.198184022781663,-0.9668156142063515
195.42,1.21916915413393,0.19879158800616786,-0.958536388647173
195.43,1.22116009751055,0.19939667391900007,-0.9503644213603738
195.44,1.2231570793409,0.1999992784034066,-0.9422987325083786
195.45,1.22516007480026,0.200599399375682,-0.9343393886089952
195.46,1.2271690590432,0.2011970347786644,-0.9264831737658937
195.47,1.22918400720387,0.2017921825874162,-0.9187287376535839
195.48,1.23120489439634,0.20238484080858563,-0.911090670198944
195.49,1.23323169571489,0.20297500747907446,-0.9031849817732795
195.5,1.23526438623433,0.20356268154732388,-0.8975802121212597
195.51,1.2373029410103,0.20414785386124734,-0.8898932261593739
195.52,1.23934733497394,0.2047305239391765,-0.8802954861618066
195.53,1.24139754316842,0.20531069922718287,-0.8739672835075352
195.54,1.24345354062659,0.20588837501207732,-0.8674219354724803
195.55,1.24551530232424,0.20646354714273601,-0.8603170077778259
195.56,1.24758280321905,0.20703621414991566,-0.8534268558376008
195.57,1.24965601825097,0.20760637427159243,-0.8466184048505093
195.58,1.25173492234244,0.20817402577608668,-0.8398968077779883
195.59,1.25381949039877,0.20873916695898592,-0.8332597428302596
195.6,1.25590969730832,0.20930179614698785,-0.8267063415286809
195.61,1.25800551794293,0.20986191169634444,-0.8202360577158064
195.62,1.26010692715808,0.21041951199025263,-0.813845757432604
195.63,1.26221389979329,0.2109745954460766,-0.8075543452675719
195.64,1.26432641067237,0.21152716050742612,-0.8009200944189426
195.65,1.26644443460372,0.21207720671425068,-0.7969612020141885
195.66,1.26856794638063,0.21262472357941692,-0.7900575237765733
195.67,1.27069692065366,0.21316971316407418,-0.7816910260563755
195.68,1.27283133224236,0.21371218404158307,-0.7771146379057264
195.69,1.27497115591787,0.21425212964674886,-0.7714967517688547
195.7,1.27711636640932,0.2147895472245735,-0.765647796158503
195.71,1.27926693843173,0.21532443560808856,-0.759948864805605
195.72,1.28142284668629,0.21585679342968622,-0.7543168355851303
195.73,1.28358406586066,0.21638661934750467,-0.7487537498068105
195.74,1.2857505706292,0.21691391204841834,-0.7432583311088126
195.75,1.28792233565331,0.21743867024924998,-0.73783027791471
195.76,1.29009933558168,0.21796089269390992,-0.7324682698061993
195.77,1.29228154505059,0.21848057815457106,-0.7271719047159083
195.78,1.29446893868417,0.2189977254296797,-0.7219531508919588
195.79,1.29666149109468,0.21951233334957707,-0.7164614160870147
195.8,1.29885917688284,0.22002440166431864,-0.7131511688205162
195.81,1.301061970638,0.2205339215586762,-0.7071628251391345
195.82,1.30326984683101,0.22104089613132855,-0.7004789072742424
195.83,1.305482780093,0.2215453319270866,-0.6968691599555215
195.84,1.30770074498708,0.22204722250008432,-0.6919560834912097
195.85,1.30992371605531,0.22254656667324663,-0.6871329263481404
195.86,1.31215166782948,0.22304336352215737,-0.6823895098483831
195.87,1.31438457483141,0.2235376120636586,-0.6777015779441818
195.88,1.31662241157322,0.22402931134050674,-0.6730690053210421
195.89,1.31886515255759,0.22451846042409462,-0.6684919052763084
195.9,1.32111277227806,0.2250050584106563,-0.6639690505028737
195.91,1.32336524521924,0.22548910442333944,-0.6594987741736572
195.92,1.32562254585714,0.2259705976160098,-0.6550822224766573
195.93,1.32788464865943,0.22644953716508173,-0.6507363896297056
195.94,1.33015152808566,0.22692592227483804,-0.6459939602539392
195.95,1.33242315858759,0.22739975342701002,-0.6441283774820262
195.96,1.33469951460944,0.22787101910825744,-0.6385292810984351
195.97,1.33698057043843,0.22833972500615846,-0.6323505812265016
195.98,1.33926630059939,0.2288058798974942,-0.6301068286496985
195.99,1.34155667950645,0.22926947494667876,-0.6257584458177667
196.0,1.3438516815659,0.22973051026093003,-0.6217648465151023
196.01,1.34615128117691,0.23018898514391614,-0.6178071072962316
196.02,1.34845545273176,0.2306448989170836,-0.6138948783472363
196.03,1.35076417061606,0.23109825092892206,-0.6100284121074503
196.04,1.35307740920905,0.23154904055100456,-0.606208042174057
196.05,1.35539514288376,0.23199726717232916,-0.602438219771568
196.06,1.35771734600724,0.23244293018916212,-0.5986723252878478
196.07,1.3600439929409,0.23288602921473686,-0.5949466959440393
196.08,1.36237505804347,0.23332656387899386,-0.5913734376129277
196.09,1.36471051566783,0.2337645333150118,-0.5877861249106863
196.1,1.3670503401572,0.23419993693757174,-0.5841797567867695
196.11,1.36939450585294,0.23463277448725525,-0.5806652007094807
196.12,1.37174298709184,0.235063045501079,-0.577182286706174
196.13,1.37409575820648,0.23549074956683755,-0.5737404301621984
196.14,1.37645279352539,0.2359158862924334,-0.5703374547860088
196.15,1.37881406737332,0.23633845531165396,-0.5669736344502019
196.16,1.38117955407147,0.23675845628082598,-0.5636473140478769
196.17,1.38354922793772,0.23717588888158003,-0.5603705454853523
196.18,1.38592306328689,0.23759075278241654,-0.557063695831623
196.19,1.38830103443089,0.2380030479847528,-0.5538772730785739
196.2,1.39068311568294,0.23841277410516412,-0.5507524319887552
196.21,1.39306928134795,0.23881993065657156,-0.5475708609520263
196.22,1.39545950573075,0.23922451762475688,-0.5444679670710882
196.23,1.39785376313458,0.23962653483150892,-0.5413973255488681
196.24,1.40025202786101,0.24002598212316356,-0.538360523886639
196.25,1.40265427421025,0.24042285937324603,-0.5353585812238888
196.26,1.40506047648133,0.24081716647558946,-0.5323896679613591
196.27,1.40747060897235,0.24120890335066297,-0.5294588527229835
196.28,1.40988464598074,0.24159806994057584,-0.5264662832045646
196.29,1.41230256180345,0.24198466653174527,-0.5239426878042549
196.3,1.41472433073726,0.24236869104016606,-0.521926451116716
196.31,1.4171499270407,0.24275013938608686,-0.5181307586675494
196.32,1.41957932495392,0.24312901666357173,-0.5148572524787662
196.33,1.4220124988104,0.2435053256520825,-0.5128592432953579
196.34,1.42444942289523,0.24387906272134535,-0.5100456823729939
196.35,1.42689007149293,0.2442502282194947,-0.5073934548696609
196.36,1.4293344188876,0.2446188221086739,-0.5047626928828431
196.37,1.43178243936302,0.24498484436989987,-0.5022375740495487
196.38,1.43423410720291,0.2453482947566643,-0.49930346015188753
196.39,1.43668939669102,0.24570917523166574,-0.49673091598543756
196.4,1.4391482821408,0.24606748598925607,-0.49467893956706943
196.41,1.44161073783834,0.24642322467975192,-0.4920941465012801
196.42,1.44407673806276,0.24677639180973693,-0.48951024322009945
196.43,1.44654625710513,0.24712698820350915,-0.4871035367520066
196.44,1.44901926925795,0.24747501392983762,-0.48469713666246494
196.45,1.45149574881544,0.24782046916716113,-0.4823109960760815
196.46,1.45397567007366,0.2481633541112342,-0.4801487966734129
196.47,1.45645900733075,0.2485036683393338,-0.47678348417845234
196.48,1.45894573488708,0.24884141751417474,-0.4749830570162795
196.49,1.46143582712208,0.24917659925199528,-0.4735792448077021
196.5,1.4639292583026,0.249509209155178,-0.47058056091977846
196.51,1.46642600274467,0.2498392512781574,-0.4684507037204011
196.52,1.46892603476918,0.2501667257088262,-0.4662338404224745
196.53,1.47142932870134,0.25049163288375736,-0.46404602198547723
196.54,1.4739358588709,0.250813973268077,-0.46184928453090096
196.55,1.47644559961238,0.25113374747766837,-0.4597817270169546
196.56,1.47895852526533,0.2514509553968425,-0.45825013744172644
196.57,1.48147461015946,0.2517655944135907,-0.45573861945108307
196.58,1.48399382859992,0.2520776673140065,-0.4532733921774976
196.59,1.48651615495947,0.25238717686018597,-0.4516630971690182
196.6,1.48904156358773,0.2526941213585673,-0.44959978707449894
196.61,1.49157002883872,0.25299850147798936,-0.44751692902908613
196.62,1.49410152507089,0.25330031807208797,-0.4460672568723269
196.63,1.49663602664739,0.2535995686677561,-0.44448900062488284
196.64,1.49917350788844,0.2538962518172613,-0.44186372143506536
196.65,1.50171394313899,0.2541903719335807,-0.4399300348977826
196.66,1.50425730678562,0.254481929928078,-0.43842801039585394
196.67,1.5068035731928,0.25477092429233944,-0.4365537063042241
196.68,1.50935271672755,0.2550573554820061,-0.43511519593090603
196.69,1.51190471175935,0.25534122254182356,-0.43158568147421367
196.7,1.51445953266018,0.2556225355895799,-0.4302376226623158
196.71,1.51701715394882,0.2559012927890847,-0.4301422330086362
196.72,1.51957754997256,0.25617748538133334,-0.42750010367200514
196.73,1.5221406951237,0.2564511184803461,-0.42580062187367224
196.74,1.52470656381346,0.2567221929149266,-0.42425424997524985
196.75,1.52727513045838,0.2569907091956684,-0.42072811322593007
196.76,1.52984636950021,0.2572566782050719,-0.4200568706476212
196.77,1.53242025551422,0.25752009509675267,-0.41986384989617015
196.78,1.53499676287557,0.2577809522820903,-0.41698907158234344
196.79,1.53757586604965,0.25803925708990927,-0.4155190499420023
196.8,1.5401575395098,0.25829500985500486,-0.41413800759264385
196.81,1.54274175773727,0.2585482099055755,-0.4131017064490077
196.82,1.54532849519393,0.2587988550382614,-0.4110146184925738
196.83,1.54791772633402,0.25904694908309156,-0.4091713388543254
196.84,1.55050942567921,0.2592924947191655,-0.40808071481069974
196.85,1.55310356772954,0.2595354904604978,-0.40646375060118134
196.86,1.55570012699179,0.2597759375094174,-0.4054011613241431
196.87,1.5582990779794,0.26001383424540947,-0.40408988674449503
196.88,1.56090039517696,0.2602491806505791,-0.40220623778166276
196.89,1.56350405310145,0.26048198009307655,-0.40086756609306723
196.9,1.56611002629012,0.26071223304593627,-0.3996423129975009
196.91,1.56871828927351,0.2609399392366633,-0.39845284734862313
196.92,1.57132881658793,0.2611650986762452,-0.39615563573958035
196.93,1.57394158277553,0.2613877175349259,-0.395140415930726
196.94,1.57655656246513,0.2616077947396637,-0.3946909188832564
196.95,1.57917373018692,0.26182532600832475,-0.39283421819030856
196.96,1.58179306051029,0.26204031504199665,-0.39166760650043125
196.97,1.58441452801581,0.262252762215263,-0.39041776185625077
196.98,1.58703810729121,0.2624626691304181,-0.3869213653076539
196.99,1.58966377296845,0.2626700495114191,-0.3870128435114581
197.0,1.59229149983576,0.26287489651967333,-0.3874868490768541
197.01,1.59492126243084,0.2630772009486619,-0.38472505116766087
197.02,1.59755303540797,0.2632769722298256,-0.3837026799850742
197.03,1.60018679343229,0.26347421077784394,-0.3827086378886574
197.04,1.60282251117978,0.2636689162436645,-0.38189099253155
197.05,1.60546016331198,0.26386108759383076,-0.3802885453345744
197.06,1.60809972449625,0.2640507284654925,-0.3789498348700504
197.07,1.61074116945279,0.26423784114541493,-0.37812282543354886
197.08,1.6133844728904,0.26442242502049595,-0.3767751749422928
197.09,1.61602960952773,0.26460448201406733,-0.3766796386674218
197.1,1.61867655409331,0.2647840071335783,-0.37574818085090855
197.11,1.62132528123438,0.26496100055259375,-0.3735837195831251
197.12,1.62397576568757,0.26513546982359454,-0.3728144239901006
197.13,1.6266279822155,0.2653074146410028,-0.3720761433231811
197.14,1.62928190556344,0.26547683416383216,-0.3710646709747314
197.15,1.63193751048442,0.26564372930116453,-0.36999369937934734
197.16,1.63459477173927,0.26580810148275624,-0.36907982942833517
197.17,1.637253664106,0.2659699512875757,-0.3682428572094207
197.18,1.63991416235815,0.26612927892323834,-0.3672549074457841
197.19,1.64257624128095,0.2662860855362511,-0.3664080995715247
197.2,1.64523987566808,0.2664403716138427,-0.36567078475583936
197.21,1.64790504032109,0.26659213825234546,-0.36181382084350083
197.22,1.65057171008561,0.2667414038545831,-0.3625308029610523
197.23,1.65323986003091,0.26688815985999226,-0.3639566256335715
197.24,1.65590946488409,0.26703239329384976,-0.3610600869817802
197.25,1.65858049952573,0.2671741165854058,-0.3605099079692905
197.26,1.66125293884891,0.2673133297769137,-0.35960388046753566
197.27,1.66392675775922,0.267450034322686,-0.35866139017923715
197.28,1.66660193117878,0.26758423201724835,-0.35790639317360423
197.29,1.66927843404597,0.26771592362183444,-0.3571421844830857
197.3,1.67195624130084,0.26784511002091266,-0.3562797660027327
197.31,1.67463532790108,0.2679717928689115,-0.3551485849232459
197.32,1.67731566881715,0.2680959747883442,-0.35597099704572815
197.33,1.67999723903218,0.26821764673249004,-0.356350872369272
197.34,1.68268001337504,0.2683368031178394,-0.3532492517127792
197.35,1.6853639667563,0.26845345937357806,-0.35225714441438505
197.36,1.68804907423597,0.2685676188471542,-0.35264236852691855
197.37,1.69073531079479,0.2686792760594211,-0.35182157380218837
197.38,1.6934226514213,0.26878843244640777,-0.35110534886610467
197.39,1.69611107111181,0.2688950893319146,-0.3504870783595211
197.4,1.69880054487856,0.2689992474681787,-0.34996888006715854
197.41,1.70149104773304,0.2691009070789304,-0.34933522048656684
197.42,1.70418255469496,0.2692000691393267,-0.34871059246004366
197.43,1.70687504079354,0.26929673449765934,-0.3488859719369186
197.44,1.70956848106584,0.26939090112892233,-0.34402637433422717
197.45,1.71226285056036,0.26948259554658294,-0.3454851060996677
197.46,1.71495812469405,0.2695718063471575,-0.3485017582345241
197.47,1.71765427835363,0.2696585125312549,-0.3449422363913846
197.48,1.72035128665034,0.2697427321895004,-0.3448618674574413
197.49,1.72304912470693,0.2698244647003227,-0.34430306791308923
197.5,1.72574776765771,0.2699037111815054,-0.3437669486314117
197.51,1.72844719064855,0.269980472914246,-0.34298452584354927
197.52,1.73114736884152,0.27005475262066686,-0.3426528853843425
197.53,1.7338482774277,0.2701265503727476,-0.34235573136330444
197.54,1.73654989157643,0.2701958660818423,-0.34167515685876687
197.55,1.7392521864831,0.2702627020380081,-0.3412445306156497
197.56,1.7419551373549,0.2703270593073274,-0.34049765156777845
197.57,1.7446587194109,0.2703889402844051,-0.34111529911975297
197.58,1.74736290788195,0.27044833836767,-0.34340151216153086
197.59,1.75006767786537,0.27050523840557916,-0.3399482587970062
197.6,1.75277300438654,0.27055966018073957,-0.3378260182753145
197.61,1.75547886283895,0.27061161594966743,-0.33972942858282706
197.62,1.7581852284489,0.2706610932729281,-0.3390084439062004
197.63,1.76089207645029,0.2707080943608368,-0.33881881155240823
197.64,1.76359938208451,0.27075261949425966,-0.33796114753626655
197.65,1.76630712060053,0.2707946729778458,-0.337326944320228
197.66,1.76901526731151,0.270834257560737,-0.33788483178311585
197.67,1.77172379750895,0.2708713687867496,-0.33767296305258804
197.68,1.77443268644458,0.2709060068096625,-0.33702325808400135
197.69,1.77714190941068,0.2709381747599956,-0.33682390921768735
197.7,1.77985144170819,0.27096787323350563,-0.33658774663217994
197.71,1.78256125864663,0.27099510300499324,-0.33623280927798155
197.72,1.78527133554416,0.2710198656297569,-0.33600734319772185
197.73,1.78798164773784,0.2710421619254999,-0.3359095196968982
197.74,1.7906921705623,0.2710619919965777,-0.33565637193018194
197.75,1.79340287936069,0.2710793569411618,-0.3354362755609402
197.76,1.79611374948737,0.27109425778042245,-0.3352719062164629
197.77,1.79882475630546,0.27110669536808407,-0.3346839768447643
197.78,1.80153587518681,0.27111667219807956,-0.336759999655586
197.79,1.80424708151204,0.2711241755306663,-0.33572484048041484
197.8,1.80695835047624,0.2711292116861682,-0.3336282429726108
197.81,1.80966965755722,0.2711317936424133,-0.334970566689113
197.82,1.81238097814591,0.27113191386532826,-0.33473550559425863
197.83,1.81509228763231,0.27112957335933924,-0.3346201212128879
197.84,1.81780356141312,0.2711247730334284,-0.33444034853242816
197.85,1.82051477489178,0.27111751348031604,-0.3362177000269616
197.86,1.82322590345766,0.27110778428324583,-0.33507991870950327
197.87,1.82593692237099,0.27109559284251294,-0.33359911386181584
197.88,1.82864780713281,0.27108094885782513,-0.3349256543753612
197.89,1.83135853315188,0.2710638451829117,-0.33472591810095975
197.9,1.83406907584184,0.2710442831195814,-0.33468548869363896
197.91,1.83677941062128,0.2710222634830728,-0.33495380009555975
197.92,1.83948951291366,0.2709977848815789,-0.33600871537837146
197.93,1.84219935810847,0.2709708417318361,-0.335130802543019
197.94,1.84490892155357,0.27094144029483624,-0.3345095076501155
197.95,1.84761817873274,0.27090958547283017,-0.3354047670574394
197.96,1.85032710507244,0.2708752729676689,-0.3353898498352269
197.97,1.85303567600269,0.27083850364242695,-0.335330033504437
197.98,1.85574386695705,0.2707992786238289,-0.33631228369058275
197.99,1.85845165337253,0.27075759261941207,-0.3373023088595684
198.0,1.8611590105963,0.270713440938671,-0.33593212316007043
198.01,1.86386591400236,0.27066683334598574,-0.3357532971013441
198.02,1.86657233908305,0.27061777267592957,-0.3367758031109175
198.03,1.86927826126501,0.27056625418508395,-0.33686604782117124
198.04,1.87198365597639,0.2705122785859049,-0.33672399664787855
198.05,1.87468849864687,0.2704558475443338,-0.3388830321564456
198.06,1.87739276470762,0.270396949204745,-0.3393457466384988
198.07,1.88009642940953,0.27033558257265244,-0.3372934811164819
198.08,1.8827994681731,0.2702717620642651,-0.3380926572035631
198.09,1.88550185646199,0.2702054852778357,-0.33900616977561193
198.1,1.88820356967959,0.27013674827973866,-0.3392473889500053
198.11,1.89090458322811,0.27006555143882693,-0.33903081409913666
198.12,1.89360487250849,0.2699918968771716,-0.3424639922002976
198.13,1.89630441292053,0.26991576582673926,-0.3419070533957669
198.14,1.89900317959369,0.2698371639247447,-0.3394253178161177
198.15,1.9017011480105,0.2697561086549283,-0.3416330799793407
198.16,1.90439829355728,0.2696725897663436,-0.3420911356887515
198.17,1.90709459159066,0.2695866061160753,-0.34250163810781187
198.18,1.90979001746301,0.269498157636755,-0.34258767528577916
198.19,1.91248454652241,0.26940724499275315,-0.34625699774554014
198.2,1.91517815409487,0.2693138486349944,-0.34531320313807173
198.21,1.91787081524641,0.26921797686683496,-0.34336066434193413
198.22,1.92056250541881,0.26911964431376634,-0.34613448942870195
198.23,1.92325319988991,0.2690188376682427,-0.3464454964349796
198.24,1.92594287392522,0.26891555694433245,-0.3471274300242938
198.25,1.9286315027775,0.26880980087574485,-0.34778620217452827
198.26,1.93131906168621,0.2687015681355857,-0.3489392017836953
198.27,1.93400552587274,0.26859085468834976,-0.34944851077041034
198.28,1.93669087051087,0.2684776604284178,-0.34986786034966894
198.29,1.93937507081218,0.2683619858865782,-0.35095930639601236
198.3,1.94205810195032,0.26824382768983285,-0.35172213294437255
198.31,1.94473993908195,0.2681231842948236,-0.35254045431181935
198.32,1.94742055734625,0.2680000540059976,-0.35337601128604595
198.33,1.95009993186424,0.2678744347992516,-0.3549695457282572
198.34,1.95277803772792,0.2677463205098374,-0.35546284128065986
198.35,1.9554548499594,0.2676157116108339,-0.35585304899855863
198.36,1.95813034364635,0.2674826093129986,-0.3573214662240149
198.37,1.96080449381838,0.2673470085441665,-0.35823398766764547
198.38,1.9634772754822,0.26720890727766256,-0.3592334427870126
198.39,1.9661486636209,0.2670683032179174,-0.36029761573666996
198.4,1.96881863319319,0.26692519349915866,-0.3619968964053395
198.41,1.97148715912015,0.266779571843497,-0.36269089328374216
198.42,1.9741542162563,0.2666314380136722,-0.36335527954339825
198.43,1.97681977950456,0.2664807920749949,-0.3649691358720168
198.44,1.97948382370683,0.26632762859067904,-0.36609054786346895
198.45,1.98214632367539,0.2661719448255921,-0.36728392601486526
198.46,1.98480725419206,0.2660137378295883,-0.36860015046549904
198.47,1.98746659000733,0.2658530037587518,-0.3705164599624331
198.48,1.9901243058228,0.2656897356040041,-0.37136986731399707
198.49,1.99278037627026,0.26552393270283065,-0.3722614977631713
198.5,1.99543477602302,0.26535559430775346,-0.3741097973852881
198.51,1.99808747968475,0.26518471415165984,-0.375453388736915
198.52,2.00073846182179,0.26501128873191265,-0.3768594194710084
198.53,2.00338769696222,0.26483531437083707,-0.3784706697097166
198.54,2.00603515959495,0.26465678602768017,-0.3806623275527954
198.55,2.00868082414553,0.26447569567192114,-0.3816609135284255
198.56,2.01132466496495,0.26429204234157033,-0.3827895033794965
198.57,2.01396665644159,0.2641058244758576,-0.3849265001977115
198.58,2.01660677288244,0.2639170347177459,-0.3865161190056633
198.59,2.01924498854835,0.2637256686988184,-0.38816484672071727
198.6,2.0218812776529,0.26353172188916163,-0.3901103396944393
198.61,2.02451561436141,0.26333518790094085,-0.39256399514289125
198.62,2.02714797276022,0.26313605782166316,-0.39375574165729127
198.63,2.0297783268588,0.2629343301579897,-0.39518917631132844
198.64,2.03240665069342,0.26273000219777154,-0.39761785130649474
198.65,2.03503291820805,0.26252306553550636,-0.39949030547006276
198.66,2.03765710329049,0.2623135148016672,-0.4014070125422223
198.67,2.0402791797711,0.2621013445203232,-0.4037538174728856
198.68,2.04289912142162,0.26188654663166966,-0.4065357422379177
198.69,2.04551690191465,0.2616691110369033,-0.4079015719859142
198.7,2.04813249484309,0.2614490358876546,-0.4096650264407025
198.71,2.05074587381843,0.26122631726525813,-0.41245268463271395
198.72,2.05335701234534,0.2610009454124966,-0.4146436002135151
198.73,2.05596588386082,0.2607729138250914,-0.4168616366946202
198.74,2.05857246173271,0.2605422159570751,-0.41968734435589805
198.75,2.06117671925838,0.26030884171682755,-0.42286639961436717
198.76,2.06377862961097,0.26007277952190266,-0.4243967424507271
198.77,2.06637816588088,0.2598340272972455,-0.4265301422925869
198.78,2.06897530117008,0.25959257979383255,-0.4297498885915086
198.79,2.07157000845559,0.259348425588161,-0.43230397848881646
198.8,2.07416226063339,0.2591015568730907,-0.43487515775070146
198.81,2.07675203051678,0.25885196583735154,-0.43823360193217575
198.82,2.07933929083483,0.2585996402018213,-0.4417931562958147
198.83,2.08192401416663,0.2583445671058208,-0.4435812754152534
198.84,2.08450617300797,0.25808674380226976,-0.4461919040700723
198.85,2.0870857398492,0.25782616321308555,-0.4498497553216958
198.86,2.08966268703912,0.2575628123278199,-0.4528293204314961
198.87,2.09223698683026,0.2572966818243298,-0.4558091818581172
198.88,2.09480861137711,0.2570277624335075,-0.4597667278870459
198.89,2.0973775327342,0.2567560394820164,-0.46372657413536095
198.9,2.09994372277862,0.2564814988528119,-0.46584703315502807
198.91,2.1025071533045,0.2562041368244894,-0.4690278648366716
198.92,2.10506779607717,0.25592394411932584,-0.4731585517705101
198.93,2.10762562270366,0.25564090608925694,-0.4766319809031146
198.94,2.11018060467758,0.25535501168151287,-0.4800679246710265
198.95,2.11273271337707,0.2550662500274026,-0.48477127959322386
198.96,2.11528192006267,0.2547746034164781,-0.4892175130369719
198.97,2.11782819578109,0.25448005616482233,-0.49164091077269834
198.98,2.12037151149976,0.25418260388842356,-0.4954805828318327
198.99,2.12291183813401,0.25388223483091926,-0.5001864580943052
199.0,2.12544914641942,0.25357893231583073,-0.5042265119201531
199.01,2.12798340695866,0.25327268334034797,-0.5081628315822333
199.02,2.13051459021906,0.2529634753123363,-0.5138663799101902
199.03,2.13304266653029,0.2526512862986552,-0.5189051225738821
199.04,2.13556760595498,0.2523360986726564,-0.5215189084874468
199.05,2.13808937849018,0.2520179081688223,-0.5261566055364794
199.06,2.14060795405746,0.2516967000641709,-0.5315826696177988
199.07,2.14312330236987,0.25137245506344036,-0.5362721350001871
199.08,2.1456353929848,0.2510451579298264,-0.5409331706923526
199.09,2.14814419530129,0.25071479357183424,-0.5471503282497824
199.1,2.15064967855724,0.2503813389074202,-0.5526092561325656
199.11,2.15315181172077,0.2500447754896366,-0.5563038298724985
199.12,2.15565056367175,0.24970509454441311,-0.5618151174853309
199.13,2.15814590315861,0.2493622780849266,-0.5677384551586757
199.14,2.16063779871463,0.24901630570834943,-0.5732166514045198
199.15,2.16312621869362,0.24866715963551464,-0.5785447983874896
199.16,2.16561113126683,0.24831482264848032,-0.5859603127670812
199.17,2.16809250441995,0.2479592669269226,-0.59240053086416
199.18,2.17057030580745,0.24760047042733752,-0.5966670308262901
199.19,2.17304450298735,0.2472384228453306,-0.6031630656195249
199.2,2.17551506335475,0.24687310278957617,-0.6100133575111135
199.21,2.17798195405691,0.2465044867076623,-0.6163494892955892
199.22,2.18044514202918,0.2461325534970249,-0.624310346752957
199.23,2.18290459397787,0.2457572745219183,-0.6305683628750401
199.24,2.18536027630279,0.24537863028841755,-0.6365589477061261
199.25,2.18781215530316,0.24499660304656187,-0.6444968311547379
199.26,2.19026019699689,0.24461116541916555,-0.6517265661021187
199.27,2.19270436716508,0.24422229364059467,-0.6588072412004924
199.28,2.19514463134785,0.24382996538582966,-0.6659796040269167
199.29,2.19758095487397,0.24343415803600815,-0.6740864740245055
199.3,2.20001330282171,0.24303484452333768,-0.6820183958311831
199.31,2.20244163999164,0.242631999017325,-0.6894173276167241
199.32,2.20486593094641,0.24222559816109435,-0.6993774004137755
199.33,2.20728613998949,0.2418156065031559,-0.7074547163747943
199.34,2.20970223102518,0.24140199863624442,-0.7141903021258714
199.35,2.21211416784142,0.2409847563399274,-0.7235193115625745
199.36,2.2145219139255,0.24056384778507653,-0.736015504434893
199.37,2.21692543243126,0.24013922619356606,-0.7433133260975165
199.38,2.21932468600969,0.23971087184415651,-0.7491033563289233
199.39,2.22171963737171,0.23927877269169415,-0.7617763262991931
199.4,2.2241102488278,0.23884288250126304,-0.7737421700806145
199.41,2.22649648225314,0.23840315865430636,-0.7810765327373852
199.42,2.22887829916098,0.23795958310557735,-0.7884615809697265
199.43,2.23125566099863,0.2375121370581564,-0.8035812873863019
199.44,2.23362852881905,0.23706076403140117,-0.8151985431384896
199.45,2.23599686307072,0.23660542526917627,-0.8219770036495794
199.46,2.23836062405393,0.23614610737726638,-0.831493156043816
199.47,2.24071977184537,0.23568278245766167,-0.8497014864440927
199.48,2.24307426613098,0.23521538120847935,-0.8598958667082996
199.49,2.2454240657922,0.23474387414309147,-0.8659462309948703
199.5,2.24776912988355,0.2342682529980859,-0.8803301115757225
199.51,2.25010941696876,0.2337884688056698,-0.8979144538349553
199.52,2.25244488518369,0.2333044571954046,-0.9081339853402116
199.53,2.25477549193664,0.23281619123990777,-0.9155722878247221
199.54,2.25710119476314,0.2323236575540085,-0.9331478763727835
199.55,2.25942195065557,0.23182679426325312,-0.9507103962817939
199.56,2.26173771602865,0.2313255399605067,-0.9601337089190626
199.57,2.26404844674913,0.23081987412444013,-0.9700240455452722
199.58,2.26635409871636,0.23030977479166678,-0.9872924977505676
199.59,2.26865462726232,0.22979518304864963,-1.0094460878741094
199.6,2.27094998715917,0.22927601867548386,-1.0196414845364987
199.61,2.27324013232577,0.22875225995525977,-1.0279613471704145
199.62,2.2755250169829,0.2282238953304335,-1.0466890028907578
199.63,2.27780459465753,0.22769086211374967,-1.0726571832414198
199.64,2.2800788183736,0.2271530649903153,-1.084559255071209
199.65,2.28234763999772,0.22661047697716263,-1.0917259109312716
199.66,2.28461101190558,0.22606309472734307,-1.1120285768671156
199.67,2.28686888567611,0.225510852091478,-1.1401398708690527
199.68,2.28912121243344,0.22495364704941587,-1.154700932138219
199.69,2.29136794196962,0.2243914434120975,-1.161900580755638
199.7,2.29360902460773,0.22382424019319336,-1.1842911841994908
199.71,2.29584440986098,0.2232519664798982,-1.2112397482960038
199.72,2.29807404674114,0.2226745288439321,-1.230718116320162
199.73,2.30029788305931,0.2220918720718242,-1.2404855516415052
199.74,2.3025158667331,0.221503986515507,-1.261182565795812
199.75,2.30472794514804,0.22091081322564987,-1.2891685787355647
199.76,2.30693406506912,0.22031225854026726,-1.313368103765334
199.77,2.30913417216039,0.2197082494377815,-1.3255272599177013
199.78,2.31132821180707,0.21909876892673985,-1.3451390066238165
199.79,2.31351612911911,0.21848376781206102,-1.3730181255825953
199.8,2.31569786846767,0.21786315789975585,-1.4013764246965743
199.81,2.31787337330774,0.21723685109802382,-1.4190713695618238
199.82,2.32004258636814,0.2166048088095211,-1.4394616922668535
199.83,2.32220545019111,0.21596698257457064,-1.466894333227587
199.84,2.32436190647749,0.2153232931596638,-1.4926390829672354
199.85,2.32651189627359,0.21467366867925497,-1.5175798585863034
199.86,2.32865535984882,0.21401804314217604,-1.5419972095231678
199.87,2.33079223692024,0.21335635398583114,-1.569227320600705
199.88,2.33292246647363,0.21268852802747523,-1.595761405856371
199.89,2.33504598679377,0.21201449598175678,-1.6226123583605512
199.9,2.33716273547376,0.21133418864683895,-1.6507774501710826
199.91,2.33927264940347,0.2106475324830881,-1.679414048638092
199.92,2.34137566471361,0.20995445324877293,-1.7081118467719836
199.93,2.3434717168146,0.20925487795530423,-1.7372939673260426
199.94,2.34556074037295,0.20854873304890037,-1.767299725617669
199.95,2.34764266932355,0.20783594282023737,-1.7981291542814903
199.96,2.34971743681934,0.20711642954992504,-1.829093339904606
199.97,2.35178497524729,0.20639011636650237,-1.8608550846778575
199.98,2.35384521621688,0.20565692454767398,-1.8935401456984866
199.99,2.35589809053989,0.20491677309038375,-1.9262439992908167
200.0,2.35794352821442,0.2041695824817613,-1.9595172545198838
200.01,2.35998145845676,0.2034152724267546,-1.993899814750367
200.02,2.36201180965403,0.20265375966875832,-2.0284472681843067
200.03,2.36403450936556,0.2018849617625218,-2.0637797745365702
200.04,2.36604948432457,0.20110879468616302,-2.09990654739238
200.05,2.36805666040958,0.20032517276475556,-2.1365180605705936
200.06,2.37005596264385,0.1995340100216699,-2.173671463278925
200.07,2.37204731518803,0.19873522033250213,-2.2102419572668337
200.08,2.37403064134957,0.19792872137743833,-2.24920396416607
200.09,2.37600586361544,0.19711442270639035,-2.28910167245978
200.1,2.37797290349784,0.1962922316709026,-2.3283039598734203
200.11,2.37993168164942,0.19546206051103132,-2.367466318030783
200.12,2.3818821178209,0.1946238237095906,-2.40779050731121
200.13,2.3838241309386,0.19377743238898626,-2.450481871106474
200.14,2.38575763896613,0.19292278982074493,-2.4924180957358577
200.15,2.38768255892458,0.1920598039048131,-2.534920785000323
200.16,2.38959880693025,0.19118838301134997,-2.5758666598731463
200.17,2.39150629818298,0.19030844311799985,-2.6203337584277775
200.18,2.39340494707197,0.18941988764207274,-2.666360388473996
200.19,2.39529466688418,0.18852261540156512,-2.710262470796368
200.2,2.3971753700228,0.18761653570531872,-2.7545777091466066
200.21,2.39904696794143,0.18670155894851365,-2.798744607033011
200.22,2.40090937124533,0.18577759704518915,-2.8470088674523883
200.23,2.4027624895906,0.18484454724069233,-2.894591724320977
200.24,2.40460623157074,0.18390231077232144,-2.9419686292791383
200.25,2.40644050487583,0.18295079315473473,-2.9849439511076357
200.26,2.40826521623449,0.18198991856690866,-3.0340544613569373
200.27,2.41008027172203,0.1810195879828521,-3.086683609678812
200.28,2.41188557611231,0.18003968991117486,-3.133366685121194
200.29,2.41368103334045,0.1790501378070612,-3.1819789467941595
200.3,2.41546654639251,0.17805084163324456,-3.2271234027179267
200.31,2.41724201742678,0.17704172494882692,-3.2797484742837177
200.32,2.41900734780696,0.17602268301017596,-3.3325855298499083
200.33,2.42076243766219,0.17499361108876954,-3.3816110178939534
200.34,2.42250718631457,0.1739544227079337,-3.4267616001911896
200.35,2.42424149215701,0.17290504885765964,-3.476415840012051
200.36,2.42596525304057,0.17184540264873668,-3.532574774599717
200.37,2.42767836560727,0.17077537243633073,-3.5819375650106107
200.38,2.4293807255988,0.16969487402617167,-3.6320656964818325
200.39,2.43107222793049,0.16860382523650558,-3.6745021175421924
200.4,2.43275276674319,0.1675021737329437,-3.7283476101141253
200.41,2.43442223573401,0.1663898221620756,-3.7847427700667304
200.42,2.43608052717901,0.16526666325323847,-3.8315826130997728
200.43,2.4377275327576,0.1641326299446244,-3.8765756982516884
200.44,2.43936314334152,0.16298766644214924,-3.9217294085255285
200.45,2.44098724944074,0.16183171446649824,-3.977918843738245
200.46,2.44259974067107,0.1606646717304076,-4.0275960825485235
200.47,2.44420050565802,0.15948646115539294,-4.0758786341132796
200.48,2.44578943247211,0.15829701747751188,-4.109694866877165
200.49,2.44736640851041,0.1570963329518375,-4.160321316565638
200.5,2.44893132139289,0.15588433053275916,-4.218110683347068
200.51,2.45048405707004,0.1546609035387577,-4.2568498473661425
200.52,2.45202450128522,0.1534260227532262,-4.300016201451461
200.53,2.4535525392244,0.15217964828063701,-4.333461582974578
200.54,2.45506805589738,0.15092177609682772,-4.383847214609365
200.55,2.45657093617364,0.14965233154117982,-4.432330336442602
200.56,2.45806106374752,0.148371245962838,-4.470214401555557
200.57,2.45953832224058,0.14707849915315635,-4.498582324253136
200.58,2.46100259491736,0.14577411342190003,-4.53543255252543
200.59,2.46245376563398,0.14445807191444765,-4.585408428080424
200.6,2.46389171728409,0.1431303009031641,-4.618807671009227
200.61,2.46531633254469,0.14179079518155854,-4.653211751776721
200.62,2.46672749409466,0.14043955396349322,-4.670918914583067
200.63,2.46812508469675,0.13907664559057825,-4.70953303858086
200.64,2.46950898802495,0.13770204542416695,-4.752682769943057
200.65,2.47087908651614,0.13631570686490901,-4.774929878066693
200.66,2.47223526319888,0.13491767668466123,-4.797056302135329
200.67,2.4735774012644,0.1335080099550634,-4.814940995481444
200.68,2.47490538480887,0.13208677594149787,-4.850427004834959
200.69,2.47621909820145,0.13065396312983424,-4.877081157866374
200.7,2.4775184255823,0.12920959728956277,-4.897674968250129
200.71,2.47880325187626,0.12775374034209216,-4.900539510788733
200.72,2.4800734625326,0.12628653749600835,-4.922584010840276
200.73,2.4813289449628,0.12480804133047085,-4.954660918726883
200.74,2.4825695857751,0.12331825570976637,-4.961608523817621
200.75,2.4837952728566,0.12181730359801524,-4.974668555340981
200.76,2.48500589499783,0.12030529046350713,-4.974708696490738
200.77,2.48620134231288,0.11878238173007225,-4.9927426236594314
200.78,2.48738150656972,0.11724865389867167,-5.010121121117408
200.79,2.48854627962411,0.1157041856463148,-5.012995892557988
200.8,2.48969555501983,0.11414913388907803,-5.011625375952475
200.81,2.4908292276362,0.1125836849875069,-5.013554685118291
200.82,2.49194719459975,0.11100800664916403,-5.026609457123474
200.83,2.49304935406497,0.1094222094890962,-5.027853426616439
200.84,2.49413560565209,0.10782646722024003,-5.028011476762344
200.85,2.49520585091623,0.10622097006461144,-5.017838181371916
200.86,2.4962599933434,0.10460596753327409,-5.019981950088356
200.87,2.4972979391877,0.10298164297973071,-5.025605200965531
200.88,2.49831959571986,0.10134816301458813,-5.017020125607452
200.89,2.49932487277034,0.09970577903449056,-5.011649556142906
200.9,2.50031368244277,0.09805473533590256,-5.0029978097020225
200.91,2.50128593948684,0.09639529791514168,-5.000582618779977
200.92,2.50224156121155,0.09472770105624455,-4.995793104580288
200.93,2.50318046717076,0.09305219836793037,-4.987023795644392
200.94,2.50410257978738,0.09136907608350657,-4.977653946988277
200.95,2.50500782428933,0.0896786329188326,-4.969763887677133
200.96,2.50589612903009,0.08798116468849242,-4.963220912444346
200.97,2.50676742516218,0.08627696650505742,-4.953586017142364
200.98,2.50762164700756,0.08456636160982431,-4.944914784046426
200.99,2.50845873212848,0.08284967640061296,-4.93764708716002
201.0,2.50927862136731,0.08112723719400083,-4.928157124632613
201.01,2.51008125887211,0.0793993959169792,-4.918507095017067
201.02,2.51086659249332,0.07766651682292366,-4.910370289618396
201.03,2.51163457362652,0.0759289636234876,-4.904404059722844
201.04,2.51238515738384,0.07418709395099107,-4.898772274094468
201.05,2.51311830236145,0.07244127578353021,-4.889580430866712
201.06,2.51383397109864,0.07069191732697785,-4.8821866858974206
201.07,2.5145321302509,0.06893942568117299,-4.881145972102847
201.08,2.5152127504202,0.06718417096502524,-4.876418716501815
201.09,2.51587580585219,0.06542656671913635,-4.869886934815994
201.1,2.51652127539316,0.0636670571672308,-4.86850729274613
201.11,2.51714914202828,0.061906059045039694,-4.870625096475315
201.12,2.51775939296885,0.060143973403488836,-4.869544287571138
201.13,2.51835201937231,0.05838124743041684,-4.867694096173099
201.14,2.51892701733698,0.056618352871569876,-4.873122576367178
201.15,2.51948438728167,0.054855713720577036,-4.880364009555425
201.16,2.52002413389914,0.0530937539644986,-4.884268943242776
201.17,2.52054626622312,0.051332951598922115,-4.889112243442014
201.18,2.52105079839284,0.049573796103693134,-4.903387105889226
201.19,2.5215377490394,0.04781670484240719,-4.9164244862529305
201.2,2.52200714089694,0.046062128735742856,-4.926786972437655
201.21,2.52245900167483,0.04431057352425698,-4.941261361659398
201.22,2.52289336402799,0.042562526056240856,-4.965591572715683
201.23,2.52331026526489,0.04081838971742302,-4.985314826830563
201.24,2.52370974649067,0.03907864836574978,-5.003926055606649
201.25,2.52409185461018,0.03734383014701489,-5.032140776671645
201.26,2.52445664098642,0.035614382618679816,-5.064276544067991
201.27,2.52480416161325,0.03389073208899622,-5.09441505189365
201.28,2.52513447660099,0.03217337041282835,-5.125444542540642
201.29,2.52544765167606,0.030462816530063552,-5.166563313974651
201.3,2.52574375703936,0.028759494361341176,-5.209941523294424
201.31,2.5260228671366,0.027063834774336087,-5.251742380192532
201.32,2.52628506096195,0.02537634453457782,-5.297796039504666
201.33,2.52653042288386,0.02369752109950459,-5.351762346934001
201.34,2.52675904167329,0.022027788669080433,-5.411185047066553
201.35,2.52697101029538,0.020367534413416138,-5.468624619778842
201.36,2.52716642561382,0.018717254641479702,-5.529880278027232
201.37,2.52734539027849,0.017077455260080164,-5.600504449572195
201.38,2.52750801098119,0.015448541331915719,-5.677283233419057
201.39,2.52765439860313,0.013830862466416665,-5.753944752433293
201.4,2.52778466725111,0.012224885917666573,-5.834466002331086
201.41,2.52789893694188,0.010631110393855003,-5.924715262882216
201.42,2.52799733138107,0.009049919044986273,-6.0210865341529125
201.43,2.52807997839555,0.007481637029571608,-6.120498639661873
201.44,2.52814700859507,0.005926691840681583,-6.224988282518569
201.45,2.52819855821033,0.004385554353895464,-6.338618552635915
201.46,2.52823476687843,0.002858582883084419,-6.45848298575081
201.47,2.52825577813996,0.0013460838786653422,-6.584637616947534
201.48,2.52826173808614,-0.00015156178676904258,-6.7180197676398015
201.49,2.52825279780657,-0.0016339242878471438,-6.859835863244093
201.5,2.52822911162572,-0.0031006731806744923,-7.008687642821387
201.51,2.52819083737114,-0.004551517761823091,-7.166268848850325
201.52,2.52813813538438,-0.00598613430315235,-7.334022548778893
201.53,2.52807117000727,-0.007404145806081767,-7.510407631126962
201.54,2.52799010883114,-0.008805241362364047,-7.694908805620399
201.55,2.52789512244195,-0.010189159205749773,-7.889748110291278
201.56,2.5277863838253,-0.011555629388160238,-8.098274901556001
201.57,2.52766406906524,-0.012904331199344496,-8.31711787058132
201.58,2.52752835734404,-0.014234982916664734,-8.545160695953694
201.59,2.52737943033579,-0.015547354709747701,-8.785028407883537
201.6,2.5272174719397,-0.0168412239412404,-9.041972508201075
201.61,2.52704266839569,-0.01811632894509844,-9.312321465694698
201.62,2.52685520869619,-0.019372426567265677,-9.593247576520515
201.63,2.52665528386112,-0.02060932285263458,-9.887873934447857
201.64,2.52644308685121,-0.02182683824457632,-10.20266676268924
201.65,2.52621881237817,-0.02302476768002437,-10.53467774496325
201.66,2.52598265742194,-0.024202913976260437,-10.879294614767351
201.67,2.52573482054856,-0.025361122614227703,-11.24000411254141
201.68,2.52547550189148,-0.02649925600066716,-11.623772043382939
201.69,2.5252049028482,-0.027617162526583083,-12.028695644554327
201.7,2.52492322653914,-0.028714694800779927,-12.448667623625148
201.71,2.52463067723303,-0.029791740984075332,-12.889776389196692
201.72,2.52432746034621,-0.030848198351636956,-13.354524378867838
201.73,2.52401378222285,-0.031883967253754086,-13.843018292348525
201.74,2.5236898502599,-0.032898955503080085,-14.351628950260091
201.75,2.523355872613,-0.033893092246003086,-14.8858017756736
201.76,2.52301205812778,-0.03486631316009052,-15.444034580315884
201.77,2.52265861623541,-0.035818566431170915,-16.02726309568555
201.78,2.52229575681839,-0.03674981211351976,-16.634044213304247
201.79,2.52192369010962,-0.03766002401416706,-17.280102769672336
201.8,2.52154262657508,-0.03854916090024012,-17.94589510942227
201.81,2.52115277717063,-0.03941720940392098,-18.62575259340385
201.82,2.5207543526145,-0.040264190600354986,-19.343741317614178
201.83,2.52034756355345,-0.04109011411601582,-20.100579270107474
201.84,2.51993262050968,-0.04189498154707853,-20.881742723711557
201.85,2.51950973402599,-0.04267881280431984,-21.670022605328914
201.86,2.51907911418047,-0.043441665948510774,-22.493284116542533
201.87,2.51864097045629,-0.04418359511236074,-23.3558888277263
201.88,2.5181955118659,-0.044904646032750684,-24.242871711623906
201.89,2.51774294692291,-0.045604876442095765,-25.132949262973856
201.9,2.51728348343736,-0.04628437552832709,-26.04350793801028
201.91,2.51681732820102,-0.04694323978132372,-26.995456532696753
201.92,2.51634468715418,-0.04758155063807612,-27.988065324524587
201.93,2.51586576543123,-0.048199381274157314,-28.938920530142834
201.94,2.51538076735561,-0.048796861809955835,-29.88976816038807
201.95,2.51488989556536,-0.04937413566467412,-30.89518538076789
201.96,2.51439335164441,-0.04993131251057603,-31.969782071219594
201.97,2.51389133602139,-0.050468468518001984,-32.954980643887666
201.98,2.51338404850512,-0.05098575080582461,-33.88637598831316
201.99,2.5128716866732,-0.05148334038585316,-34.93585973796883
202.0,2.51235444695559,-0.0519613482486155,-35.9115612947102
202.01,2.51183252447145,-0.05241992461891831,-36.855707802956566
202.02,2.51130611268095,-0.05285923384107753,-37.77329404438521
202.03,2.51077540343035,-0.053279447972927794,-38.58504883108155
202.04,2.51024058668772,-0.053680776094866545,-39.44256955167866
202.05,2.50970185028236,-0.054063391791259185,-40.2193648613142
202.06,2.50915938062841,-0.05442748168798713,-41.126465271190646
202.07,2.50861336197082,-0.05477316543482935,-41.82217239593959
202.08,2.50806397799796,-0.05510063725734001,-42.269867054029305
202.09,2.50751140909094,-0.055410164556265094,-42.99956537211036
202.1,2.50695583406025,-0.05570188420890669,-43.61820933730734
202.11,2.50639743021589,-0.05597595297115454,-44.00864593534183
202.12,2.50583637310263,-0.05623259061554957,-44.363996081204114
202.13,2.50527283578652,-0.05647201040317092,-44.55828772995854
202.14,2.50470698949916,-0.056694453054939586,-44.77485729772345
202.15,2.50413900263651,-0.05690012544900721,-45.042198197753166
202.16,2.50356904226914,-0.05708920029902087,-44.86963184613329
202.17,2.50299727300024,-0.05726196618747181,-44.70104903772283
202.18,2.50242385644488,-0.057418688610999524,-44.60830846414574
202.19,2.50184895198493,-0.057559585071527884,-44.36099080872099
202.2,2.50127271677998,-0.05768488596780512,-44.569120931385044
202.21,2.50069530588962,-0.057794678006506395,-44.11195637611824
202.22,2.50011687399854,-0.05788922784652669,-43.257915707566
202.23,2.49953757109419,-0.05796888892708833,-43.56469219863608
202.24,2.49895754575812,-0.05803367177789065,-43.23101131734096
202.25,2.49837694663751,-0.05808374598247716,-42.528784031302635
202.26,2.49779591895845,-0.058119383777677225,-41.97843554143405
202.27,2.49721460621473,-0.05814082297265581,-40.5443774011509
202.28,2.4966331484292,-0.058148520864242936,-40.22592688288785
202.29,2.49605168116023,-0.058142614903285615,-39.95681341050061
202.3,2.49547034102616,-0.058123213413574515,-38.84875472942653
202.31,2.4948892607788,-0.05809065270064492,-38.083439153982106
202.32,2.49430857098739,-0.05804518433916532,-37.04251089568875
202.33,2.49372839917415,-0.05798711613143048,-36.64910806249034
202.34,2.49314887030966,-0.057916561932006935,-36.50387831741689
202.35,2.49257010929273,-0.05783356512799598,-35.31919147021327
202.36,2.49199223936787,-0.05773846414634336,-34.40660717000328
202.37,2.49141537945519,-0.057631535533930744,-33.597014564519505
202.38,2.4908396473069,-0.05751301862907029,-32.891942190437156
202.39,2.49026515706904,-0.05738311369523815,-32.455635455263625
202.4,2.48969202251416,-0.05724194738857917,-31.503422615553404
202.41,2.4891203547567,-0.05708979610483297,-30.781502023226487
202.42,2.48855026249481,-0.05692687733100943,-30.13525193602706
202.43,2.48798185244682,-0.05675338454525318,-29.446318244249387
202.44,2.48741522931484,-0.056569530587250824,-28.544614703208126
202.45,2.48685049546237,-0.05637559685231682,-27.89276295369476
202.46,2.48628775028968,-0.05617179286668088,-27.281655082674668
202.47,2.48572709186782,-0.05595831266459461,-26.720474039317516
202.48,2.48516861570244,-0.055735334398665515,-26.263094529577927
202.49,2.4846124162842,-0.05550301191799741,-25.471000121333642
202.5,2.48405858574856,-0.055261610424824546,-24.864350524588602
202.51,2.48350721366694,-0.055011340776844886,-24.483445704979363
202.52,2.48295838801534,-0.054752340311588675,-23.93569299386557
202.53,2.48241219531166,-0.05448480309674375,-23.401085784994272
202.54,2.48186871974371,-0.05420892769740042,-22.869745983717586
202.55,2.48132804386551,-0.053924918408746844,-22.284204823741952
202.56,2.48079024776983,-0.05363299949859106,-21.92066810654365
202.57,2.48025540972967,-0.053333322234679535,-21.498836218611366
202.58,2.47972360659682,-0.05302605991493274,-21.013671910224836
202.59,2.47919491314959,-0.05271141411390401,-20.59872456988175
202.6,2.47866940231898,-0.0523895671929268,-20.173778717108625
202.61,2.47814714520062,-0.05206070611698903,-19.8421485201031
202.62,2.47762821106821,-0.051724985271646894,-19.562817925424408
202.63,2.47711266787747,-0.051382543529939394,-19.15265352317747
202.64,2.47660058196638,-0.05103357270917671,-18.799618762859378
202.65,2.47609201760957,-0.050678248672638336,-18.50184166988384
202.66,2.47558703765011,-0.05031672796560842,-18.20693233493683
202.67,2.47508570318803,-0.049949167174438244,-17.946944489626816
202.68,2.47458807394993,-0.0495757123106455,-17.69306963348135
202.69,2.47409420806906,-0.04919651308313844,-17.30498931726162
202.7,2.47360416217563,-0.04881177522034763,-17.076721578018287
202.71,2.47311799056361,-0.04842164205815699,-16.938336150961856
202.72,2.47263574693277,-0.04802622200893077,-16.633730310922182
202.73,2.47215748317316,-0.04762569162391669,-16.45430127114899
202.74,2.4716832496931,-0.047220182276142,-16.245629866006187
202.75,2.47121309564112,-0.04680983810377848,-16.026880780524884
202.76,2.47074706854959,-0.0463948104283296,-15.840439640539266
202.77,2.47028521459753,-0.045975237282488056,-15.732654999830537
202.78,2.46982757859578,-0.04555122398542204,-15.58011753414002
202.79,2.46937420448454,-0.04512289780475761,-15.376231357942606
202.8,2.46892513452392,-0.044690410573500206,-15.270723794491774
202.81,2.46848040975922,-0.0442538749129177,-15.10494221951026
202.82,2.46804007006204,-0.04381342997675046,-14.970574570909612
202.83,2.46760415377905,-0.043369202422560704,-14.8956653450113
202.84,2.46717269827977,-0.04292129309176514,-14.789813538261406
202.85,2.46674573979177,-0.04246981879933628,-14.646029263386366
202.86,2.46632331333481,-0.04201491698674713,-14.533021763759994
202.87,2.46590545247529,-0.04155671173724877,-14.482257970232492
202.88,2.46549218978634,-0.041095298968566826,-14.390871617767862
202.89,2.46508355681248,-0.04063079305260583,-14.335768731585153
202.9,2.46467958390856,-0.040163292794589044,-14.298173172051493
202.91,2.46428030061936,-0.039692890631159994,-14.20679990349301
202.92,2.46388573537673,-0.039219706043665724,-14.149970229197715
202.93,2.46349591543358,-0.038743843381931306,-14.130258793293814
202.94,2.46311086714756,-0.03826538878300238,-14.101775586373014
202.95,2.46273061599183,-0.037784433277314,-14.063640149723467
202.96,2.46235518649669,-0.03730107419391837,-14.03943822728105
202.97,2.4619846022199,-0.03681540251141054,-14.047838602367152
202.98,2.46161888587539,-0.036327496410674495,-13.956125951085006
202.99,2.4612580593228,-0.035837485515077816,-13.933722932790024
203.0,2.46090214288917,-0.03534546375291899,-14.01177326113883
203.01,2.46055115659195,-0.034851473363195495,-13.993042194748817
203.02,2.46020511967894,-0.0343556055676264,-13.995327371248955
203.03,2.45986405044454,-0.033857946418473325,-13.957188036110757
203.04,2.45952796637801,-0.03335860325119899,-13.98174558449459
203.05,2.45919688375473,-0.03285764983542346,-14.041677111312431
203.06,2.4588708185506,-0.03235514171889461,-14.034241440548518
203.07,2.45854978580551,-0.03185117052765992,-14.058946701491829
203.08,2.45823379979052,-0.03134581007333548,-14.181017354456747
203.09,2.45792287413741,-0.030839081953500568,-14.188350199460851
203.1,2.4576170224146,-0.030331072849243412,-14.168304115839872
203.11,2.45731625663257,-0.02982188594465862,-14.272726561042777
203.12,2.45702058849371,-0.02931155658807416,-14.316704472899051
203.13,2.45673002908365,-0.02880015173166347,-14.355900520611812
203.14,2.45644458881381,-0.028287743162921007,-14.432872699241553
203.15,2.45616427740117,-0.027774380826154726,-14.513427927598816
203.16,2.45588910421342,-0.02726011214516655,-14.592894095004656
203.17,2.45561907797967,-0.02674498946618383,-14.583226224493837
203.18,2.45535420689923,-0.02622912387781155,-14.548268502610494
203.19,2.45509449762359,-0.02571263872974313,-14.741808117763842
203.2,2.45483995623012,-0.02519551721385701,-14.858330799837487
203.21,2.45459058927436,-0.024677788207353817,-14.829127823572842
203.22,2.45434640217105,-0.02415956704006813,-15.080402344050105
203.23,2.45410739973591,-0.023640796031665356,-15.212909588502212
203.24,2.45387358796733,-0.023121493695517824,-15.140239166822592
203.25,2.4536449711684,-0.022601813535923686,-15.266989498960239
203.26,2.45342155287443,-0.02208178336158643,-15.449384573741801
203.27,2.45320333661702,-0.021561396435428502,-15.332006760342134
203.28,2.45299032555968,-0.021040845669913676,-15.466895049004414
203.29,2.45278252022265,-0.020520151450390916,-15.744047234740304
203.3,2.45257992319986,-0.019999234636169927,-15.734523370125379
203.31,2.45238253591251,-0.019478210719177845,-15.829458308514175
203.32,2.4521903592349,-0.018957126462585776,-16.094148060773193
203.33,2.45200339378927,-0.018435901994758495,-16.15115019625618
203.34,2.45182164138945,-0.017914613312571458,-16.147879425179177
203.35,2.45164510138828,-0.017393383262498396,-16.363996438370155
203.36,2.45147377362449,-0.01687217235992744,-16.451487297534474
203.37,2.45130765766109,-0.01635103704048883,-16.449964196037538
203.38,2.45114675225512,-0.015830108916585022,-16.634593613789264
203.39,2.45099105487818,-0.015309364121425991,-16.829055885718326
203.4,2.4508405644312,-0.014788767036222339,-16.873657818629827
203.41,2.4506952787643,-0.014268407736073296,-16.99894037251995
203.42,2.45055519538843,-0.013748314916324963,-17.112486471574215
203.43,2.45042031146435,-0.013228522979484108,-17.229427512924747
203.44,2.45029062382156,-0.012709063254904656,-17.346392877891386
203.45,2.45016612898688,-0.012189967162186862,-17.447731674163517
203.46,2.45004682315926,-0.011671276863593299,-17.628671444476932
203.47,2.44993270222541,-0.011152948382483116,-17.769064367453417
203.48,2.44982376295343,-0.010634979532653244,-17.820245995665058
203.49,2.44972000114614,-0.010117466462259788,-17.94687961425228
203.5,2.44962141206902,-0.009600423170178878,-18.09517015434026
203.51,2.4495279911256,-0.009083833806311503,-18.148442427173464
203.52,2.44943973356953,-0.008567800671580954,-18.25982062875266
203.53,2.44935663320698,-0.008052349254576246,-18.42775726115017
203.54,2.44927868480065,-0.007537421749833259,-18.517709432055955
203.55,2.44920588288511,-0.007023060594013586,-18.626562214673836
203.56,2.44913822160455,-0.006509287966767937,-18.697893688216446
203.57,2.44907569490946,-0.005996188935567896,-18.80667493543964
203.58,2.44901829555146,-0.0054837779372207685,-18.93693398447695
203.59,2.44896601713266,-0.004972022746826029,-19.01968997255285
203.6,2.44891885274262,-0.004460976300516932,-19.105853986857756
203.61,2.44887679516836,-0.003950684154500432,-19.260825058880158
203.62,2.44883983699312,-0.003440985597484107,-19.333426420208554
203.63,2.4488079732352,-0.0029319421691968257,-19.377148173720418
203.64,2.44878119554904,-0.002423706517732753,-19.492694394562914
203.65,2.44875949667602,-0.0019161882809185886,-19.569770447714635
203.66,2.44874286930181,-0.0014093971870354771,-19.629911615588345
203.67,2.44873130585107,-0.000903494424742135,-19.71189039246801
203.68,2.44872479661188,-0.0003984402054846292,-19.791631068605962
203.69,2.44872333448755,0.00010586926023625765,-19.85187110081334
203.7,2.44872691121831,0.0006093357400797454,-19.915483989842148
203.71,2.44873551839128,0.0011119550946088927,-19.968916357361003
203.72,2.44874914755291,0.0016137503349426356,-20.02366302462282
203.73,2.448767790553,0.002114693411895778,-20.07669380981335
203.74,2.44879143847188,0.002614746131912593,-20.11709561269217
203.75,2.44882008253361,0.003113918406246382,-20.157208162822528
203.76,2.44885371386196,0.003612197524982541,-20.193215320147864
203.77,2.44889232346489,0.0041095700819115955,-20.22218136112689
203.78,2.44893590221912,0.0046060291455189235,-20.245785821701325
203.79,2.44898444098106,0.005101568693003748,-20.26662641590596
203.8,2.44903793049386,0.00559617785066413,-20.279797616931916
203.81,2.44909636141965,0.00608985122261263,-20.286017589793282
203.82,2.44915972438576,0.006582585786566823,-20.29214009195945
203.83,2.44922800996955,0.007074370339084831,-20.291877404476676
203.84,2.44930120859867,0.007565195934929511,-20.282189615555353
203.85,2.44937931068224,0.008055059986322721,-20.26934626670211
203.86,2.44946230657509,0.008543957211689287,-20.246068923696534
203.87,2.44955018658255,0.009031885321690119,-20.255453420835888
203.88,2.44964294093575,0.009518803492303274,-20.21273998301382
203.89,2.44974055932892,0.010004722860342449,-20.151121030616995
203.9,2.44984303212697,0.010489668388928102,-20.134618709729946
203.91,2.44995034936907,0.010973613252755293,-20.08640502047896
203.92,2.45006250105028,0.011456555534346732,-20.033608932464592
203.93,2.45017947712507,0.01193849296451018,-19.992724923381452
203.94,2.45030126751085,0.012419409438224616,-19.93581744651401
203.95,2.45042786189789,0.012899299138239655,-19.853779952874586
203.96,2.45055925010025,0.013378172594772735,-19.7867240408814
203.97,2.45069542194368,0.013856024563159893,-19.716160950148907
203.98,2.4508363671658,0.014332848305320667,-19.634938915245197
203.99,2.45098207547471,0.014808641636339845,-19.55115845255424
204.0,2.45113253655185,0.015283401089679257,-19.465699215961084
204.01,2.45128774003572,0.015757121663499223,-19.36801437223009
204.02,2.45144767552312,0.016229803634985423,-19.26645283798347
204.03,2.45161233264525,0.016701447062224727,-19.166194879433615
204.04,2.45178170099189,0.01717204849907006,-19.058239938448025
204.05,2.45195577013841,0.017641606856918145,-18.94040268082325
204.06,2.45213452964851,0.018110123248230952,-18.857113587528925
204.07,2.45231796907538,0.018577578162526365,-18.72531331751303
204.08,2.45250607769786,0.019043977861750903,-18.575491237522197
204.09,2.45269884515371,0.01950933693850576,-18.470385227471873
204.1,2.45289626093174,0.019973643347256008,-18.337122412128817
204.11,2.4530983145138,0.020436897664322107,-18.201014496990357
204.12,2.45330499537691,0.020899100485653282,-18.078061572752777
204.13,2.45351629299535,0.021360244226849755,-17.944510098566074
204.14,2.45373219672586,0.02182032584911268,-17.78493145578189
204.15,2.45395269599818,0.022279354212650926,-17.640859858596773
204.16,2.45417778029766,0.022737329294660512,-17.49974525910197
204.17,2.45440743906423,0.02319424802219583,-17.34864992233362
204.18,2.4546416617389,0.02365011104182487,-17.197209803800074
204.19,2.45488043776544,0.024104918296311933,-17.047087635680686
204.2,2.45512375658232,0.02455866838356006,-16.8879000191114
204.21,2.45537160761603,0.025011363313320878,-16.72689868756244
204.22,2.45562398033759,0.025463005233021068,-16.569872721825572
204.23,2.45588086421,0.025913593784269533,-16.408045094192335
204.24,2.45614224870612,0.026363130162510018,-16.24049010279268
204.25,2.45640812331016,0.026811616855744923,-16.100288781407915
204.26,2.45667847751937,0.027259044644663742,-15.92599888181692
204.27,2.45695330069331,0.027705418818912975,-15.738504950429768
204.28,2.45723258241396,0.028150750233827775,-15.58645518590645
204.29,2.45751631220861,0.02859503423708517,-15.417004082663574
204.3,2.45780447961371,0.029038272664812702,-15.248320181375414
204.31,2.45809707418286,0.02948046735558041,-15.074180169321705
204.32,2.45839408548818,0.029921621543168207,-14.926967943921206
204.33,2.4586955031217,0.030361727293681806,-14.767204024690555
204.34,2.45900131653925,0.03080078249807494,-14.56569162288911
204.35,2.45931151531618,0.031238802501639316,-14.396073529657372
204.36,2.45962608914425,0.03167578979565618,-14.23849909455618
204.37,2.4599450276615,0.032111741285941374,-14.066762349479037
204.38,2.46026832052633,0.03254665966789435,-13.896290875446699
204.39,2.46059595741851,0.03298054749516499,-13.730374630821439
204.4,2.46092792804018,0.03341340513374943,-13.582946128952207
204.41,2.46126422207288,0.0338452264369941,-13.39788677254854
204.42,2.46160482914524,0.03427602066990998,-13.215773520361095
204.43,2.46194973908655,0.03470579646190538,-13.065187271694338
204.44,2.46229894166915,0.03513454998016474,-12.896840455719481
204.45,2.46265242668873,0.03556228425928658,-12.732168940205115
204.46,2.46301018396506,0.03598900174284585,-12.564453193966267
204.47,2.46337220334272,0.03641470587472847,-12.420690780565014
204.48,2.46373847469193,0.03683939153150684,-12.250902722623367
204.49,2.46410898779872,0.03726306434299609,-12.073539803853151
204.5,2.46448373262928,0.03768573360956411,-11.926302501285196
204.51,2.46486269912036,0.038107397242514995,-11.766220387532814
204.52,2.4652458772319,0.03852805817175324,-11.608897743870552
204.53,2.46563325695058,0.03894771912650678,-11.450323091876266
204.54,2.46602482829043,0.03936638349891405,-11.306927573962255
204.55,2.46642058129342,0.039784049290988076,-11.157530617027199
204.56,2.46682050595475,0.04020071768742195,-10.990142480300515
204.57,2.46722459235022,0.040616397708159724,-10.840480755476163
204.58,2.46763283062234,0.04103109207932443,-10.696799631213002
204.59,2.46804521090916,0.04144480138166633,-10.548223664026143
204.6,2.46846172337675,0.04185752870957682,-10.40142349628504
204.61,2.4688823582197,0.04226927714514976,-10.258858731826225
204.62,2.46930710566151,0.04268004843859252,-10.126648263425887
204.63,2.46973595592982,0.043089841168416264,-9.975887318330244
204.64,2.47016889924508,0.043498662005669875,-9.82861128371578
204.65,2.47060592594805,0.043906517039031076,-9.69863932874815
204.66,2.47104702636667,0.044313405965012986,-9.56069599794649
204.67,2.47149219085786,0.0447193320386415,-9.425846271236463
204.68,2.47194140980776,0.04512429820200392,-9.290209693645739
204.69,2.47239467363213,0.04552830801140736,-9.170408983270134
204.7,2.47285197277659,0.04593135957399186,-9.035189635361874
204.71,2.47331329764713,0.04633345793065846,-8.896838215169517
204.72,2.47377863877888,0.046734610226562,-8.778010920776047
204.73,2.47424798669877,0.04713481633817167,-8.65173376967577
204.74,2.47472133196252,0.047534079502738656,-8.528301810674586
204.75,2.47519866515567,0.04793240271748397,-8.404795010440788
204.76,2.47567997689375,0.04832978943157078,-8.292274864390441
204.77,2.47616525782251,0.0487262392687704,-8.175645776225295
204.78,2.47665449856545,0.04912175438725279,-8.048665071959684
204.79,2.47714768981702,0.049516342054648874,-7.934497818038263
204.8,2.47764482232336,0.04991000495209915,-7.823991203686066
204.81,2.47814588683923,0.050302744625666904,-7.711301069443123
204.82,2.47865087414888,0.05069456419949381,-7.600650130319847
204.83,2.4791597750661,0.05108546670349323,-7.4911895877544765
204.84,2.47967258043438,0.05147545504827766,-7.393245402661564
204.85,2.48018928111881,0.05186452814647617,-7.281822145979735
204.86,2.48070986796477,0.05225269137208999,-7.170347038094957
204.87,2.48123433193164,0.05263995092452678,-7.074417100363475
204.88,2.48176266397237,0.05302630691564891,-6.9722320040723655
204.89,2.48229485506867,0.05341176252107912,-6.872685258199171
204.9,2.48283089623113,0.05379632062774142,-6.77395721019251
204.91,2.48337077849919,0.05417998429766054,-6.680137258152667
204.92,2.4839144929412,0.05456275508127403,-6.58591297066524
204.93,2.48446203063351,0.05494463541170225,-6.488336507434622
204.94,2.48501338269594,0.05532562989607841,-6.396266530046586
204.95,2.48556854028771,0.05570574135664493,-6.306719769464953
204.96,2.48612749458727,0.056084972000921184,-6.2169772893993835
204.97,2.48669023680135,0.056463324731907225,-6.12878888895174
204.98,2.48725675816495,0.05684080241233902,-6.04156876582348
204.99,2.48782704994132,0.05721740789067509,-5.96193370010542
205.0,2.48840110341755,0.05759314130774722,-5.8745569778688305
205.01,2.48897890987527,0.057968006981630925,-5.787321058384247
205.02,2.48956046067962,0.058342009855176055,-5.709988824468123
205.03,2.49014574720008,0.05871515084993062,-5.629198728646754
205.04,2.49073476083341,0.059087432883823496,-5.550385705477578
205.05,2.4913274930036,0.05945885867168673,-5.472132284075616
205.06,2.49192393516172,0.05982943112135357,-5.398672025540171
205.07,2.49252407878596,0.06019915143073984,-5.3247951623012115
205.08,2.49312791535773,0.060568021640676026,-5.246681255417123
205.09,2.49373543639999,0.060936046440081736,-5.173940630810557
205.1,2.49434663347708,0.061303228533996876,-5.1039481894428045
205.11,2.49496149816795,0.061669569719335904,-5.033218678203875
205.12,2.49558002207733,0.06203507266506758,-4.963889557140236
205.13,2.49620219683567,0.06239973995109116,-4.895447339609625
205.14,2.49682801409903,0.06276357416743854,-4.8306413286346395
205.15,2.49745746554742,0.06312657669454622,-4.763346814379685
205.16,2.49809054287124,0.06348875067949677,-4.696568701067729
205.17,2.49872723781,0.06385009956556924,-4.634274265718677
205.18,2.49936754211813,0.06421062504568346,-4.571136390913324
205.19,2.50001144757467,0.0645703296548413,-4.50928357447491
205.2,2.50065894598312,0.06492921583450828,-4.448150844812446
205.21,2.50131002917134,0.06528728609892509,-4.389442430260562
205.22,2.50196468899135,0.0656445421942283,-4.331167186901551
205.23,2.50262291730864,0.0660009861634429,-4.271439224780673
205.24,2.50328470601821,0.06635662130891248,-4.214322689931629
205.25,2.50395004704661,0.06671145006283223,-4.158960306388635
205.26,2.50461893233804,0.0670654743450072,-4.103634748023058
205.27,2.50529135385974,0.06741869649868153,-4.049318148137317
205.28,2.50596730360185,0.0677711188202701,-3.9954973647273424
205.29,2.50664677357725,0.06812274366824189,-3.9461421412844917
205.3,2.50732975581969,0.06847357154097974,-3.8926718019945707
205.31,2.50801624236227,0.06882360561450973,-3.83924233693982
205.32,2.50870622529709,0.06917284953408635,-3.791500068491467
205.33,2.50939969672271,0.06952130425776545,-3.7419103014714223
205.34,2.51009664875912,0.06986897204708613,-3.693495164000836
205.35,2.51079707354758,0.07021585501849614,-3.645838194454806
205.36,2.5115009632504,0.07056195527492075,-3.5987407428537086
205.37,2.51220831005073,0.07090727494367308,-3.554438309892988
205.38,2.51291910615133,0.07125181504107718,-3.5080436735948806
205.39,2.51363334376178,0.07159557817409587,-3.461938696087232
205.4,2.51435101513387,0.07193856721258163,-3.4193195018420224
205.41,2.51507211253016,0.07228078341747399,-3.3758904908536915
205.42,2.51579662823286,0.07262222881834572,-3.3333803526587933
205.43,2.5165245545436,0.07296290534420195,-3.291524355180201
205.44,2.51725588378319,0.0733028149151808,-3.2501908479313126
205.45,2.5179906082915,0.07364195945923266,-3.211072574733312
205.46,2.51872872042624,0.07398034001233622,-3.1704239143587554
205.47,2.51947021255289,0.07431795888392934,-3.1300888719833706
205.48,2.52021507707283,0.07465481858014804,-3.0924932078357226
205.49,2.52096330639815,0.0749909203165755,-3.0543547204575523
205.5,2.5217148929587,0.07532626591810754,-3.0169869690269095
205.51,2.52246982920186,0.07566085712791641,-2.9801929153703197
205.52,2.52322810759234,0.07599469567742823,-2.9438020059270467
205.53,2.52398972061192,0.07632778330775025,-2.910021284777882
205.54,2.52475466075789,0.07666012054756699,-2.873932333827236
205.55,2.52552292052933,0.07699170969040307,-2.8379775382088006
205.56,2.52629449246591,0.0773225533045041,-2.805361933666761
205.57,2.52706936911323,0.07765265218209565,-2.771754522687375
205.58,2.52784754303255,0.07798200796315473,-2.7388964621101812
205.59,2.5286290068006,0.07831062218000377,-2.7065358795155428
205.6,2.52941375300929,0.07863849634963671,-2.6745911984224935
205.61,2.53020177426555,0.07896563198034334,-2.6442524556484828
205.62,2.53099306319019,0.07929202988151696,-2.612835291455608
205.63,2.53178761241016,0.07961769185982719,-2.5816850657826795
205.64,2.53258541458039,0.07994261985892667,-2.552526272534732
205.65,2.53338646236397,0.08026681480399386,-2.523002448883473
205.66,2.5341907484376,0.08059027809200758,-2.4940558652973612
205.67,2.53499826549136,0.08091301104958815,-2.465555260565922
205.68,2.53580900622847,0.08123501497985612,-2.4374352618536346
205.69,2.53662296336498,0.08155629117124012,-2.410509468209745
205.7,2.53744012962898,0.08187684040448599,-2.382927742422494
205.71,2.53826049775489,0.0821966641728326,-2.355616901428658
205.72,2.53908406049921,0.08251576406124543,-2.32977308902262
205.73,2.53991081062608,0.0828341409090235,-2.3037606499036687
205.74,2.54074074091115,0.08315179588883245,-2.278231593625313
205.75,2.54157384414133,0.08346873011490323,-2.253078823578496
205.76,2.54241011311455,0.08378494468693025,-2.2282175310536037
205.77,2.54324954063949,0.08410044068483113,-2.20512077864904
205.78,2.544092119534,0.08441521824342768,-2.1803900116715917
205.79,2.54493784261475,0.08472927889672614,-2.1557735653843584
205.8,2.54578670272742,0.08504262436032084,-2.13344625289227
205.81,2.54663869271924,0.08535525494697642,-2.1104113092901233
205.82,2.54749380544668,0.08566717163442927,-2.087886362940221
205.83,2.54835203377519,0.08597837530452956,-2.065682462144622
205.84,2.54921337057889,0.08628886682541248,-2.043743407405892
205.85,2.55007780874038,0.08659864703865298,-2.0233063021657505
205.86,2.55094534114915,0.08690771595049422,-2.0014711746902694
205.87,2.55181596069263,0.08721607481693891,-1.979765437707296
205.88,2.55268966028283,0.08752372503341896,-1.9600220797988621
205.89,2.55356643283179,0.08783066674217614,-1.9396741322215503
205.9,2.55444627125842,0.08813690067966581,-1.9197676242231683
205.91,2.55532916848829,0.08844242749400286,-1.9001682136365556
205.92,2.55621511745327,0.08874724780376284,-1.880674315684943
205.93,2.55710411109131,0.08905136229251007,-1.862612310969824
205.94,2.55799614234613,0.08935477077605114,-1.8436514516979212
205.95,2.55889120415607,0.08965747396657195,-1.8242631880235867
205.96,2.55978928947822,0.08995947311749206,-1.8066045808896773
205.97,2.56069039127204,0.09026076833960803,-1.7887930757327584
205.98,2.56159450249979,0.09056135998618542,-1.771163036785096
205.99,2.56250161612788,0.09086124847224042,-1.7538269449096169
206.0,2.5634117251266,0.09116043417274715,-1.736592944462992
206.01,2.56432482246985,0.09145891751515997,-1.7204794477540386
206.02,2.56524090113482,0.09175669820009613,-1.7043986543612446
206.03,2.56615995409182,0.09205377611951246,-1.6869211690451529
206.04,2.56708197431835,0.09235015247782696,-1.6707305729278379
206.05,2.56800695480375,0.09264582763402289,-1.655466696627896
206.06,2.56893488853292,0.09294080130991533,-1.6397957818703024
206.07,2.5698657684923,0.09323507369633685,-1.6244648241915243
206.08,2.57079958766956,0.09352864490200045,-1.609294907876352
206.09,2.57173633905331,0.09382151504397178,-1.5945646092123142
206.1,2.57267601563276,0.09411368396793722,-1.5811458144083124
206.11,2.57361861039262,0.09440515065568904,-1.5656816819855095
206.12,2.57456411630789,0.09469591596089252,-1.5505887505243643
206.13,2.57551252637567,0.09498598060985186,-1.5375746752679433
206.14,2.57646383358185,0.09527534370767181,-1.5236427756245143
206.15,2.57741803091112,0.09556400520049912,-1.510092079915585
206.16,2.57837511134657,0.09585196491116074,-1.4967477880793334
206.17,2.57933506786937,0.09613922263533489,-1.4832372810105454
206.18,2.58029789345851,0.09642577833318677,-1.4722129058555058
206.19,2.5812635810904,0.09671163005398054,-1.4585571971630304
206.2,2.58223212371483,0.09699677827059347,-1.4443855045392147
206.21,2.58320351431345,0.09728122408167636,-1.4333639280102997
206.22,2.58417774585044,0.09756496597848793,-1.421009048897959
206.23,2.58515481128548,0.09784800361633725,-1.40903093692125
206.24,2.58613470357365,0.09813033652500414,-1.3972441417229309
206.25,2.58711741566517,0.09841196419648757,-1.3853284937683792
206.26,2.58810294050496,0.0986928862632408,-1.3753753048995543
206.27,2.58909127103238,0.09897310075357435,-1.364222449261785
206.28,2.59008240015974,0.09925260694890747,-1.3513226114822918
206.29,2.59107632081298,0.09953140586610454,-1.3408431944267443
206.3,2.59207302591589,0.09980949647850532,-1.3305741939205045
206.31,2.59307250837765,0.10008687756801009,-1.3199140460971925
206.32,2.59407476109968,0.10036354839307501,-1.3095275496608039
206.33,2.59507977697514,0.10063950811267283,-1.2991307783409585
206.34,2.59608754888864,0.10091475595258952,-1.2896759751238902
206.35,2.59709806971581,0.10118929031491068,-1.280969613716343
206.36,2.59811133231073,0.1014631091067623,-1.2696331687055034
206.37,2.59912732951407,0.10173621282685286,-1.2593190995158887
206.38,2.60014605418191,0.10200860116282481,-1.250958347249006
206.39,2.60116749914603,0.10228027200515818,-1.2414866445473514
206.4,2.60219165722687,0.10255122431125734,-1.2323564234732134
206.41,2.60321852123313,0.10282145688641497,-1.2233297764231827
206.42,2.60424808396136,0.10309096852666455,-1.2143154398254365
206.43,2.60528033819558,0.1033597579697528,-1.2077552161385794
206.44,2.60631527670327,0.1036278217987463,-1.1980900340760674
206.45,2.60735289221204,0.10389515970716431,-1.1880402697509838
206.46,2.60839317747719,0.10416177190908002,-1.181250083975356
206.47,2.60943612522208,0.10442765553541437,-1.1729240422879987
206.48,2.6104817281545,0.10469280914984225,-1.1649223577364607
206.49,2.61152997896627,0.10495723116341246,-1.1572745478735447
206.5,2.61258087033273,0.10522091968967104,-1.1499868513131264
206.51,2.61363439490831,0.10548387259634584,-1.1419854706540198
206.52,2.61469054532806,0.10574608855177618,-1.134317693719799
206.53,2.61574931421735,0.10600756598672471,-1.1273327152260721
206.54,2.61681069417884,0.10626830270951867,-1.1201133289426413
206.55,2.61787467779614,0.10652829682076259,-1.1129017820678326
206.56,2.61894125763324,0.10678754644840953,-1.106798655966182
206.57,2.62001042623406,0.10704604867766514,-1.100150331949839
206.58,2.62108217610839,0.1073038012553984,-1.0925219413128602
206.59,2.62215649975602,0.10756080302834667,-1.0861617808458384
206.6,2.62323338965827,0.10781705163398862,-1.0799930674360523
206.61,2.6243128382697,0.10807254451350445,-1.073683198532375
206.62,2.62539483802175,0.10832727936448776,-1.0665640995788535
206.63,2.62647938132224,0.10858125442806399,-1.0657186434045263
206.64,2.62756646055485,0.10883446181992515,-1.0567372126564902
206.65,2.62865606800313,0.10908690230941506,-1.046068329828464
206.66,2.62974819605048,0.10933857865399836,-1.0438662927369464
206.67,2.63084283701015,0.10958948478374901,-1.0374358518112654
206.68,2.63193998317253,0.10983961882300441,-1.0294273426519924
206.69,2.63303962680548,0.11008898007150252,-1.0342251650088023
206.7,2.63414176015436,0.11033755428024872,-1.0315984215998342
206.71,2.63524637525621,0.1105853358144319,-1.0123417237610914
206.72,2.63635346426474,0.11083233736967069,-1.0081715033187337
206.73,2.63746301939079,0.1110785557754975,-1.007277090864742
206.74,2.63857503274664,0.11132398349526322,-1.0002054340843978
206.75,2.63968949641835,0.11156861932567486,-0.9981649944830435
206.76,2.64080640246579,0.11181245602689775,-1.0075734015785227
206.77,2.64192574282491,0.11205547493401413,-0.989926646585333
206.78,2.64304750927589,0.11229768748841629,-0.9751163508749905
206.79,2.64417169390707,0.1125391025827501,-0.9813831402359753
206.8,2.64529828862446,0.11277970548649505,-0.9751954566983421
206.81,2.64642728530354,0.1130194944123327,-0.9660921275573041
206.82,2.64755867578927,0.11325846970349218,-0.986936488341061
206.83,2.64869245189607,0.11349659969600209,-0.97192949708045
206.84,2.64982860500028,0.11373389328352228,-0.9466288990195908
206.85,2.6509671270281,0.11397037168591195,-0.9593289948906736
206.86,2.65210800965149,0.11420601351277057,-0.9530759503724388
206.87,2.65325124450344,0.11444081683581464,-0.946348468027915
206.88,2.65439682318147,0.1146747803697612,-0.9567355574166211
206.89,2.65554473724764,0.11490788330791313,-0.9573857710873329
206.9,2.65669497796072,0.11514011693575614,-0.9352164873569565
206.91,2.65784753674049,0.11537149937477602,-0.9332347489431267
206.92,2.65900240509198,0.11560202599425104,-0.9360041501973569
206.93,2.66015957437275,0.1158316854373139,-0.9303204515083819
206.94,2.66131903589949,0.11606047558992971,-0.9308839848900806
206.95,2.66248078094809,0.11628838630500053,-0.94621309661564
206.96,2.66364480062391,0.11651539164198774,-0.9271990009901317
206.97,2.66481108581151,0.11674150641782419,-0.9114734783886912
206.98,2.66597962780981,0.1169667422985595,-0.9226531991621597
206.99,2.66715041766515,0.11719107876407472,-0.9179443141935056
207.0,2.6683234463772,0.11741451286225724,-0.9095195585379495
207.01,2.66949870489894,0.11763704450757177,-0.9390398678448366
207.02,2.67067618413666,0.11785863038466331,-0.9229294655655466
207.03,2.67185587439992,0.11807928216941063,-0.8936253366937257
207.04,2.67303776673888,0.11829902827402705,-0.912783563695142
207.05,2.67422185185637,0.11851783921609979,-0.9078519990150908
207.06,2.67540812039538,0.1187357117543105,-0.9030977502997343
207.07,2.67659656294599,0.1189526430075083,-0.9131634269742432
207.08,2.67778717004532,0.11916861110517671,-0.9269501387556826
207.09,2.67897993189499,0.11938359142064833,-0.9014136800204499
207.1,2.68017483865476,0.11959760810065594,-0.8918537121471838
207.11,2.68137188085103,0.11981066654734122,-0.904295871338079
207.12,2.68257104872156,0.12002274384793991,-0.900824534539241
207.13,2.68377233244371,0.12023383586533913,-0.8919147568384446
207.14,2.68497572213445,0.12044394274673224,-0.9322340696524621
207.15,2.68618120785031,0.12065300629048685,-0.9134892727751094
207.16,2.68738877884475,0.12086104234360814,-0.8773553076017981
207.17,2.68859842537125,0.121068089614688,-0.904090792180741
207.18,2.68981013722074,0.12127410871381658,-0.8997274763309886
207.19,2.69102390410447,0.1214790954063183,-0.8957978857079969
207.2,2.69223971566485,0.12168304579194267,-0.9093683014639851
207.21,2.69345756147537,0.12188593262428457,-0.927678063231888
207.22,2.69467743069291,0.12208772486656343,-0.8989583095065151
207.23,2.69589931241404,0.1222884520237518,-0.8890436002713488
207.24,2.69712319619022,0.12248812067292558,-0.9056364813473647
207.25,2.698349071211,0.12268670200783113,-0.9031321081188619
207.26,2.69957692658784,0.12288419058197331,-0.8940345139962315
207.27,2.70080675135406,0.12308058632440519,-0.9442912872533903
207.28,2.70203853446486,0.1232758161987498,-0.9234972251634984
207.29,2.70327226386823,0.12346989954177268,-0.8814077086192471
207.3,2.70450792875735,0.1236628846252715,-0.9151445112354714
207.31,2.70574551774897,0.12385472211530932,-0.9116021981941604
207.32,2.70698501935575,0.12404540630565064,-0.9082727160630222
207.33,2.70822642200159,0.12423493221169017,-0.9268430247502393
207.34,2.70946971402163,0.12442326457316281,-0.9517809015555874
207.35,2.71071488321061,0.12461036269049894,-0.9171754831989724
207.36,2.71196191727913,0.12479626515551716,-0.9060066761378804
207.37,2.71321080453873,0.12498098097190417,-0.9286522454394712
207.38,2.71446153282793,0.12516447249509843,-0.9270487532682229
207.39,2.71571408988438,0.12534673274250027,-0.9168018452099683
207.4,2.71696846334492,0.12552776199384885,-0.9836609379735637
207.41,2.71822464074555,0.1257074626807464,-0.9572895772200387
207.42,2.71948260827803,0.1258858624844132,-0.9036761998686159
207.43,2.72074235382757,0.12606302724025298,-0.9495372097371367
207.44,2.72200386450295,0.12623889050649892,-0.946223774591563
207.45,2.72326712727608,0.1264134450925769,-0.9467961885366509
207.46,2.72453212900533,0.12658668198001582,-0.9495261020846606
207.47,2.7257988564355,0.12675858313208796,-1.017427019522937
207.48,2.72706729594071,0.12692904826931234,-0.9758776003466221
207.49,2.72833743278327,0.12709812662216788,-0.9284809253909716
207.5,2.72960925399517,0.1272658774072492,-0.9798427603247463
207.51,2.73088274567652,0.1274322250381747,-0.9756337765447809
207.52,2.73215789379784,0.12759716324117396,-0.9735696911043782
207.53,2.73343468420005,0.12776068464864418,-0.9998222976494832
207.54,2.73471310259447,0.1279227392301685,-1.0509896986848477
207.55,2.73599313389172,0.12808324836232807,-0.9966724929851798
207.56,2.73727476262358,0.12824228016217187,-0.9716991863903366
207.57,2.73855797462945,0.12839986444016516,-1.0163670177566568
207.58,2.73984275487685,0.12855593202781845,-1.0144984100976826
207.59,2.74112908818506,0.12871047413170653,-1.0083029971870308
207.6,2.74241695922512,0.12886348620941476,-1.0666432055997284
207.61,2.74370635251981,0.1290148741046308,-1.0900919044450073
207.62,2.74499725120972,0.12916459695884175,-1.0210793466508632
207.63,2.7462896391693,0.12931274501126744,-1.0301610756951112
207.64,2.74758350078598,0.12945930156101165,-1.061960476724095
207.65,2.74887881972854,0.12960421194017452,-1.063579360697981
207.66,2.75017557949632,0.12974746378042376,-1.0513439803933795
207.67,2.7514737634192,0.12988905700358488,-1.1540937275717684
207.68,2.75277335465761,0.13002883558483153,-1.1369462531396795
207.69,2.75407433417843,0.1301668157768406,-1.0483591444658202
207.7,2.75537668529998,0.13030311750276877,-1.1059432012395745
207.71,2.75668039066494,0.1304376561506023,-1.1182235832346994
207.72,2.75798543244936,0.1305704004369912,-1.1230221462766177
207.73,2.7592917926354,0.13070133455324412,-1.1137513240388444
207.74,2.76059945301122,0.13083045059874382,-1.251702252164607
207.75,2.76190839501343,0.13095754252675879,-1.1912216928357646
207.76,2.76321859740175,0.1310826891554151,-1.092971890300623
207.77,2.76453004265643,0.13120602660880998,-1.193793344882672
207.78,2.76584271145657,0.13132740769842277,-1.1881970629307634
207.79,2.76715658425893,0.13144682334741792,-1.1930786325446403
207.8,2.76847164129794,0.13156425651342785,-1.2134116352886783
207.81,2.7697878625857,0.1316796589965863,-1.3121062480756553
207.82,2.77110522728912,0.13179287833107178,-1.2583517321054623
207.83,2.77242371310878,0.131903983754611,-1.205478891635683
207.84,2.77374330008285,0.13201304646744222,-1.279387713576202
207.85,2.77506396688499,0.13211995408567065,-1.2719521862904353
207.86,2.77638569192271,0.13222469781009422,-1.326673257665033
207.87,2.77770845333738,0.13232718506856295,-1.3572540766366745
207.88,2.77903222796476,0.1324273614137413,-1.31419620210028
207.89,2.78035699301316,0.13252528103992653,-1.3280894252796538
207.9,2.7816827259593,0.1326209174875137,-1.3615334406720896
207.91,2.78300940356891,0.13271421229099634,-1.354557926578308
207.92,2.78433700231226,0.1328051552138295,-1.4592528215466722
207.93,2.78566549836192,0.13289358277659796,-1.438273232233032
207.94,2.78699486567772,0.132979515923759,-1.3781751901454695
207.95,2.7883250805594,0.13306303499649083,-1.4522457717558703
207.96,2.78965611798125,0.13314402682842083,-1.4519584805875243
207.97,2.79098795259058,0.13322247393850278,-1.4891550987159674
207.98,2.79232055870775,0.1332983028288178,-1.585926501242042
207.99,2.79365390949878,0.13337136065126506,-1.5331593532544407
208.0,2.79498797690739,0.13344171624943835,-1.4967953697015108
208.01,2.79632273490955,0.1335094176246776,-1.5737651722187456
208.02,2.79765815604398,0.13357434535924417,-1.565096978083446
208.03,2.79899421247654,0.1336364880929993,-1.6703692328964426
208.04,2.8003308760002,0.13369567512408662,-1.7057662901860242
208.05,2.80166811598815,0.13375184394239054,-1.6257978866630018
208.06,2.80300590312197,0.13380510503825754,-1.6649334958780302
208.07,2.80434420817761,0.13385539706159597,-1.7108861650606544
208.08,2.80568300091129,0.13390263998606472,-1.7090037319220037
208.09,2.80702225065532,0.13394680991200744,-1.871927628970937
208.1,2.80836192614532,0.13398765474923469,-1.8328730855510655
208.11,2.80970199286041,0.13402522277515816,-1.7435724159975678
208.12,2.8110424199821,0.1340596400106679,-1.8608163279106935
208.13,2.81238317461654,0.13409073069967267,-1.8608664256250107
208.14,2.81372422339308,0.13411847150076595,-1.9276562108275368
208.15,2.81506553246429,0.13414274273182797,-2.0436204709024492
208.16,2.81640706618401,0.13416336179557325,-1.9755238381721332
208.17,2.81774878781616,0.13418042165604938,-1.9497934505889984
208.18,2.81909066279257,0.1341939566881889,-2.0474247601072193
208.19,2.82043265473404,0.1342038163375081,-2.040330802906759
208.2,2.82177472672447,0.13420998233081294,-2.196232760875327
208.21,2.82311684131086,0.13421220639524928,-2.2432557523890573
208.22,2.82445895752743,0.13421040729219755,-2.1506097857754742
208.23,2.82580103639029,0.13420471486605598,-2.221059927807945
208.24,2.82714303848485,0.13419502363607821,-2.26454635234091
208.25,2.82848492318629,0.13418124352958158,-2.40741834807406
208.26,2.8298266490591,0.13416314802768098,-2.4067866897810797
208.27,2.83116817176074,0.1341407278140916,-2.360744747282537
208.28,2.83250944931713,0.13411404383391798,-2.4632637955391883
208.29,2.83385043791284,0.1340829379798477,-2.509906741524105
208.3,2.83519109301583,0.13404731880913476,-2.605613911501257
208.31,2.83653136879276,0.1340070342589724,-2.6092357628617813
208.32,2.83787121809939,0.13396206978268563,-2.6214585057717805
208.33,2.83921059447024,0.13391240189741804,-2.6822674026936784
208.34,2.84054945006175,0.1338579245985831,-2.811473621003636
208.35,2.84188773626395,0.1337984267081723,-2.8953440686119625
208.36,2.84322540149724,0.1337337745834851,-2.843715935816588
208.37,2.84456239474918,0.13366403795852153,-2.9038294740264226
208.38,2.84589866499357,0.1335891295431657,-2.9416138220469197
208.39,2.84723415967957,0.13350896082350666,-3.2281629266208807
208.4,2.84856882539518,0.13342309349810474,-3.2159086987789305
208.41,2.84990260266324,0.13333153761398617,-3.0834851748784353
208.42,2.85123543764316,0.13323448582326,-3.278361447040404
208.43,2.85256727314973,0.13313165381633185,-3.3366439033019253
208.44,2.85389805098831,0.1330229199643392,-3.542947732044571
208.45,2.85522771096648,0.1329079717549364,-3.5264602282970334
208.46,2.85655618978144,0.13278682718842102,-3.4988163709836373
208.47,2.85788342688418,0.1326595270435512,-3.639135036555472
208.48,2.8592093590673,0.13252585614258092,-3.78143701455549
208.49,2.86053392200813,0.13238558010427726,-3.924863797316684
208.5,2.86185704803593,0.13223848173033645,-3.8882659662126575
208.51,2.86317866902071,0.13208461144375017,-3.9500442251911987
208.52,2.8644987173603,0.1319238844460021,-4.033942793081146
208.53,2.86581712322984,0.13175615014436132,-4.348921269036117
208.54,2.86713381557545,0.13158093001247595,-4.399137814326622
208.55,2.86844871672459,0.13139814635274213,-4.276168803215096
208.56,2.8697617537168,0.13120798101032838,-4.47909864947225
208.57,2.87107285079831,0.1310101473110059,-4.56743020735635
208.58,2.87238193044397,0.13080447905200837,-4.88172328017202
208.59,2.87368891286463,0.13059050544847278,-4.911405389204509
208.6,2.87499371276112,0.13036817846532694,-4.854197028558719
208.61,2.87629624868169,0.1301375804653578,-5.104661771268993
208.62,2.87759643556461,0.12989833869616238,-5.320182764718303
208.63,2.87889418563671,0.12965011956748151,-5.376974108888702
208.64,2.88018940775774,0.12939283743678515,-5.413373107088509
208.65,2.88148201187863,0.1291264364544002,-5.6354172111967324
208.66,2.88277190500756,0.12885058554150675,-5.810899784696587
208.67,2.88405899126074,0.12856501647650806,-5.889224293103531
208.68,2.88534317254964,0.12826961402481557,-5.967177739517517
208.69,2.88662435023809,0.12796425492232294,-6.235824692174151
208.7,2.88790242314338,0.12764853173808563,-6.436171572283803
208.71,2.88917728541998,0.12732214020927762,-6.464690774351522
208.72,2.89044883019619,0.1269850394463886,-6.551342313898689
208.73,2.89171694983546,0.12663708430673548,-6.966293936225237
208.74,2.89298153373365,0.12627764213311762,-7.144434523770675
208.75,2.89424246360285,0.12590643397325518,-7.096370690324898
208.76,2.89549962327934,0.12552352993191462,-7.267800209517528
208.77,2.89675289412419,0.12512865546391305,-7.729183784726738
208.78,2.89800215431254,0.12472109555032122,-7.844805381296521
208.79,2.89924727321278,0.12430065732381332,-7.797039761619084
208.8,2.90048812452202,0.12386740137868928,-8.092995300423292
208.81,2.90172457692117,0.12342086252917772,-8.42796748055704
208.82,2.90295649581422,0.12296049407624077,-8.552156831168796
208.83,2.90418374004688,0.12248608276732575,-8.584476853313717
208.84,2.90540617023855,0.12199755332342374,-8.871547683962945
208.85,2.90662364238373,0.12149442145825326,-9.237585122287197
208.86,2.90783600811021,0.12097606806017458,-9.326524885867745
208.87,2.90904311244517,0.12044231353975181,-9.3373005501918
208.88,2.91024480256285,0.11989308991532759,-9.719248410519869
208.89,2.91144092038008,0.11932771607473155,-10.14059815096024
208.9,2.91263130079965,0.11874543214691244,-10.139704944107033
208.91,2.9138157724106,0.11814616635392369,-10.13204359606633
208.92,2.91499416694938,0.11752984683477778,-10.596392360290274
208.93,2.91616630961545,0.1168955942290717,-10.954937225872113
208.94,2.91733201681828,0.1162426655453334,-10.973693671002223
208.95,2.91849110005431,0.11557089138600023,-11.0874202093181
208.96,2.91964337059482,0.1148799414444716,-11.374012083291637
208.97,2.92078863286145,0.1141691601595977,-11.502410101279445
208.98,2.92192668630206,0.11343812950167509,-11.634001368939222
208.99,2.92305732649308,0.11268641751897754,-11.781345033483225
209.0,2.92418034410766,0.11191353988589207,-11.890205600507393
209.01,2.92529552520397,0.111119051423747,-11.997805662579044
209.02,2.92640265120287,0.11030244536717934,-12.384145163803066
209.03,2.92750149708391,0.10946265150466965,-12.40598932457716
209.04,2.92859182570312,0.10859927509644005,-12.26940588039479
209.05,2.92967340302541,0.10771218520998493,-12.788005828031073
209.06,2.9307459857233,0.10679987822047969,-12.783902338355047
209.07,2.93180931502015,0.10586185259410241,-12.600240123032574
209.08,2.93286313627458,0.10489798981949314,-12.853548114600148
209.09,2.93390718512436,0.1039071679482658,-12.836787664377198
209.1,2.93494118777864,0.10288877375259262,-12.762818977995687
209.11,2.93596486689884,0.10184230462061036,-12.794902617972944
209.12,2.93697793762011,0.10076694535291106,-12.741014656120306
209.13,2.93798010730165,0.09966202682549774,-12.620880346151745
209.14,2.93897107755877,0.09852698731434018,-12.652189430432855
209.15,2.93995054318906,0.09736076829042577,-12.592591207291928
209.16,2.94091818624167,0.09616248976974662,-12.338543993203194
209.17,2.94187368457,0.09493178793625878,-12.330402867359608
209.18,2.94281670983392,0.09366744391550905,-12.302049703595449
209.19,2.94374691737471,0.09236817286173427,-11.991594637278709
209.2,2.94466395540949,0.091033603214008,-11.826501307863037
209.21,2.94556746843115,0.08966278947039052,-11.753212570213035
209.22,2.94645708589976,0.08825429631768764,-11.466026721799523
209.23,2.94733242656042,0.08680746940801602,-11.197169257158498
209.24,2.94819310488553,0.0853215650258236,-10.989452556775593
209.25,2.94903872398835,0.08379547838243499,-10.720476478855328
209.26,2.9498688775201,0.08222831281666047,-10.447423503692264
209.27,2.95068315023109,0.08061915074306647,-10.17668602969639
209.28,2.95148111728945,0.07896700732492232,-9.885639930779798
209.29,2.95226234405398,0.07727097569206753,-9.584260364910767
209.3,2.95302638722423,0.07553015207749647,-9.371826338745052
209.31,2.95377279262628,0.07374291841639735,-9.063108647504313
209.32,2.95450108761855,0.07190829751858956,-8.753496907655661
209.33,2.95521079699857,0.07002529731751454,-8.53173355345087
209.34,2.95590142650032,0.06809207822117136,-8.211106150109817
209.35,2.95657246800234,0.06610768099183373,-7.896611847006524
209.36,2.95722340626217,0.06407117657040162,-7.622969913134791
209.37,2.95785371337435,0.061981183333259526,-7.3280005388756795
209.38,2.95846284828795,0.059836631128099935,-7.003693855008271
209.39,2.95905026220859,0.05763702615773821,-6.7369525221306015
209.4,2.95961540120072,0.0553811284530766,-6.468356155894613
209.41,2.96015769353758,0.05306780973813874,-6.184429788382614
209.42,2.9606765635055,0.05069639798542802,-5.935240402399444
209.43,2.96117142347825,0.04826566342909604,-5.715408205231547
209.44,2.96164167296783,0.04577368289558903,-5.466003799670242
209.45,2.96208668962473,0.04321946090297679,-5.227796146203388
209.46,2.96250585072987,0.04060191174359111,-5.024582741434979
209.47,2.96289851026621,0.037918953477600326,-4.801657546597452
209.48,2.96326400869044,0.03516947565891382,-4.561164113373025
209.49,2.96360167889198,0.03235392577958611,-4.366589695157597
209.5,2.96391086265696,0.02947102535616105,-4.183577391322863
209.51,2.96419087090482,0.026519293766176975,-3.9760735244024215
209.52,2.96444102175042,0.0234997747450764,-3.808839535918992
209.53,2.96466063638772,0.020411331872408994,-3.6518035984594146
209.54,2.96484901355075,0.01725228218098322,-3.490527313072048
209.55,2.96500544548277,0.014022293486678125,-3.340858777777313
209.56,2.9651292206491,0.010720749798509566,-3.200980892322922
209.57,2.96521961795612,0.0073463954097463535,-3.06602745319123
209.58,2.96527590336173,0.003898337596760134,-2.936814940836771
209.59,2.96529733973464,0.00037683662259165496,-2.8164740526962984
209.6,2.96528319436565,-0.003218305784169484,-2.7016444470082837
209.61,2.96523272559277,-0.006888317354410608,-2.6004448660938375
209.62,2.96514518692087,-0.010630350414864154,-2.5018039362863767
209.63,2.96501987825893,-0.014444259691170913,-2.405365077324046
209.64,2.96485605774471,-0.0183317570199996,-2.3238338738418265
209.65,2.96465300334643,-0.022290998595575484,-2.2405677915610807
209.66,2.96440999846327,-0.026322162101000135,-2.1685131172333336
209.67,2.96412632383888,-0.030424162142946486,-2.0982911245840845
209.68,2.96380128113643,-0.03459637195989777,-2.0302349527171204
209.69,2.96343416418886,-0.038838537636491186,-1.9821804572601518
209.7,2.9630242858983,-0.04314777813174686,-1.9207708194621353
209.71,2.96257098645022,-0.0475238677278389,-1.8754601974043936
209.72,2.96207359260312,-0.051964856305656656,-1.840030415380414
209.73,2.96153148195476,-0.05646776604543898,-1.787308467097406
209.74,2.9609440326913,-0.06103247819899312,-1.767461885246661
209.75,2.96031063908111,-0.06565497165774703,-1.733384384330956
209.76,2.9596307469978,-0.07033331107293428,-1.700258906223937
209.77,2.95890379300569,-0.07506590822973225,-1.6918477543061567
209.78,2.95812926141669,-0.07984843974299105,-1.6600907416520916
209.79,2.9573066634198,-0.08467952161611189,-1.657250890326
209.8,2.95643552307984,-0.08955486759049114,-1.6466648481203894
209.81,2.95551542890482,-0.0944712259692319,-1.6258407499381138
209.82,2.95454596940771,-0.09942674290842983,-1.64083983926235
209.83,2.95352678115907,-0.10441591625294233,-1.638564273304709
209.84,2.95245755026285,-0.1094352829667337,-1.6358919024505574
209.85,2.95133798569629,-0.11448175056267829,-1.6481409184407225
209.86,2.95016783966148,-0.11955089386693023,-1.6618642516082798
209.87,2.94894690641563,-0.12463839338007951,-1.672039301357815
209.88,2.9476750232816,-0.12974050997643927,-1.6905359001123312
209.89,2.94635206186286,-0.13485297490241818,-1.7161363757050305
209.9,2.94497794443649,-0.13997113741790468,-1.7333702955932262
209.91,2.94355263264304,-0.14509132810578418,-1.7631763538979492
209.92,2.94207612601319,-0.1502090736003455,-1.7952930926600301
209.93,2.94054847384915,-0.1553199584755638,-1.8243553559517052
209.94,2.93896976291741,-0.16042008320756124,-1.8655749973506903
209.95,2.93734012289387,-0.1655049108039967,-1.9001868298548346
209.96,2.93565972835586,-0.170570664445846,-1.9419222410815733
209.97,2.93392878665323,-0.1756133315884127,-1.9929267594330091
209.98,2.93214755272579,-0.1806285625456705,-2.030900821281722
209.99,2.93031631764392,-0.18561318526076898,-2.083671701808318
210.0,2.92843540378686,-0.19056334888426138,-2.1379771561988252
210.01,2.92650517737308,-0.19547540082022197,-2.18328421664057
210.02,2.92452603242518,-0.2003465218402408,-2.2452675920004816
210.03,2.92249839484891,-0.20517319137777212,-2.301248664652748
210.04,2.92042272621433,-0.20995251558989886,-2.3539008401354065
210.05,2.91829951065161,-0.21468204548216185,-2.420514419901437
210.06,2.91612926071757,-0.21935885642623276,-2.4769610242664952
210.07,2.91391251633269,-0.22398079341274063,-2.5345116808539188
210.08,2.91164983443412,-0.22854587138752733,-2.6019995634536426
210.09,2.90934179559354,-0.23305185481824847,-2.658595972761372
210.1,2.90698899937087,-0.23749720915407319,-2.7181925757868184
210.11,2.90459205840488,-0.24188045309484857,-2.780868733283659
210.12,2.90215160202333,-0.2462001329122739,-2.838633612342874
210.13,2.8996682711846,-0.2504551499084684,-2.8956203231161446
210.14,2.8971427175581,-0.25464457494522497,-2.9492584520887193
210.15,2.89457560067206,-0.25876770030183927,-3.0072488411003238
210.16,2.89196758691644,-0.26282376370495575,-3.0568679157519534
210.17,2.88931935008754,-0.26681238447775113,-3.100113542241091
210.18,2.88663156452653,-0.27073344019689455,-3.1542999800849967
210.19,2.88390490769011,-0.2745865077295721,-3.1929290585734202
210.2,2.88114006056063,-0.2783716915820171,-3.225391251032802
210.21,2.87833769928789,-0.28208928405310346,-3.2721818102414835
210.22,2.87549850029861,-0.2857391749424158,-3.2967680438238425
210.23,2.87262313968032,-0.2893218837319189,-3.316646821570819
210.24,2.86971228469316,-0.29283802271034,-3.3550347532199263
210.25,2.86676660049212,-0.29628769945918565,-3.3652172648136083
210.26,2.86378674951825,-0.299671723211011,-3.371237598760271
210.27,2.86077338221614,-0.30299095056932995,-3.3992927378488673
210.28,2.85772714527064,-0.30624566797950264,-3.395776329633227
210.29,2.85464868057956,-0.309436864704508,-3.3892688213296265
210.3,2.85153861658315,-0.31256553626916783,-3.404162555357886
210.31,2.84839757648076,-0.315632150408011,-3.388549453262197
210.32,2.84522617683254,-0.31863778822522526,-3.371472214494413
210.33,2.84202502062364,-0.3215835004018527,-3.372323012221102
210.34,2.83879470431322,-0.3244699107613158,-3.3462172785534157
210.35,2.83553581637442,-0.327298136708983,-3.3202554875397
210.36,2.83224893213014,-0.3300692343932673,-3.30875743868654
210.37,2.82893461956408,-0.33278392516400046,-3.273931731281065
210.38,2.82559343795769,-0.33544332504091834,-3.2405905960573347
210.39,2.8222259340145,-0.3380484696161109,-3.2190594132233743
210.4,2.81883264673841,-0.3406001282440174,-3.1777439511788943
210.41,2.81541410616377,-0.3430993830220682,-3.139306817185112
210.42,2.81197083054113,-0.34554722065975135,-3.1094114174663225
210.43,2.80850333039891,-0.3479444364962614,-3.063210839952148
210.44,2.8050121070987,-0.3502920733527574,-3.017868485741514
210.45,2.80149765100388,-0.3525911178708263,-2.9851837032947217
210.46,2.79796044418322,-0.3548423059409833,-2.9381262815959155
210.47,2.79440096121957,-0.35704658803484834,-2.885775191880546
210.48,2.79081966553714,-0.35920497105048266,-2.8502242873276797
210.49,2.78721701239942,-0.3613181565989369,-2.8029028461516243
210.5,2.78359345014808,-0.363387012099096,-2.7503456489467006
210.51,2.77994941689896,-0.3654124697308229,-2.7093042608783495
210.52,2.77628534298535,-0.3673952534103372,-2.6634034095088035
210.53,2.77260165146528,-0.3693361418019089,-2.6139670764453995
210.54,2.76889875708788,-0.3712359568139867,-2.567684454789514
210.55,2.76517706673543,-0.3730954545756819,-2.5221861146126527
210.56,2.76143697996423,-0.37491536219251465,-2.475481492019873
210.57,2.75767888902516,-0.3766964129219952,-2.429271148704435
210.58,2.75390317886882,-0.37843932032588884,-2.385028134549173
210.59,2.75011022752279,-0.3801447570144778,-2.3399373286779515
210.6,2.74630040638438,-0.38181339893718824,-2.2955278675204918
210.61,2.74247407999138,-0.3834459065261919,-2.250022509792809
210.62,2.73863160649,-0.3850429491420856,-2.2067353844959268
210.63,2.73477333715089,-0.38660515459473244,-2.165879114587891
210.64,2.73089961755751,-0.3881331087187653,-2.122192728598182
210.65,2.72701078708283,-0.3896274353388204,-2.0805807898340247
210.66,2.72310717899177,-0.39108872426406965,-2.040708838641758
210.67,2.71918912086563,-0.39251753416525614,-2.000961017263925
210.68,2.7152569347316,-0.39391441880958594,-1.9616728041855551
210.69,2.7113109371013,-0.39527992314914995,-1.9236690800240714
210.7,2.70735143913428,-0.39661457049222637,-1.8870857365571339
210.71,2.70337874686497,-0.3979188632277605,-1.848813942083704
210.72,2.69939316130003,-0.39919332937849994,-1.8113522762847474
210.73,2.69539497801463,-0.4004384830365952,-1.7782773334013533
210.74,2.69138448785698,-0.4016547707934137,-1.7448968541802814
210.75,2.68736197728496,-0.4028426460442547,-1.7074003109209634
210.76,2.68332772795788,-0.4040026243187815,-1.6751314658280323
210.77,2.67928201634714,-0.40513514335276024,-1.6455224911955235
210.78,2.67522511527267,-0.40624060085941627,-1.611712977148881
210.79,2.67115729300561,-0.40731945885148874,-1.5798805284815076
210.8,2.66707881332877,-0.4083721528400863,-1.5508714092934144
210.81,2.66298993585812,-0.40939907493508326,-1.5223331504011108
210.82,2.65889091643356,-0.41040061243641235,-1.4915690484926807
210.83,2.65478200683614,-0.41137718740568896,-1.463867752504126
210.84,2.6506634546453,-0.4123291778352726,-1.4379259031818
210.85,2.64653550404072,-0.4132569364658149,-1.410017288429621
210.86,2.64239839541043,-0.41416084798058994,-1.3827841876621143
210.87,2.63825236533308,-0.4150412892319285,-1.3582255824047837
210.88,2.63409764674185,-0.415898597013975,-1.3346216739727432
210.89,2.62993446939991,-0.4167330972204194,-1.3076139142423078
210.9,2.62576305958675,-0.417545167745903,-1.28463724928266
210.91,2.62158363975873,-0.41833512804840456,-1.2634820781139604
210.92,2.61739642974192,-0.41910326984292795,-1.2407526338484474
210.93,2.61320164600708,-0.4198499135086039,-1.2160372727020317
210.94,2.6089995019547,-0.4205754150149196,-1.1921062875132016
210.95,2.604790207082,-0.4212801165109026,-1.1748913365955518
210.96,2.60057396814307,-0.42196425861933395,-1.155160558782808
210.97,2.59635098949535,-0.4226281200247521,-1.1335415943087033
210.98,2.59212147229582,-0.4232720153373134,-1.111784154391124
210.99,2.58788561470697,-0.42389626271426284,-1.093833739950252
211.0,2.58364361167651,-0.42450112193708944,-1.07694339162365
211.01,2.57939565606658,-0.4250868371599936,-1.05777107903494
211.02,2.57514193780515,-0.42565369059649105,-1.0387007281405702
211.03,2.57088264419529,-0.4262019660456473,-1.0216330082310232
211.04,2.56661795957777,-0.42673191653342935,-1.0061355850683116
211.05,2.56234806617302,-0.42724377188892626,-0.989387353159552
211.06,2.558073143611,-0.42773778383108735,-0.971922323531751
211.07,2.5537933690878,-0.42821421935364723,-0.9545603837877943
211.08,2.54950891695574,-0.42867334295884074,-0.9412315440679728
211.09,2.54521995925338,-0.42911535777815,-0.9269761741182513
211.1,2.5409266660907,-0.42954048152018165,-0.9113351547771823
211.11,2.53662920510086,-0.4299489592162568,-0.8940205845040093
211.12,2.532327741518,-0.4303410619844776,-0.8811322303422415
211.13,2.52802243777773,-0.43071699251092666,-0.8695153327117374
211.14,2.5237134549438,-0.43107693395792274,-0.8544722698867051
211.15,2.51940095160857,-0.43142112396783083,-0.8407652905916151
211.16,2.51508508423967,-0.43174978353397453,-0.8278807133921768
211.17,2.51076600702083,-0.4320631200929996,-0.8159587177513898
211.18,2.50644387226596,-0.432361327140333,-0.8034068717067787
211.19,2.50211883023005,-0.43264460887355954,-0.7911625491470234
211.2,2.49779102917027,-0.4329131667535643,-0.779147043004591
211.21,2.49346061532014,-0.43316719898201334,-0.7680935168930261
211.22,2.48912773299711,-0.43340688954493317,-0.7570781111033248
211.23,2.48479252472261,-0.4336324220245843,-0.7466116449645258
211.24,2.48045513113542,-0.4338439758275007,-0.7332308752634452
211.25,2.47611569106957,-0.434041775780177,-0.7224194185835073
211.26,2.47177434087209,-0.43422600625357965,-0.7148092611363454
211.27,2.46743121570959,-0.43439680174627293,-0.7039324258673133
211.28,2.46308644900601,-0.4345543465921975,-0.6943236146086562
211.29,2.45874017235048,-0.43469881355823564,-0.6808076313379834
211.3,2.45439251559027,-0.4348304335409855,-0.6723536666361284
211.31,2.45004360601066,-0.43494935838332605,-0.6659742200446649
211.32,2.44569357031237,-0.4350557074619066,-0.6543316548231927
211.33,2.44134253313328,-0.43514968077176625,-0.6460499551620762
211.34,2.43699061746666,-0.43523142777407803,-0.6403245249050703
211.35,2.43263794493759,-0.43530105874113323,-0.630257242563356
211.36,2.42828463607974,-0.43535875287734616,-0.6200588143161962
211.37,2.42393080908686,-0.4354046924404331,-0.6145990325795779
211.38,2.4195765810061,-0.43543898988281926,-0.6036578048649671
211.39,2.41522206744132,-0.4354618424760037,-0.592802870063202
211.4,2.41086738170136,-0.43547344508959585,-0.588997308141885
211.41,2.40651263574606,-0.4354738815663358,-0.5824801238070582
211.42,2.40215794085477,-0.4354632763984956,-0.5727386849674857
211.43,2.39780340645656,-0.43544180598640664,-0.5669512267891966
211.44,2.39344914055318,-0.4354095882818987,-0.5598397966225661
211.45,2.38909525005171,-0.43536676045983586,-0.5517378675400583
211.46,2.3847418402098,-0.43531347595869485,-0.545377622633623
211.47,2.3803890149647,-0.43524986177991093,-0.5390115824032721
211.48,2.37603687697214,-0.43517604555900113,-0.531002682651171
211.49,2.37168552756402,-0.43509218001089867,-0.5250307603106066
211.5,2.36733506647144,-0.4349983862478128,-0.519834228556972
211.51,2.36298559256041,-0.4348947729827487,-0.5129868195179682
211.52,2.358637203293,-0.434781475112922,-0.5066320976504799
211.53,2.35428999489443,-0.4346586238337502,-0.4983938329714454
211.54,2.34994406215715,-0.4345263770921667,-0.4937462970480679
211.55,2.34559949833366,-0.4343848367196738,-0.489300854037931
211.56,2.3412563960579,-0.434234100974514,-0.48185737352232155
211.57,2.33691484650679,-0.4340743131929818,-0.47781264970681975
211.58,2.33257493965913,-0.4339055655338357,-0.47356738161793754
211.59,2.32823676472666,-0.43372795339111647,-0.46647652950154145
211.6,2.32390040968092,-0.433541617069085,-0.4609826066791626
211.61,2.31956596108804,-0.4333466727749184,-0.4571918889964748
211.62,2.31523350459846,-0.43314321133083683,-0.45012962871986967
211.63,2.31090312479997,-0.43293137242774726,-0.44531355008081974
211.64,2.30657490473606,-0.43271126122768067,-0.44229824984991883
211.65,2.30224892688017,-0.4324829543970917,-0.43681322519322546
211.66,2.29792527258738,-0.4322465658594177,-0.43247159077732333
211.67,2.29360402213818,-0.43200219838650894,-0.4239640525520801
211.68,2.28928525470327,-0.4317500154597309,-0.4205953390336702
211.69,2.28496904761367,-0.4314901005304332,-0.41890052779704634
211.7,2.28065547824647,-0.4312225105140066,-0.4119083549946059
211.71,2.27634462254743,-0.43094738230965435,-0.40808326231874714
211.72,2.27203655543503,-0.4306648063884144,-0.4055700533626939
211.73,2.26773135099931,-0.4303748519400889,-0.40051641058892967
211.74,2.26342908262812,-0.43007762757542034,-0.3954612988461651
211.75,2.25912982232496,-0.42977324297691266,-0.392169473098406
211.76,2.25483364134928,-0.42946178173465616,-0.38703994420729143
211.77,2.25054060992582,-0.4291433530352625,-0.38376047242459593
211.78,2.24625079724316,-0.428818038311,-0.38067006662813696
211.79,2.24196427184023,-0.42848591608807646,-0.37588534809672763
211.8,2.23768110126188,-0.42814709171900744,-0.37111125145421087
211.81,2.23340135200615,-0.4278016704965008,-0.36798288169871457
211.82,2.2291250895768,-0.4274497318141668,-0.3646702435912802
211.83,2.22485237881917,-0.4270913570687466,-0.3605943598957676
211.84,2.22058328358374,-0.42672663905867214,-0.3573942344969347
211.85,2.21631786690992,-0.426355658363331,-0.35347110233070583
211.86,2.21205619098984,-0.42597850597726106,-0.34970734013362487
211.87,2.20779831707157,-0.4255952704579199,-0.34655125526083774
211.88,2.20354430559421,-0.4252060307771477,-0.34326579089429754
211.89,2.19929421619983,-0.42481086754390107,-0.3397499642640261
211.9,2.19504810770918,-0.42440986486335097,-0.3365017277649917
211.91,2.1908060380966,-0.42400310330709867,-0.33287609929577183
211.92,2.18656806455197,-0.42359066913932136,-0.32916907678653484
211.93,2.182334243339,-0.42317264920724484,-0.32642952126340535
211.94,2.1781046299451,-0.42274911560859685,-0.32338636071593
211.95,2.17387927914651,-0.4223201448496602,-0.3196807687024227
211.96,2.16965824488508,-0.4218858236266628,-0.31632829936273443
211.97,2.1654415802408,-0.4214462332963335,-0.31343078493628085
211.98,2.16122933753462,-0.42100144799681977,-0.310261037934914
211.99,2.15702156833839,-0.42055154548231355,-0.3071295156053316
212.0,2.15281832342542,-0.4200966030016814,-0.30409554536345373
212.01,2.14861965282508,-0.4196366963289252,-0.30091852931450547
212.02,2.14442560578834,-0.41917190307964036,-0.29790935696811716
212.03,2.14023623080122,-0.41870229841599604,-0.294805671816933
212.04,2.1360515756041,-0.41822795863842854,-0.29172909476064546
212.05,2.13187168716108,-0.4177489594015834,-0.2888470692854714
212.06,2.12769661170383,-0.4172653734649109,-0.28574394334167885
212.07,2.12352639472725,-0.41677727674217513,-0.2825348584362482
212.08,2.11936108094925,-0.4162847465145688,-0.2796346533783896
212.09,2.1152007143335,-0.4157878553463501,-0.27670114546085284
212.1,2.11104533813558,-0.41528667598200364,-0.27362617699950736
212.11,2.10689499485945,-0.414781283082577,-0.27063604865988833
212.12,2.10274972627469,-0.41427175000374,-0.2676322527804574
212.13,2.09860957341629,-0.41375814998331206,-0.2646869980237174
212.14,2.09447457659075,-0.413240555227834,-0.2617053529234724
212.15,2.09034477538593,-0.41271903822576544,-0.25874483215105637
212.16,2.08622020865915,-0.4121936711331653,-0.25563024400321016
212.17,2.08210091455058,-0.4116645280734077,-0.25261909374767066
212.18,2.07798693044393,-0.41113168140158496,-0.2497587086646423
212.19,2.07387829303298,-0.4105952011784949,-0.24661893279764502
212.2,2.06977503828654,-0.4100551611856629,-0.24352997035243878
212.21,2.06567720143288,-0.4095116343550124,-0.24055603683623117
212.22,2.06158481698541,-0.40896469168102045,-0.2375164513277366
212.23,2.05749791874654,-0.40841440478457025,-0.2344437516969704
212.24,2.05341653979754,-0.40786084556683944,-0.23137078763216637
212.25,2.04934071250407,-0.4073040857052401,-0.2282829608182278
212.26,2.04527046851367,-0.40674419680999757,-0.22519504209638266
212.27,2.04120583876021,-0.4061812502270076,-0.22209117484899774
212.28,2.03714685346386,-0.4056153172380025,-0.21898811098171705
212.29,2.03309354213283,-0.40504646891650714,-0.21578511623362354
212.3,2.02904593356319,-0.4044747774200534,-0.21263418178850163
212.31,2.02500405582483,-0.4039003138910776,-0.20951062178040186
212.32,2.02096793629027,-0.4033231487864423,-0.20629284598111983
212.33,2.0169376016164,-0.40274335353925517,-0.20309192780993568
212.34,2.01291307775012,-0.4021609991093985,-0.1998570829900622
212.35,2.00889438992834,-0.40157615654199397,-0.19665233350136638
212.36,2.00488156267892,-0.40098889611874433,-0.1934462268551382
212.37,2.00087461983184,-0.4003992878319244,-0.1901471070980377
212.38,1.99687358451237,-0.3998074026011674,-0.18686710265038278
212.39,1.99287847913577,-0.3992133107217503,-0.1836427067737811
212.4,1.9888893254225,-0.3986170813816692,-0.18032450907012293
212.41,1.98490614439949,-0.3980187846616671,-0.17698365017203127
212.42,1.98092895638793,-0.3974184905461679,-0.17374288058570928
212.43,1.97695778101861,-0.39681626731983094,-0.17040132255959356
212.44,1.972992637241,-0.39621218423283405,-0.16698498024764594
212.45,1.96903354330243,-0.3956063110195085,-0.1638095652304032
212.46,1.96508051676643,-0.39499871385974367,-0.16045925774829706
212.47,1.96113357454439,-0.3943894608356776,-0.15697510112207777
212.48,1.95719273283985,-0.3937786213066656,-0.15379938973141624
212.49,1.95325800719007,-0.3931662601529995,-0.15050901118708127
212.5,1.94932941248867,-0.39255244326117567,-0.14705971419607272
212.51,1.94540696295331,-0.3919372381800938,-0.1437847439939769
212.52,1.94149067213711,-0.3913207096894097,-0.14058490511247498
212.53,1.9375805529592,-0.39070292110182464,-0.13719954722205854
212.54,1.93367661769852,-0.3900839376708413,-0.1338668900274442
212.55,1.92977887797681,-0.3894638233975789,-0.13079319315901514
212.56,1.92588734479849,-0.38884263848741146,-0.12747977847924474
212.57,1.92200202856667,-0.38822044573733616,-0.12410474481670694
212.58,1.91812293903589,-0.3875973080976647,-0.1211888252478237
212.59,1.91425008536449,-0.3869732822110894,-0.11798035658249079
212.6,1.91038347615277,-0.3863484279042392,-0.114621822059488
212.61,1.90652311936704,-0.38572280629384414,-0.11181166055982414
212.62,1.9026690224048,-0.38509647109291245,-0.10875393208136468
212.63,1.89882119213599,-0.38446947851851027,-0.10553008988779844
212.64,1.89497963483552,-0.3838418863467567,-0.10273048879515663
212.65,1.89114435623502,-0.3832137464828208,-0.09989802460188686
212.66,1.88731536155865,-0.38258511062300904,-0.09687811518634827
212.67,1.88349265549897,-0.38195603229583264,-0.0940768033228705
212.68,1.87967624222188,-0.38132656168949713,-0.09151056277684771
212.69,1.87586612541636,-0.38069674552300703,-0.08870995046520654
212.7,1.87206230830051,-0.3800666328700075,-0.08597075677643311
212.71,1.86826479359077,-0.3794362714065691,-0.0836641498802364
212.72,1.86447358356156,-0.3788057029847358,-0.08111049972838168
212.73,1.86068868007355,-0.37817497190716,-0.07850706237261242
212.74,1.85691008452092,-0.37754412245190977,-0.07644446803932484
212.75,1.85313779789451,-0.3769131918418471,-0.07415429581806512
212.76,1.84937182082347,-0.3762822194470846,-0.07178382738912459
212.77,1.84561215351497,-0.375651245045755,-0.06990730099501256
212.78,1.84185879581825,-0.3750203019668423,-0.06792931765264043
212.79,1.83811174725824,-0.3743894241371559,-0.06588089376271519
212.8,1.83437100700565,-0.37375864584290874,-0.06414753828239302
212.81,1.83063657391063,-0.3731279970757599,-0.0625184349827403
212.82,1.82690844653852,-0.37249750602908105,-0.06081660826059485
212.83,1.82318662317029,-0.37186720128133033,-0.05927859314749197
212.84,1.81947110180642,-0.3712371089529154,-0.05798583226286364
212.85,1.81576188020759,-0.3706072517849139,-0.056635866795612604
212.86,1.81205895591127,-0.369977652706005,-0.055370505281661306
212.87,1.80836232622328,-0.3693483331881686,-0.054375170263868115
212.88,1.80467198825666,-0.3687193110980795,-0.053392633742599276
212.89,1.80098793895329,-0.36809060365841273,-0.05249569387792636
212.9,1.79731017508312,-0.36746222670124284,-0.051776914538811614
212.91,1.79363869327397,-0.3668341935891643,-0.05114407513195483
212.92,1.78997349002625,-0.3662065162660063,-0.0506136031689389
212.93,1.78631456172903,-0.36557920512866143,-0.05021011605271014
212.94,1.78266190467552,-0.3649522687389939,-0.049937574517736054
212.95,1.77901551508357,-0.3643257138069974,-0.04975978535237511
212.96,1.77537538911125,-0.36369954561092377,-0.04971546123071833
212.97,1.77174152287171,-0.363073767592087,-0.049796613682475836
212.98,1.76811391245395,-0.36244838146325215,-0.04997685174598201
212.99,1.76449255393622,-0.36182338750775,-0.050308900926586
213.0,1.76087744340292,-0.3611987840474877,-0.050731516012784354
213.01,1.7572685769644,-0.3605745681196667,-0.05127657658968559
213.02,1.75366595076509,-0.3599507351352579,-0.051991294744011846
213.03,1.75006956100794,-0.35932727843240864,-0.05273858837075215
213.04,1.74647940396747,-0.358704190743675,-0.053664612295125085
213.05,1.74289547599533,-0.3580814626504133,-0.05473529230529702
213.06,1.73931777355345,-0.35745908298932727,-0.055824187442254015
213.07,1.73574629321383,-0.35683704019432994,-0.05713968785635101
213.08,1.73218103167419,-0.35621532015907753,-0.05849538432699699
213.09,1.72862198578457,-0.3555939081829977,-0.05996301077061005
213.1,1.72506915253846,-0.3549727882014039,-0.06168263000335153
213.11,1.72152252910995,-0.354351941404348,-0.06334595589460966
213.12,1.7179821128614,-0.35373134951274254,-0.06512046596029744
213.13,1.71444790133661,-0.35311099298248794,-0.06719650286573613
213.14,1.71091989229327,-0.35249084902075534,-0.06924812469765192
213.15,1.70739808372281,-0.35187089511308595,-0.07127678999464468
213.16,1.70388247383349,-0.3512511089607484,-0.07367153598103066
213.17,1.70037306107194,-0.35063146441174736,-0.07612155874198799
213.18,1.6968698441616,-0.3500119348147498,-0.0784024982882649
213.19,1.6933728220771,-0.3493924953030747,-0.08108484951798953
213.2,1.68988199405254,-0.34877311688741863,-0.08390881251674272
213.21,1.68639735963583,-0.3481537692415752,-0.08644737907830435
213.22,1.68291891865793,-0.34753442504583676,-0.08939999831932971
213.23,1.67944667122921,-0.3469150528282524,-0.09256777384613132
213.24,1.67598061780508,-0.34629561909574524,-0.09535623309378853
213.25,1.67252075915242,-0.3456760943296685,-0.09856343820001684
213.26,1.6690670963351,-0.3450564449052562,-0.10205047315529643
213.27,1.66561963078893,-0.34443663459676016,-0.10507546653999668
213.28,1.66217836428579,-0.34381663198690404,-0.10852395278164798
213.29,1.65874329890955,-0.34319640161683357,-0.11227111169193692
213.3,1.65531443713849,-0.3425759052614996,-0.11559322641100465
213.31,1.65189178180455,-0.3419551091675077,-0.11922139092481311
213.32,1.64847533607717,-0.3413339768210085,-0.12315688177954606
213.33,1.64506510351909,-0.340712468877169,-0.12682771288687136
213.34,1.64166108807333,-0.34009054890949597,-0.13059351905970148
213.35,1.63826329403909,-0.3394681798625898,-0.13470263107540562
213.36,1.63487172610631,-0.3388453215780851,-0.13868255837923624
213.37,1.63148638936644,-0.3382219355095806,-0.14258229008449683
213.38,1.6281072892815,-0.3375979842183352,-0.1468509404956848
213.39,1.62473443170176,-0.33697342698233623,-0.151120882890044
213.4,1.62136782289507,-0.33634822347015836,-0.15513205620817677
213.41,1.61800746951288,-0.3357223362005076,-0.15953264579211734
213.42,1.61465337858688,-0.33509572428151635,-0.16406863075422434
213.43,1.6113055575803,-0.3344683459650037,-0.16818856331327003
213.44,1.60796401434821,-0.3338401638483183,-0.1727066214341025
213.45,1.60462875711932,-0.33321113712540357,-0.17745158701157168
213.46,1.60129979456084,-0.3325812232937505,-0.18170237057925634
213.47,1.59797713573639,-0.33195038491657947,-0.1863262015570549
213.48,1.59466079008002,-0.33131858149725857,-0.19118880748162664
213.49,1.59135076746275,-0.3306857707143285,-0.1956600250846744
213.5,1.58804707815139,-0.3300519143690136,-0.20032842672979542
213.51,1.58474973279307,-0.32941697292724337,-0.20523641401323495
213.52,1.58145874244686,-0.32878090502650265,-0.20996993483459667
213.53,1.57817411857778,-0.32814367143350254,-0.2146559039278352
213.54,1.57489587303225,-0.3275052338509221,-0.21961329667288626
213.55,1.57162401804821,-0.3268655519310012,-0.2245455543704248
213.56,1.56835856627241,-0.3262245860884916,-0.22926685607165248
213.57,1.56509953073078,-0.3255822991652539,-0.2342678325979537
213.58,1.56184692482343,-0.3249386519426689,-0.23934673690565542
213.59,1.5586007623562,-0.3242936050449804,-0.2441103958124892
213.6,1.55536105750889,-0.32364712244916294,-0.24915422480514915
213.61,1.55212782481986,-0.32299916612283747,-0.25434071211505194
213.62,1.54890107922661,-0.32234969730451,-0.2591716293271879
213.63,1.5456808360327,-0.3216986809444119,-0.2642267211673662
213.64,1.54246711088815,-0.32104608055307793,-0.26944755880372434
213.65,1.53925991982551,-0.320391858674259,-0.2744350522172909
213.66,1.53605927923546,-0.3197359804950728,-0.27945769457782127
213.67,1.53286520585209,-0.3190784114786571,-0.28465756691930216
213.68,1.5296777167602,-0.3184191160283345,-0.2898145596938748
213.69,1.52649682940087,-0.31775805952250863,-0.29481038374640756
213.7,1.5233225615491,-0.3170952093187518,-0.2999998848253752
213.71,1.52015493130599,-0.3164305316326647,-0.3052528927794843
213.72,1.51699395711941,-0.3157639927246677,-0.31025763599463785
213.73,1.51383965775927,-0.31509556156641605,-0.3154447125807121
213.74,1.5106920523023,-0.31442520614342606,-0.32072430368582316
213.75,1.50755116015708,-0.3137528942179113,-0.32579423537238533
213.76,1.5044170010391,-0.31307859593157816,-0.33095778759457567
213.77,1.50128959495982,-0.3124022812380852,-0.3362137805133011
213.78,1.49816896223601,-0.3117239198575909,-0.34138204474132305
213.79,1.49505512348093,-0.3110434828604921,-0.3465121760825372
213.8,1.49194809959089,-0.3103609422419181,-0.35174427200496894
213.81,1.48884791174212,-0.3096762697114952,-0.35697610552064607
213.82,1.48575458139456,-0.30898943759567477,-0.362082646641467
213.83,1.48266813027567,-0.30830041985492146,-0.36730660990256736
213.84,1.47958858037077,-0.3076091900621636,-0.3725700771494761
213.85,1.47651595393439,-0.3069157220555804,-0.3777079246725015
213.86,1.47345027347178,-0.30621999133266614,-0.3828714139948568
213.87,1.47039156173042,-0.3055219737908288,-0.38811278371356
213.88,1.46733984169893,-0.30482164524516797,-0.39334847382106947
213.89,1.46429513660649,-0.30411898218958844,-0.398460607952065
213.9,1.46125746990976,-0.3034139627328347,-0.4036649762292577
213.91,1.45822686527981,-0.30270656483341785,-0.40891712101533334
213.92,1.45520334661343,-0.3019967666470817,-0.4140806792066793
213.93,1.45218693801586,-0.301284547657249,-0.41924757451318406
213.94,1.44917766379581,-0.3005698879489205,-0.424450556476102
213.95,1.44617554845772,-0.29985276789834353,-0.4296632416969056
213.96,1.44318061670218,-0.29913316840707677,-0.4348341640980644
213.97,1.44019289341462,-0.29841107131475253,-0.44002286305833455
213.98,1.43721240365986,-0.2976864589357531,-0.44521611875922984
213.99,1.43423917267693,-0.2969593141444201,-0.4504024980479637
214.0,1.43127322587295,-0.296229620466996,-0.4555994122817678
214.01,1.42831458881667,-0.295497361955499,-0.4607869354074738
214.02,1.42536328723382,-0.2947625233424974,-0.46596584064858343
214.03,1.42241934699855,-0.29402509002891913,-0.4711629771019349
214.04,1.41948279412909,-0.29328504786974574,-0.4763706423069352
214.05,1.4165536547823,-0.29254238324282944,-0.4815540613468988
214.06,1.41363195524819,-0.2917970833249998,-0.4867287476053951
214.07,1.41071772194049,-0.2910491359497484,-0.49195825466825693
214.08,1.40781098139361,-0.29029852913117216,-0.4971660686336782
214.09,1.40491176025963,-0.28954525165216427,-0.5023408209430763
214.1,1.40202008529705,-0.2887892931584942,-0.5075408110862417
214.11,1.39913598336627,-0.28803064368140474,-0.5128080944270655
214.12,1.39625948142575,-0.28726929334775275,-0.5180102419211545
214.13,1.393390606531,-0.28650523338476325,-0.5231819414600839
214.14,1.39052938581662,-0.2857384558422512,-0.5284500619434235
214.15,1.3876758464994,-0.2849689526358982,-0.5337231381253221
214.16,1.38483001587402,-0.2841967162349154,-0.5389336210491633
214.17,1.38199192130651,-0.2834217401982512,-0.5441346875204867
214.18,1.37916159022169,-0.2826440187097453,-0.5494979346965834
214.19,1.37633905010455,-0.28186354537059016,-0.554763469668015
214.2,1.37352432850351,-0.28108031509666753,-0.5599585251466839
214.21,1.37071745300554,-0.280294323940992,-0.565247881768407
214.22,1.36791845124121,-0.279505567831669,-0.5706339053107112
214.23,1.36512735087907,-0.2787140425429879,-0.5759952449289445
214.24,1.36234417963155,-0.27791974467199687,-0.5812153653142391
214.25,1.35956896523342,-0.27712267244768274,-0.5865234866412884
214.26,1.35680173543665,-0.276322824048005,-0.5919614936387619
214.27,1.35404251801359,-0.27552019723667276,-0.5974391802755723
214.28,1.35129134075867,-0.2747147901328295,-0.6027234334740738
214.29,1.34854823147798,-0.2739066028534169,-0.6080486797915972
214.3,1.34581321796771,-0.2730956358221552,-0.6135487280363475
214.31,1.34308632802832,-0.27228188873642534,-0.6191430653355371
214.32,1.34036758946005,-0.27146536124775245,-0.6245242891040771
214.33,1.33765703006507,-0.27064605513366835,-0.629886617476052
214.34,1.33495467761144,-0.26982397290843213,-0.6354590433126827
214.35,1.33226055985548,-0.2689991161372437,-0.6411757039738504
214.36,1.32957470453234,-0.2681714859856614,-0.6466710849800295
214.37,1.32689713936874,-0.2673410857850926,-0.6520954397542766
214.38,1.3242278920358,-0.26650791996317336,-0.6577582529325577
214.39,1.32156699017737,-0.26567199183633783,-0.6636031683183519
214.4,1.31891446139696,-0.26483330406323524,-0.6692323465798176
214.41,1.31627033327838,-0.26399186141466785,-0.6747398174824423
214.42,1.31363463333147,-0.2631476700794241,-0.6805417481944793
214.43,1.31100738902321,-0.26230073484008376,-0.6864489433848764
214.44,1.30838862776513,-0.2614510602895674,-0.6922814040233343
214.45,1.30577837692847,-0.2605986521985867,-0.6979473474745506
214.46,1.3031766638083,-0.2597435180415997,-0.7038088659904985
214.47,1.3005835156324,-0.25888566456400697,-0.7098910374001952
214.48,1.29799895956156,-0.25802509758865816,-0.7159442090283004
214.49,1.29542302270223,-0.2571618238131642,-0.7217098198798186
214.5,1.29285573207758,-0.2562958524136738,-0.727696294497209
214.51,1.29029711461814,-0.25542719180357926,-0.7337707397433529
214.52,1.28774719717848,-0.2545558502346631,-0.7401167844148272
214.53,1.28520600652586,-0.25368183478883444,-0.7464393554744306
214.54,1.2826735693675,-0.25280515345932897,-0.752295616457148
214.55,1.28014991230496,-0.25192581779224976,-0.7585074467595787
214.56,1.2776350618264,-0.2510438377927582,-0.7648413907480045
214.57,1.27512904433213,-0.250159223042673,-0.7714832577105675
214.58,1.27263188611999,-0.24927198177507512,-0.7780695169894052
214.59,1.2701436134188,-0.24838212336742438,-0.7841177879880388
214.6,1.26766425233277,-0.24748966112491483,-0.7906110580598288
214.61,1.26519382883846,-0.24659460633574642,-0.7972340212565036
214.62,1.26273236881226,-0.24569696982641998,-0.8041552723446106
214.63,1.26027989801501,-0.24479676120149713,-0.8110047240924583
214.64,1.25783644212434,-0.24389399129916373,-0.8173630026751214
214.65,1.25540202667928,-0.24298867452899148,-0.8241807208505081
214.66,1.25297667708232,-0.24208082326890867,-0.831105126992099
214.67,1.25056041862233,-0.24117044961417533,-0.8383341560159364
214.68,1.24815327646101,-0.24025756447666285,-0.8454806479989874
214.69,1.2457552756625,-0.23934218004016405,-0.8522033592564577
214.7,1.24336644114088,-0.23842431160125965,-0.8593811633254388
214.71,1.24098679766611,-0.23750397252483477,-0.8666361615534984
214.72,1.23861636988204,-0.23658117609990556,-0.8742354443042409
214.73,1.23625518229476,-0.23565593428233056,-0.8817315805546648
214.74,1.23390325930207,-0.2347282604013401,-0.8888336575779605
214.75,1.23156062514023,-0.23379817067891903,-0.896414298245422
214.76,1.22922730389396,-0.23286567935383493,-0.9040494245639304
214.77,1.22690331951135,-0.23193080073684036,-0.9120756023242811
214.78,1.22458869579349,-0.23099354762799268,-0.9199715275566456
214.79,1.22228345642489,-0.23005393434283317,-0.9274852778779424
214.8,1.21998762491764,-0.2291119779804877,-0.9355182564484302
214.81,1.21770122462569,-0.22816769352142313,-0.9435875751808832
214.82,1.21542427875755,-0.2272210961363319,-0.9520807216398087
214.83,1.21315681036674,-0.22627219939791443,-0.9604236868691592
214.84,1.2108988423824,-0.22532101849199737,-0.9684083105898285
214.85,1.20865039755224,-0.22436757121991152,-0.9769445940884731
214.86,1.20641149846059,-0.22341187318475714,-0.9855020996941334
214.87,1.20418216753865,-0.22245394028991283,-0.99449805252159
214.88,1.20196242705585,-0.22149378685881554,-1.0033377417764717
214.89,1.19975229914911,-0.22053142884541632,-1.0118646658908654
214.9,1.19755180576733,-0.21956688454767467,-1.0209533405874742
214.91,1.19536096869194,-0.21860017011557561,-1.0300302249349222
214.92,1.19317980954421,-0.2176313021648335,-1.0396961124836526
214.93,1.19100834977802,-0.21666029508899953,-1.0490549756150582
214.94,1.18884661071575,-0.21568716569723517,-1.058049597617783
214.95,1.18669461347494,-0.2147119333805107,-1.0677960489969933
214.96,1.18455237900324,-0.21373461451033582,-1.0775724424965207
214.97,1.1824199280836,-0.212755225911578,-1.0872239536105752
214.98,1.18029728132627,-0.21177378546900494,-1.0981112516020595
214.99,1.17818445916857,-0.21079030596642032,-1.1078941032630967
215.0,1.17608148193928,-0.20980480648142286,-1.1173765851493518
215.01,1.17398836970365,-0.2088173083095779,-1.1283425350295586
215.02,1.17190514238468,-0.20782782636558084,-1.1387357956353439
215.03,1.16983181972892,-0.20683637874691815,-1.1494311769166339
215.04,1.16776842130531,-0.20584298279990682,-1.1610414689008408
215.05,1.16571496651832,-0.2048476525004006,-1.1715549339832911
215.06,1.16367147463587,-0.2038504079254951,-1.182087048127456
215.07,1.16163796467345,-0.2028512698624215,-1.1938985715390908
215.08,1.15961445549741,-0.201850253898761,-1.2051833440843485
215.09,1.15760096579413,-0.20084737853417284,-1.2170365870510902
215.1,1.15559751406916,-0.19984266049258478,-1.2292728216116455
215.11,1.15360411867155,-0.1988361157205761,-1.2407121956992118
215.12,1.15162079777588,-0.19782776471325797,-1.2525688092521434
215.13,1.14964756933436,-0.19681762691592017,-1.265200795187351
215.14,1.14768445113723,-0.19580571904199706,-1.2775161443340453
215.15,1.14573146079226,-0.19479205980742118,-1.2905967621750754
215.16,1.14378861572412,-0.19377666547258365,-1.3035820093508443
215.17,1.14185593320637,-0.1927595537065748,-1.3160977411269503
215.18,1.13993343030682,-0.19174074515925232,-1.3293706041785374
215.19,1.13802112389865,-0.19072025805942178,-1.3429409911219323
215.2,1.13611903068147,-0.18969811011507742,-1.3563999935609463
215.21,1.1342271671707,-0.18867432020282515,-1.3708482380512212
215.22,1.13234554969703,-0.18764890399791495,-1.3847451162294309
215.23,1.13047419444747,-0.18662188054458703,-1.3984224776594119
215.24,1.12861311737538,-0.18559327074725296,-1.413219707369839
215.25,1.12676233426285,-0.1845630917363339,-1.4278702336292572
215.26,1.12492186070974,-0.18353136201150386,-1.4427099794264902
215.27,1.12309171213071,-0.18249810013517184,-1.4584509213095025
215.28,1.12127190375964,-0.18146332202692017,-1.4735316984551419
215.29,1.11946245067827,-0.1804270473776663,-1.4886410467659867
215.3,1.11766336773345,-0.17938929673424292,-1.5048780772693275
215.31,1.11587466960651,-0.17835008704792008,-1.5208505914969788
215.32,1.11409637079367,-0.17730943711866862,-1.5373024178244687
215.33,1.11232848560578,-0.1762673648127507,-1.554350999178803
215.34,1.11057102818185,-0.17522388675617434,-1.5707924928152583
215.35,1.10882401248948,-0.17417902308149436,-1.5875823126824182
215.36,1.10708745227401,-0.17313279358116923,-1.6052917301851068
215.37,1.10536136111284,-0.17208521544341457,-1.6228598321881094
215.38,1.10364575239847,-0.17103630734983483,-1.6407206940854655
215.39,1.10194063933837,-0.16998608780282773,-1.659654330170798
215.4,1.10024603496023,-0.1689345724012507,-1.677781526577167
215.41,1.09856195214326,-0.16788178101742232,-1.6959782610670737
215.42,1.09688840352574,-0.16682773435107898,-1.7155526389115767
215.43,1.09522540158454,-0.1657724490068365,-1.734856322266898
215.44,1.0935729586126,-0.16471594356407734,-1.7544063804567835
215.45,1.09193108671896,-0.1636582367432397,-1.775115872539894
215.46,1.09029979782879,-0.1625993442046688,-1.7952642451291294
215.47,1.08867910372325,-0.16153928494350342,-1.8152694733372
215.48,1.08706901595148,-0.16047807964924,-1.836648251207865
215.49,1.0854695458937,-0.15941574521349441,-1.8579500372195088
215.5,1.0838807047503,-0.15835229983149718,-1.879517684131305
215.51,1.08230250353943,-0.15728776193225844,-1.9018978411295018
215.52,1.0807349530971,-0.15622214826666778,-1.924367510168191
215.53,1.07917806409997,-0.15515547659683548,-1.9466265232267663
215.54,1.07763184702662,-0.15408776669716778,-1.969768253368926
215.55,1.07609631216721,-0.15301903651007143,-1.9933602028993533
215.56,1.07457146963868,-0.15194930358666814,-2.0171262845891498
215.57,1.07305732937766,-0.1508785861074206,-2.0415018889497496
215.58,1.07155390114062,-0.1498069014289949,-2.0663897122711927
215.59,1.07006119451562,-0.1487342665452603,-2.091077430748344
215.6,1.06857921891384,-0.14766070048950106,-2.1163388384364175
215.61,1.06710798354885,-0.14658622168991498,-2.1423778873891433
215.62,1.0656474974652,-0.14551084726916835,-2.168566542358463
215.63,1.06419776952929,-0.14443459514591472,-2.1952497547049923
215.64,1.06275880842966,-0.14335748293215675,-2.22273413874702
215.65,1.06133062268204,-0.14227952705724856,-2.2500349599316567
215.66,1.05991322063906,-0.1412007459997459,-2.277728654897286
215.67,1.05850661045136,-0.14012115836699776,-2.306433182898513
215.68,1.05711080010419,-0.1390407809101731,-2.3352859674469646
215.69,1.05572579740712,-0.1379596312722553,-2.3645664095333094
215.7,1.05435160999436,-0.13687772713257645,-2.394859657832781
215.71,1.05298824532539,-0.13579508448058147,-2.425006910591927
215.72,1.05163571070626,-0.13471172130125053,-2.4554347472717364
215.73,1.05029401323999,-0.1336276561850036,-2.4870419264861687
215.74,1.04896315986731,-0.13254290555784384,-2.518805695485935
215.75,1.04764315735599,-0.13145748678966193,-2.5510704279315792
215.76,1.0463340123012,-0.13037141723582873,-2.584185923167493
215.77,1.04503573112587,-0.12928471320057627,-2.6175551720779637
215.78,1.04374832009465,-0.1281973918257536,-2.65116670191562
215.79,1.04247178528766,-0.12710947110141277,-2.685715140317907
215.8,1.04120613261461,-0.12602096778633518,-2.7207521449228946
215.81,1.03995136781772,-0.12493189872083885,-2.756256736481601
215.82,1.03870749646949,-0.12384228094399578,-2.7925294580880555
215.83,1.0374745239732,-0.12275213084016283,-2.8293402358589868
215.84,1.03625245557173,-0.12166146489800411,-2.866359965078683
215.85,1.03504129633646,-0.12057030066650413,-2.9041792008668144
215.86,1.03384105116333,-0.11947865502839883,-2.9427491594030366
215.87,1.03265172478598,-0.11838654433084332,-2.9817822392109936
215.88,1.0314733217713,-0.1172939852651748,-3.0213997563904895
215.89,1.03030584651992,-0.11620099452323748,-3.0619025290129924
215.9,1.02914930326667,-0.11510758797741069,-3.1028902816624804
215.91,1.02800369609173,-0.11401378190317539,-3.144137428302506
215.92,1.02686902890307,-0.1129195935972475,-3.1863371050014955
215.93,1.0257453054395,-0.1118250394273268,-3.229264171888063
215.94,1.0246325292805,-0.11073013543708896,-3.2727271467441796
215.95,1.02353070384245,-0.10963489794742673,-3.3168316520020125
215.96,1.02243983237912,-0.10853934326341594,-3.3618180373296243
215.97,1.02135991798215,-0.10744348704483561,-3.4073405782495683
215.98,1.02029096358971,-0.10634734531059231,-3.453310323001719
215.99,1.01923297197255,-0.10525093467415962,-3.50020525715673
216.0,1.01818594573959,-0.10415427105073816,-3.5477988312069324
216.01,1.01714988734209,-0.1030573702525887,-3.5960217971357076
216.02,1.01612479907212,-0.10196024821284011,-3.645043983086412
216.03,1.0151106830631,-0.1008629205703456,-3.694678134040712
216.04,1.01410754129321,-0.09976540317592579,-3.7449898531008783
216.05,1.01311537557925,-0.0986677119219163,-3.7961254376487275
216.06,1.01213418758243,-0.09756986236741558,-3.8479299742951594
216.07,1.01116397880749,-0.09647187014516871,-3.9004671820382084
216.08,1.01020475060322,-0.09537375082408484,-3.9537346123125934
216.09,1.00925650416299,-0.09427551991649057,-4.007731464786791
216.1,1.00831924052532,-0.09317719288875297,-4.062463067783197
216.11,1.00739296057427,-0.09207878515392436,-4.1179336646006375
216.12,1.00647766504011,-0.09098031206682955,-4.174136180452725
216.13,1.00557335449978,-0.08988178894216067,-4.231101294413855
216.14,1.00468002937742,-0.08878323097924654,-4.288807709912893
216.15,1.00379768994581,-0.08768465332600155,-4.347207751818958
216.16,1.00292633632586,-0.08658607119959398,-4.406368788646016
216.17,1.00206596848642,-0.08548749970916,-4.466290324574067
216.18,1.00121658624625,-0.08438895385119624,-4.526919312169267
216.19,1.00037818927403,-0.08329044863035762,-4.58834998111009
216.2,0.999550777088884,-0.08219199882816645,-4.650456402834369
216.21,0.998734349063134,-0.08109361931893748,-4.713238598635597
216.22,0.997928904418462,-0.07999532505326609,-4.7768175029879085
216.23,0.997134442228927,-0.0788971307372821,-4.841094463542199
216.24,0.99635096142162,-0.07779905105736451,-4.906070640774724
216.25,0.995578460776872,-0.07670110066745894,-4.971782115505147
216.26,0.994816938928905,-0.07560329408373054,-5.038145385429511
216.27,0.994066394367302,-0.07450564587409281,-5.105180349115745
216.28,0.993326825435108,-0.07340817058024696,-5.172928987022671
216.29,0.992598230331387,-0.07231088258401094,-5.241317910768023
216.3,0.991880607111215,-0.07121379625898058,-5.310353194063912
216.31,0.991173953686239,-0.07011692593182443,-5.380014125862705
216.32,0.990478267825001,-0.06902028589269768,-5.450311492863339
216.33,0.989793547153495,-0.06792389032927448,-5.521208642446002
216.34,0.989119789156387,-0.06682775337930047,-5.592687693357632
216.35,0.988456991176839,-0.06573188916124037,-5.664472364276699
216.36,0.98780515041727,-0.06463631216454917,-5.738404224753799
216.37,0.987164263939908,-0.06354103273713183,-5.811417046493787
216.38,0.986534328720684,-0.062446065235218416,-5.882946581643983
216.39,0.985915341532607,-0.061351429221687126,-5.957300007766271
216.4,0.985307298987088,-0.060257138116639096,-6.032260760864067
216.41,0.984710197577742,-0.05916320456612982,-6.106888063295611
216.42,0.984124033655761,-0.058069643208751485,-6.18140384339741
216.43,0.983548803429926,-0.05697646890275021,-6.263596474393663
216.44,0.98298450298961,-0.055883677679949284,-6.33590398817146
216.45,0.982431128516865,-0.05479129364052149,-6.406633015319074
216.46,0.981888675672867,-0.05369934596098543,-6.487801229645188
216.47,0.981357140132844,-0.05260783644431648,-6.563742619371687
216.48,0.980836517432761,-0.051516780293489606,-6.63991072791986
216.49,0.980326802969335,-0.050426192809112834,-6.720150465240874
216.5,0.979827992000014,-0.049336077781478305,-6.7998022250017724
216.51,0.979340079807962,-0.048246441718134234,-6.871579625135976
216.52,0.978863061475554,-0.047157314083333866,-6.947874039599538
216.53,0.978396931779831,-0.046068711802465155,-7.027607444130241
216.54,0.977941685464966,-0.04498064102743301,-7.104283648600209
216.55,0.977497317139553,-0.043893116171168464,-7.179859637015425
216.56,0.977063821276622,-0.042806153568798286,-7.264161703603814
216.57,0.976641192213619,-0.04171974329869137,-7.337360400632342
216.58,0.97622942448575,-0.04063390931511035,-7.407240414983084
216.59,0.97582851200842,-0.0395486850733882,-7.488311254855871
216.6,0.975438448752843,-0.038464068699040996,-7.563053332313632
216.61,0.97505922855917,-0.03738007489824484,-7.637719257706061
216.62,0.974690845135635,-0.03629671787385066,-7.713989999191228
216.63,0.974333292058545,-0.03521400398054838,-7.7908152665641675
216.64,0.973986562892705,-0.03413193624997868,-7.860265468243611
216.65,0.973650651093396,-0.033050541351542506,-7.931239684738292
216.66,0.97332554976444,-0.03196983868131442,-8.00555815235263
216.67,0.97301125199461,-0.030889832613421413,-8.0762072554915
216.68,0.972707750744175,-0.029810536944428295,-8.14552660582313
216.69,0.972415038844887,-0.028731966712400303,-8.219108997687101
216.7,0.972133108999987,-0.027654116625116153,-8.285896757324679
216.71,0.971861954046593,-0.026577004846348173,-8.348837144896805
216.72,0.971601566352837,-0.02550066120050043,-8.41721848514409
216.73,0.971351938249249,-0.024425088824685713,-8.481898155519492
216.74,0.971113061965295,-0.02335029956209526,-8.54490997341795
216.75,0.970884929605219,-0.022276307220997493,-8.608004678043883
216.76,0.970667533148048,-0.02120311763465684,-8.671875707637705
216.77,0.970460864577793,-0.020130725988042518,-8.727065371717979
216.78,0.970264915862046,-0.019059165006523236,-8.782353726336867
216.79,0.970079678435768,-0.017988460009203216,-8.84115297086665
216.8,0.969905143812631,-0.01691860810242307,-8.89488167020139
216.81,0.969741303383578,-0.015849623238107607,-8.947371375087169
216.82,0.969588148416817,-0.01478151768940228,-8.998037680188556
216.83,0.969445670057828,-0.013714303925765892,-9.046032308397885
216.84,0.969313859329359,-0.012647997945865649,-9.098284954817473
216.85,0.969192707155006,-0.011582566581804418,-9.13990946651636
216.86,0.969082204947745,-0.01051804861529615,-9.178408483214742
216.87,0.968982342994733,-0.009454495429729131,-9.222974483051843
216.88,0.96889311188101,-0.008391886212838484,-9.26096266595905
216.89,0.968814502072694,-0.00733023633056884,-9.29739047155995
216.9,0.968746503916974,-0.006269557675706953,-9.331575987400472
216.91,0.968689107642113,-0.005209862140880447,-9.363202276604556
216.92,0.968642303357447,-0.0041511661423280595,-9.394104346037688
216.93,0.968606081053384,-0.0030934447414115995,-9.420829823022101
216.94,0.968580431144221,-0.0020367142317317954,-9.444337445928078
216.95,0.968565343305274,-0.0009810292122871176,-9.467246890613788
216.96,0.968560807080375,7.361178614810153e-05,-9.48725692304833
216.97,0.96856681204809,0.0011272061568155338,-9.504666075587439
216.98,0.968583347672411,0.0021797411974342857,-9.519598253250683
216.99,0.968610403302745,0.0032312054498782423,-9.532193817367405
217.0,0.968647968173922,0.004281585002019472,-9.541351836079027
217.01,0.968696031406192,0.005330885663323848,-9.547149823282156
217.02,0.968754582299745,0.006379116869809076,-9.55387444435772
217.03,0.96882361002973,0.007426231373672265,-9.557017616190711
217.04,0.968903103137849,0.008472204707965503,-9.555092793660124
217.05,0.968993050346183,0.009517047153519606,-9.552440606531789
217.06,0.969093440266413,0.010560745247178982,-9.546941961309082
217.07,0.96920426139982,0.011603287948843318,-9.539034189049659
217.08,0.969325502137283,0.012644663500122982,-9.528787701805655
217.09,0.969457150759282,0.013684861985537497,-9.50964828548042
217.1,0.969599195522094,0.014723912150135798,-9.498110156683437
217.11,0.969751625040043,0.015761774280681484,-9.485124633589836
217.12,0.969914426925355,0.016798404242288994,-9.459622243479604
217.13,0.970087589071689,0.017833821476891575,-9.437537619647545
217.14,0.970271099266188,0.018868012100035452,-9.412206679586026
217.15,0.97046494518948,0.019900965460276088,-9.38450951456233
217.16,0.970669114415679,0.020932670906181894,-9.356220334700007
217.17,0.970883594412384,0.021963113200594114,-9.315144002376
217.18,0.971108372540678,0.022992319993937287,-9.28337462171163
217.19,0.971343436605401,0.024020267903151114,-9.255842264464876
217.2,0.971588773560542,0.025046907479076935,-9.21179490420768
217.21,0.971844370422917,0.026072248815147324,-9.170507073016466
217.22,0.972110214183317,0.027096284732197606,-9.12785797282092
217.23,0.972386291729784,0.02811900431614704,-9.08295407080496
217.24,0.972672589847614,0.029140397292284903,-9.037968401576496
217.25,0.972969095219355,0.030160449622447055,-8.981006092378312
217.26,0.973275794424811,0.031179179908657116,-8.926340951570632
217.27,0.973592674392667,0.032196589836190156,-8.888780454668119
217.28,0.97391972164507,0.033212621760034255,-8.835606318460432
217.29,0.974256922201084,0.034227262287307256,-8.77351571975992
217.3,0.974604262280943,0.03524052235985564,-8.717826759156184
217.31,0.974961728005174,0.03625238950024645,-8.659358895986495
217.32,0.975329305394608,0.03726285373875834,-8.599551355750181
217.33,0.975706980370375,0.038271905104985314,-8.53824283518585
217.34,0.9760947387539,0.03927953362886557,-8.47959462444645
217.35,0.976492566266911,0.04028572294663228,-8.396562140648955
217.36,0.976900448531433,0.04129051450757389,-8.331089864752666
217.37,0.977318371837043,0.04229389825458618,-8.291309809819953
217.38,0.977746321574046,0.04329579593193393,-8.218507869639481
217.39,0.978184282817264,0.0442962102507688,-8.143025970539808
217.4,0.978632240861369,0.04529515188977651,-8.07576816461583
217.41,0.979090180905535,0.04629260867147952,-8.006052015827681
217.42,0.979558088053441,0.04728857104586889,-7.935658202151805
217.43,0.980035947313262,0.0482830294631198,-7.864318321609382
217.44,0.980523743597681,0.04927597437369795,-7.798357379168007
217.45,0.981021461723881,0.0502673878629308,-7.6952209179097535
217.46,0.981529086413549,0.05125732984409363,-7.6302812256309895
217.47,0.982046603296654,0.05224577171823268,-7.591113493158192
217.48,0.982573996598574,0.05323262591983476,-7.5010897676541255
217.49,0.983111250597894,0.05421791617528186,-7.422472603153237
217.5,0.983658349713088,0.05520164565641639,-7.349216603496993
217.51,0.984215278271732,0.05618380335045785,-7.2744385249965875
217.52,0.984782020510509,0.057164380168058436,-7.199536786550165
217.53,0.985358560575207,0.058143367019742695,-7.124185472850748
217.54,0.98594488252072,0.059120754816363585,-7.056138503410795
217.55,0.986540970311051,0.06009652511051733,-6.941994897956503
217.56,0.987146807819298,0.06107074834930115,-6.884430329125313
217.57,0.987762379950569,0.06204337831776097,-6.846098913586477
217.58,0.988387669834948,0.06301432811838814,-6.744571595169147
217.59,0.98902266103812,0.06398363982468107,-6.670256882676199
217.6,0.989667337145499,0.06495130663348078,-6.595810521309645
217.61,0.990321681656016,0.06591731901011422,-6.521059397471173
217.62,0.990985677982098,0.06688166830568591,-6.446575646415966
217.63,0.991659309449698,0.06784434587184529,-6.372108076973829
217.64,0.992342559298273,0.06880534295413873,-6.305577424911753
217.65,0.993035410680794,0.06976464197336793,-6.188381121231652
217.66,0.993737846676369,0.07072231871577037,-6.141046955190882
217.67,0.994449851437662,0.07167831307145027,-6.104690441047234
217.68,0.995171407107324,0.0726325422211525,-5.998297781414436
217.69,0.99590249655986,0.0735850614884894,-5.931712247827472
217.7,0.996643102587415,0.07453585585213973,-5.859844716135604
217.71,0.997393207899771,0.07548491707625171,-5.788707517324586
217.72,0.998152795124356,0.0764322369252779,-5.718049196331285
217.73,0.998921846806238,0.07737780716266056,-5.64850443898761
217.74,0.999700345408117,0.0783216184994338,-5.581215171730817
217.75,1.00048827331034,0.07926366312793198,-5.475780149909749
217.76,1.00128561293724,0.08020400223431867,-5.434220408037608
217.77,1.00209234746387,0.0811425749239055,-5.395583807228902
217.78,1.00290845836824,0.08207931388074334,-5.298618966736878
217.79,1.00373392776747,0.0830142666120933,-5.236820662370557
217.8,1.00456873770035,0.0839474193036649,-5.170558204298036
217.81,1.0054128701273,0.08487876412216488,-5.105156998986137
217.82,1.00626630693044,0.08580829323483845,-5.040336523880336
217.83,1.00712902991353,0.08673599880750227,-4.97779910421431
217.84,1.00800102080201,0.08766187072933307,-4.910938370431778
217.85,1.00888226124296,0.08858591239707114,-4.816082550696931
217.86,1.00977273307836,0.08950817732958546,-4.785631316992908
217.87,1.01067241863668,0.0904285950837506,-4.748281776653924
217.88,1.01158129867222,0.09134710799732863,-4.65888011058318
217.89,1.01249935458379,0.09226376305259132,-4.603640863428854
217.9,1.01342656769556,0.09317854679458856,-4.54407645686211
217.91,1.01436291925709,0.09409145175891531,-4.485429007324048
217.92,1.01530839044327,0.09500247048266539,-4.427492435695961
217.93,1.0162629623544,0.09591159550358572,-4.369989249940134
217.94,1.01722661601612,0.09681881935775609,-4.319636857477999
217.95,1.01819933237946,0.09772412657757339,-4.231716770895172
217.96,1.01918109232082,0.09862757490474716,-4.179678423472897
217.97,1.02017187760269,0.09952914994325232,-4.1657422787340215
217.98,1.02117166881339,0.10042876098283286,-4.099540008366526
217.99,1.02218044632683,0.10132642216774679,-4.036743858280187
218.0,1.023198190796,0.10222214804199159,-3.9864503255582195
218.01,1.02422488280344,0.10311592864750327,-3.9346437157233565
218.02,1.02526050286123,0.10400775693675812,-3.8836333101477436
218.03,1.02630503141097,0.10489762586450106,-3.833261850688551
218.04,1.02735844882383,0.10578552838549175,-3.7845456185953377
218.05,1.0284207354005,0.10667145578799517,-3.7366365760117253
218.06,1.02949187137121,0.10755540471566831,-3.647023289956182
218.07,1.03057183709545,0.10843745210873945,-3.632752769858814
218.08,1.03166061381755,0.10931752110533803,-3.6183952242303343
218.09,1.03275818071817,0.11019553364025973,-3.537320641199273
218.1,1.03386451782033,0.11107155273883026,-3.4973546820443375
218.11,1.03497960508086,0.111945564211328,-3.452040229349204
218.12,1.03610342239041,0.11281756144017052,-3.4076252039269472
218.13,1.03723594957345,0.11368753780474825,-3.363853914733153
218.14,1.03837716638823,0.11455548668667381,-3.3204999422209185
218.15,1.03952705252685,0.11542140146908095,-3.2828027900161003
218.16,1.04068558761521,0.11628526870716509,-3.216806555161863
218.17,1.041852751213,0.1171471357257629,-3.1713626976464986
218.18,1.04302852363257,0.118007004121747,-3.1665358282574374
218.19,1.04421288437864,0.11886478763099192,-3.1221606455093984
218.2,1.04540581244572,0.11972048556467274,-3.0698129556678033
218.21,1.04660728720248,0.12057412089759116,-3.0333375232938864
218.22,1.04781728795553,0.12142568378840277,-2.9948309181787574
218.23,1.04903579394941,0.12227516802765792,-2.9570160720475647
218.24,1.05026278436655,0.12312256740633631,-2.9197496025461938
218.25,1.05149823832732,0.1239678757205894,-2.88321057751557
218.26,1.05274213489005,0.12481108608583721,-2.851885109928706
218.27,1.05399445305094,0.1256521874009024,-2.7762591848649962
218.28,1.05525517182521,0.12649126287475795,-2.7684020655438903
218.29,1.05652427132049,0.12732824397042783,-2.766632684959957
218.3,1.05780172950148,0.12816304675074738,-2.700418074168396
218.31,1.05908752518465,0.12899573585725133,-2.6721249587031606
218.32,1.0603816371284,0.1298262978969141,-2.6388541231468325
218.33,1.06168404403298,0.1306547270535789,-2.6063145970993027
218.34,1.06299472454049,0.13148101751592756,-2.574277162001957
218.35,1.06431365723494,0.13230516347091012,-2.54257587396275
218.36,1.06564082064217,0.13312715910424044,-2.514922394438015
218.37,1.06697619322991,0.13394699317217004,-2.468129478660704
218.38,1.06831975340774,0.1347647010749224,-2.4287127359018044
218.39,1.06967148017884,0.13558029843924735,-2.4286175001566055
218.4,1.07103135210462,0.13639370689365604,-2.40159544564533
218.41,1.07239934699224,0.13720491217300013,-2.3586570039777777
218.42,1.0737754430877,0.13801394344733303,-2.3328707041968553
218.43,1.07515961858272,0.13882079118175406,-2.304807729771099
218.44,1.07655185161478,0.13962544994968185,-2.2772938774817044
218.45,1.07795212026707,0.14042791432465895,-2.2502073767981976
218.46,1.07936040256854,0.14122817887965805,-2.2233112981829506
218.47,1.08077667649384,0.1420262381875037,-2.2022301084827145
218.48,1.08220091996338,0.14282207846807635,-2.1476951315099515
218.49,1.08363311084329,0.14361576596366907,-2.137705077550156
218.5,1.08507322794797,0.14440725603050616,-2.136780714326101
218.51,1.08652124845492,0.14519648002999652,-2.0907085442517133
218.52,1.08797715013276,0.14598348459375726,-2.0692523992143848
218.53,1.08944091071801,0.14676826063316403,-2.045028795718905
218.54,1.09091250790144,0.1475508034722406,-2.021243552659707
218.55,1.09239191932838,0.1483311085825075,-1.9978174773355282
218.56,1.09387912259905,0.14910917147467803,-1.9747428481106544
218.57,1.09537409526899,0.1498849876962379,-1.9520156067605
218.58,1.09687681484936,0.15065855282732632,-1.9296240957913895
218.59,1.09838725880731,0.15142986248441645,-1.9076585183539763
218.6,1.09990540456633,0.15219891213891595,-1.8857857499753217
218.61,1.10143122950662,0.15296569828759563,-1.8622647609699936
218.62,1.10296471098717,0.15373022228333627,-1.8432028248361234
218.63,1.10450582637952,0.15449247434823898,-1.8240396281915658
218.64,1.10605455287553,0.15525244567616836,-1.8016790339793929
218.65,1.10761086769171,0.15601013714809192,-1.7818338118657902
218.66,1.10917474800355,0.15676554413191862,-1.7619573496257317
218.67,1.11074617094591,0.1575186625776659,-1.7423876010946173
218.68,1.1123251136133,0.15826948847582994,-1.7231060936359162
218.69,1.11391155306039,0.1590180178574152,-1.7041113401931725
218.7,1.11550546630229,0.1597642467850898,-1.6853958622909562
218.71,1.11710683031494,0.16050817136082363,-1.6669690220410145
218.72,1.11871562203549,0.16124978772558327,-1.6485102021149083
218.73,1.12033181836269,0.16198909262291988,-1.6319094553376918
218.74,1.12195539615722,0.1627260781501642,-1.6156586036263618
218.75,1.12358633217403,0.16346073667041958,-1.595329548413141
218.76,1.12522460314819,0.16419307318458384,-1.5775420505634847
218.77,1.12687018589,0.1649230863164893,-1.5623989096044324
218.78,1.12852305710283,0.16565076735541678,-1.545476273277746
218.79,1.13018319345317,0.1663761132072487,-1.5291175658237353
218.8,1.1318505715709,0.16709912023049983,-1.5129823651429848
218.81,1.13352516804969,0.16781978482108828,-1.4970817673273975
218.82,1.13520695944733,0.16853810340832592,-1.4814112556906773
218.83,1.13689592228608,0.16925407245675003,-1.4659670747451048
218.84,1.13859203305302,0.1699676884660828,-1.4507627283344173
218.85,1.1402952682004,0.17067894796926053,-1.435396007407596
218.86,1.14200560414596,0.1713878482659211,-1.4225127950228653
218.87,1.14372301727329,0.17209437999232136,-1.40777049999963
218.88,1.14544748384423,0.17279854038459627,-1.3909694263877417
218.89,1.14717898018748,0.1735003338435792,-1.3775540025990816
218.9,1.14891748261333,0.17419975509266328,-1.3642213509474537
218.91,1.15066296736486,0.1748967987125964,-1.3503433927550377
218.92,1.15241541065215,0.17559146169724243,-1.3367991560206924
218.93,1.15417478865253,0.17628374079399398,-1.3234413691250162
218.94,1.15594107751102,0.17697363278242526,-1.3102731930195604
218.95,1.15771425334054,0.17766113447375553,-1.2972906456501374
218.96,1.15949429222234,0.1783462427135026,-1.2844922456140124
218.97,1.16128117020624,0.17902895437675131,-1.2718775078783944
218.98,1.163074863311,0.17970926637199866,-1.2593518354527065
218.99,1.16487534752461,0.18038717581776442,-1.2475527052351654
219.0,1.16668259880466,0.18106267817065888,-1.2352131065296106
219.01,1.16849659305739,0.1817357712507554,-1.2228607427928517
219.02,1.17031730619276,0.18240645354323978,-1.211441874684435
219.03,1.17214471407932,0.18307472105090947,-1.1998215907967704
219.04,1.17397879255491,0.18374057088067314,-1.1883848702586632
219.05,1.17581951742848,0.18440400016909164,-1.1771101165934144
219.06,1.17766686448036,0.1850650060720734,-1.1659892762377089
219.07,1.17952080946263,0.18572358578265818,-1.1550228911770115
219.08,1.18138132809946,0.1863797365219244,-1.1442071797965947
219.09,1.18324839608736,0.18703345554308415,-1.133539647266587
219.1,1.18512198909557,0.18768474013365344,-1.123009507498193
219.11,1.18700208276634,0.18833358763750882,-1.112624220369865
219.12,1.18888865271526,0.18897999534000326,-1.1027680260137447
219.13,1.19078167452838,0.18962395932258053,-1.092355837285261
219.14,1.19268112375109,0.19026547811250202,-1.0820962225489936
219.15,1.19458697593427,0.19090455024974678,-1.0725984203711287
219.16,1.19649920658888,0.19154117210009036,-1.0628530438525052
219.17,1.19841779120073,0.19217534128216363,-1.0532937533113753
219.18,1.20034270523076,0.1928070553299984,-1.0438606748451857
219.19,1.20227392411545,0.19343631180891996,-1.03455484925601
219.2,1.20421142326704,0.19406310831282525,-1.0253728287332073
219.21,1.2061551780739,0.1946874424693268,-1.0163130093610961
219.22,1.20810516390082,0.19530931193867396,-1.0073779432642742
219.23,1.21006135608937,0.1959287144120044,-0.998473723994157
219.24,1.21202372995816,0.19654564782465486,-0.9901199946699544
219.25,1.21399226080318,0.1971601084565918,-0.9821467794398141
219.26,1.21596692387234,0.19777209188693118,-0.9726725586058711
219.27,1.21794769438802,0.19838159969658248,-0.9639419725013642
219.28,1.21993454761045,0.19898863125307753,-0.9563659194005281
219.29,1.22192745874447,0.19959318194000172,-0.9481078834196542
219.3,1.22392640297357,0.20019524991766552,-0.9400790984705757
219.31,1.22593135546018,0.20079483309717688,-0.9321497803905585
219.32,1.22794229134601,0.20139192942074113,-0.9243240747187469
219.33,1.22995918575233,0.20198653685949605,-0.9165993566228922
219.34,1.23198201378028,0.20257865341724024,-0.9089747317892957
219.35,1.2340107505112,0.2031682771278298,-0.901457802590755
219.36,1.2360453710069,0.20375540605176434,-0.8938489309450381
219.37,1.23808585030995,0.20434003874266748,-0.8874324048466792
219.38,1.24013216344407,0.2049221696590775,-0.8802493726310123
219.39,1.24218428535944,0.20550179681233333,-0.8717783316720518
219.4,1.24424219104373,0.20607892368458466,-0.8649736597415516
219.41,1.24630585548975,0.20665354773266773,-0.8584521669245371
219.42,1.2483752536444,0.20722566534816522,-0.8514919532187483
219.43,1.25045036043688,0.20779527500858394,-0.8447113937721408
219.44,1.25253115077899,0.20836237498975674,-0.8380130921087424
219.45,1.25461759956544,0.20892696359548862,-0.8313994271231082
219.46,1.25670968167411,0.20948903915906833,-0.8248683655561965
219.47,1.25880737196638,0.2100486000459238,-0.8184210558436485
219.48,1.26091064528742,0.21060564464467174,-0.8120530741997627
219.49,1.26301947646641,0.2111601713794209,-0.8057764269131723
219.5,1.26513384031699,0.21171217870433376,-0.7993070619017627
219.51,1.26725371163741,0.21226166579541944,-0.7945442299993817
219.52,1.2693790652109,0.21280862545124957,-0.7883067494225338
219.53,1.27150987572224,0.21335305706074265,-0.7805813306576628
219.54,1.27364611794148,0.21389496657316193,-0.7752575595665986
219.55,1.27578776663476,0.21443435048667342,-0.7698507623564957
219.56,1.27793479652228,0.21497120545158252,-0.7640029209119666
219.57,1.28008718231024,0.21550553034648628,-0.7583238841559652
219.58,1.28224489869113,0.21603732381258828,-0.7527100245435923
219.59,1.28440792034398,0.21656658452049635,-0.7471648667033599
219.6,1.28657622193469,0.21709331116924377,-0.7416887575847015
219.61,1.28874977811626,0.21761750248108597,-0.7362778601080171
219.62,1.29092856352906,0.21813915721299315,-0.730933512157215
219.63,1.29311255280121,0.2186582741474171,-0.7256701818452679
219.64,1.29530172054873,0.219174852093255,-0.7201041792158349
219.65,1.29749604137593,0.2196888908710874,-0.7168307709119616
219.66,1.29969548987563,0.22020038117824642,-0.7112089283703209
219.67,1.30190004051188,0.22070932433858234,-0.7040343432743873
219.68,1.30410966789494,0.22121572883426385,-0.7000875613933727
219.69,1.30632434660978,0.22171958957250365,-0.6955123981799681
219.7,1.30854405119872,0.22222090374074227,-0.6905866102113181
219.71,1.31076875619342,0.22271967055166692,-0.6858077017699746
219.72,1.31299843611517,0.22321588898358002,-0.6810827572365482
219.73,1.31523306547518,0.2237095580375048,-0.676413959406398
219.74,1.31747261877477,0.22420067674191468,-0.671800586499763
219.75,1.31971707050572,0.22468924415258348,-0.6672424633038093
219.76,1.32196639515046,0.22517525935007443,-0.6627376557092017
219.77,1.32422056718239,0.2256587214443236,-0.6582940409600749
219.78,1.32647956106612,0.22613962956558784,-0.6537509845997374
219.79,1.32874335125768,0.2266179832974206,-0.6501923786617954
219.8,1.33101191220491,0.22709377826324503,-0.6455797972345217
219.81,1.33328521829702,0.22756701516567132,-0.6405175382798902
219.82,1.33556324398925,0.2280376970635804,-0.6368257712761751
219.83,1.33784596371252,0.2285058210875805,-0.6327351893902973
219.84,1.34013335188128,0.22897138611507883,-0.6286194216955532
219.85,1.34242538290275,0.22943439151676776,-0.6245742082309824
219.86,1.34472203117728,0.22989483661391236,-0.6205755404010889
219.87,1.34702327109851,0.23035272075100366,-0.6166227657031266
219.88,1.34932907705369,0.2308080433008286,-0.612715911308306
219.89,1.35163942342391,0.23126080366156673,-0.6088546113467646
219.9,1.35395428458438,0.23171100125550054,-0.6050377177524096
219.91,1.35627363490464,0.23215863553133026,-0.6012780645991137
219.92,1.35859744874887,0.23260370596183133,-0.5972587378556136
219.93,1.36092570047607,0.23304621292717007,-0.5951799913393354
219.94,1.3632583644404,0.233486148407334,-0.5907293271322157
219.95,1.36559541488562,0.2339235158717627,-0.5855964099558431
219.96,1.36793682621639,0.23435832236932685,-0.5831876176199212
219.97,1.37028257277938,0.23479056232965276,-0.5796390566158581
219.98,1.37263262890616,0.2352202351480907,-0.5761440729255961
219.99,1.37498696892422,0.23564734052584266,-0.5727107030829676
220.0,1.37734556715734,0.23607187809925323,-0.569316540247101
220.01,1.37970839792572,0.2364938475226545,-0.5659600994045014
220.02,1.38207543554625,0.23691324847890755,-0.5626417059275134
220.03,1.38444665433278,0.2373300806758442,-0.5593612502340716
220.04,1.38682202859635,0.23774434384399487,-0.5561183908859823
220.05,1.38920153264542,0.2381560377359186,-0.5529285350892669
220.06,1.39158514078609,0.23856516212999818,-0.5493827022173472
220.07,1.39397282732239,0.23897171801592898,-0.548335967985663
220.08,1.39636456655651,0.23937569504584405,-0.544115789997006
220.09,1.39876033264687,0.2397770986909927,-0.5392243945105297
220.1,1.40116009997643,0.2401759380936656,-0.5377610523343911
220.11,1.40356384283883,0.24057220579075853,-0.5345933304953373
220.12,1.40597153552095,0.2409659020543446,-0.5316429938443031
220.13,1.40838315230814,0.24135702678165968,-0.528729085886995
220.14,1.41079866748439,0.241745579847491,-0.5258476377743186
220.15,1.41321805533255,0.2421315611477552,-0.5229985670926363
220.16,1.41564129013453,0.2425149706004955,-0.5201822955173312
220.17,1.41806834617153,0.2428958081403365,-0.5174048376935272
220.18,1.42049919772417,0.2432740737005834,-0.5146207271786446
220.19,1.42293381907283,0.24364976744024233,-0.5118445919722062
220.2,1.42537218450086,0.24402288962641072,-0.5092382580054327
220.21,1.42781426829222,0.24439343983834183,-0.5066092472454768
220.22,1.43026004472412,0.24476141793616607,-0.50392033341359
220.23,1.43270948807831,0.24512682427332474,-0.5013285300037371
220.24,1.43516257263724,0.245489658902572,-0.49875465268246133
220.25,1.43761927268438,0.24584992193417698,-0.49621073413111405
220.26,1.44007956250437,0.24620761349608927,-0.493694862551403
220.27,1.44254341638325,0.2465627337391622,-0.49120744979147757
220.28,1.44501080860867,0.24691528283366332,-0.4887469632555901
220.29,1.44748171347008,0.24726526097200535,-0.48632807226605496
220.3,1.44995610525897,0.24761266832083834,-0.483852453243676
220.31,1.45243395826901,0.24795750548166814,-0.48149966816727985
220.32,1.45491524680161,0.24829977257083877,-0.4792194571227995
220.33,1.4573999451534,0.2486394694794984,-0.47685026365967526
220.34,1.45988802762559,0.2489765967154926,-0.4745459652643311
220.35,1.46237946852331,0.24931115463517525,-0.47227304448030766
220.36,1.46487424215503,0.24964314357225165,-0.47002338202448335
220.37,1.4673723228327,0.24997256388916517,-0.4677985102292932
220.38,1.46987368487204,0.25029941597066174,-0.4655983943375923
220.39,1.47237830259269,0.250623700221847,-0.46342711109742746
220.4,1.47488615031847,0.2509454170674145,-0.46119397788538363
220.41,1.47739720237752,0.25126456728032565,-0.45928901497693536
220.42,1.47991143310259,0.2515811495838479,-0.4585976885810046
220.43,1.48242881679201,0.2518951569919918,-0.4552121321416107
220.44,1.48494932768433,0.2522065971081566,-0.45215278042480705
220.45,1.4874729401924,0.25251547611325015,-0.45131884159150365
220.46,1.48999962865273,0.2528217882904046,-0.44913651179320424
220.47,1.49252936740562,0.2531255346897632,-0.4471843162383353
220.48,1.49506213079524,0.2534267157014177,-0.44524621546436205
220.49,1.49759789316971,0.2537253317290785,-0.44332964305602734
220.5,1.50013662888128,0.25402138317375444,-0.441547794908332
220.51,1.50267831228645,0.2543148701328361,-0.4389144292166166
220.52,1.50522291774831,0.2546057971709167,-0.43749158305858843
220.53,1.50777041969001,0.2548941623939224,-0.4362883048618318
220.54,1.51032079244925,0.255179962777589,-0.43390626371999047
220.55,1.5128740104067,0.2554632018129943,-0.43220477499380433
220.56,1.51543004794852,0.2557438797489283,-0.4304280481400863
220.57,1.51798887946661,0.2560219971622332,-0.4286765398429558
220.58,1.52055047935866,0.25629755464106435,-0.4269349536320337
220.59,1.52311482202835,0.25657055279276014,-0.4254383057133798
220.6,1.52568188188551,0.25684099146349915,-0.4226014203884647
220.61,1.52825163334628,0.2571088777056696,-0.4211973924863599
220.62,1.53082405092648,0.2573742106296721,-0.42072952731782737
220.63,1.53339910903143,0.2576369841855756,-0.41848660041405045
220.64,1.53597678209115,0.25789720216450135,-0.41673585306711775
220.65,1.53855704456137,0.2581548662797417,-0.4151553226715604
220.66,1.54113987090626,0.25840997724632664,-0.41355568314179586
220.67,1.54372523559874,0.258662535942004,-0.411980115139092
220.68,1.54631311312055,0.25891254326866897,-0.4103073539101597
220.69,1.54890347796265,0.2591600005670806,-0.40927512066538047
220.7,1.5514963046253,0.25940490568458485,-0.40807439785218247
220.71,1.55409156756869,0.2596472577534925,-0.40579066041591905
220.72,1.55668924128672,0.2598870621703257,-0.40424842475666595
220.73,1.55928930032359,0.2601243203839254,-0.4031438845846617
220.74,1.56189171920406,0.2603590312624175,-0.4016470115681999
220.75,1.56449647246134,0.2605911958899051,-0.400247547541987
220.76,1.56710353463723,0.2608208151474297,-0.39845901407432294
220.77,1.56971288028216,0.2610478912832467,-0.3993681449223697
220.78,1.57232448395293,0.2612724121770901,-0.3969693362891422
220.79,1.57493832003295,0.2614943846454147,-0.3937780332580424
220.8,1.5775543631823,0.2617138203124869,-0.39407844356655614
220.81,1.58017258795967,0.261930711231508,-0.3925678079340971
220.82,1.58279296892919,0.2621450588306688,-0.39133209651962764
220.83,1.58541548066029,0.26235686363366895,-0.39028557788517537
220.84,1.58804009772758,0.26256612546500435,-0.38835993648259054
220.85,1.59066679471075,0.2627728495703289,-0.3860438919615538
220.86,1.59329554627707,0.2629770429414091,-0.38640280180235315
220.87,1.59592632710777,0.263178697193676,-0.3858228640090813
220.88,1.59855911175077,0.2633778092098397,-0.38366265751673917
220.89,1.60119387483711,0.26357438538723854,-0.38266432788155563
220.9,1.60383059100661,0.2637684259906792,-0.3814729037317434
220.91,1.60646923490802,0.2639599319211594,-0.3810236902570668
220.92,1.60910978119917,0.2641489014874987,-0.37620934116205856
220.93,1.61175220454705,0.26433535721283596,-0.3761915146343675
220.94,1.61439647994035,0.2645192936417481,-0.3784296981000624
220.95,1.61704258197192,0.26470069201398977,-0.3751234423086581
220.96,1.61969048536112,0.26487956544242003,-0.3739761446283383
220.97,1.62234016487153,0.2650559163184167,-0.37288012329936115
220.98,1.62499159528414,0.26522974618049533,-0.3713807628259899
220.99,1.62764475139787,0.26540105832940275,-0.3713739047334461
221.0,1.63029960803018,0.2655698459567535,-0.374784814501847
221.01,1.63295613984032,0.2657360844658415,-0.3695099331188504
221.02,1.63561432130893,0.2658998004326711,-0.36545803597668214
221.03,1.63827412749197,0.2660610140220769,-0.36805892981764626
221.04,1.64093553319146,0.2662197060530799,-0.36654484621068406
221.05,1.64359851321791,0.2663758795503272,-0.36568460203727854
221.06,1.64626304239008,0.26652953533458645,-0.3644061372092747
221.07,1.64892909553489,0.2666806757270842,-0.36558855027045606
221.08,1.65159664748715,0.26682928916200166,-0.36450892313407424
221.09,1.65426567290722,0.2669753778619185,-0.3614348059423246
221.1,1.65693614666928,0.2671189560935724,-0.36147781188873973
221.11,1.6596080436485,0.267260020102413,-0.3610141802323921
221.12,1.66228133868616,0.2673985682245065,-0.3601224140815279
221.13,1.66495600662997,0.26753460144074426,-0.36008235813153816
221.14,1.6676320223341,0.2676681176175718,-0.355446048446722
221.15,1.67030936065913,0.2677991405875028,-0.35602043913376236
221.16,1.67298799680533,0.2679276630698428,-0.35884490842196265
221.17,1.67566790552931,0.2680536641913164,-0.35575961018448016
221.18,1.67834906172716,0.268177157792839,-0.3550917536897177
221.19,1.68103144033081,0.2682981453024184,-0.35438892411998063
221.2,1.68371501628219,0.26841662737516203,-0.3545371856567416
221.21,1.68639976453326,0.26853260205993806,-0.34812220754271883
221.22,1.68908566006174,0.268646104329993,-0.3502576230778686
221.23,1.69177267832002,0.26875711809982716,-0.35426014423497404
221.24,1.69446079405667,0.2688656157609104,-0.3495205373034342
221.25,1.69714998232072,0.26897162144673786,-0.34945607536382794
221.26,1.69984021817603,0.2690751342602623,-0.3486192843711837
221.27,1.70253147670129,0.26917615626308455,-0.34781477088723683
221.28,1.70522373299,0.2692746876599206,-0.351928630804407
221.29,1.70791696208091,0.26937070134709734,-0.34819858270294846
221.3,1.7106111386938,0.26946421748448673,-0.34384019110382597
221.31,1.71330623817004,0.26955526055032486,-0.3467755593567879
221.32,1.7160022356049,0.2696438115097677,-0.34565552073708306
221.33,1.71869910610367,0.26972987349974664,-0.34492506129875816
221.34,1.72139682478167,0.26981344845808575,-0.3449925680204496
221.35,1.72409536676423,0.26989453225892784,-0.34783621515416985
221.36,1.72679470707441,0.26997310577666267,-0.344391793471328
221.37,1.72949482057452,0.27004918798357685,-0.34153008357716885
221.38,1.73219568257079,0.2701227948540885,-0.34372658985245325
221.39,1.73489726817724,0.2701939117664198,-0.3428577458855261
221.4,1.73759955251368,0.2702625409469158,-0.34283835779449384
221.41,1.74030251070567,0.2703286814359089,-0.3409509702365855
221.42,1.7430061178846,0.27039234424126224,-0.3378688369445155
221.43,1.74571034937229,0.27045354611008693,-0.3410177818298241
221.44,1.74841518053769,0.2705122660074037,-0.34220636690241374
221.45,1.75112058639718,0.27056849430159663,-0.3394578344721534
221.46,1.75382654216283,0.27062224587150835,-0.33945542801232237
221.47,1.75653302305722,0.2706735202249918,-0.3392929587057879
221.48,1.75924000431343,0.2707223174377493,-0.3378086374289912
221.49,1.76194746117498,0.27076864580934024,-0.33669724213922864
221.5,1.76465536901238,0.2708125108622598,-0.33812403606359154
221.51,1.7673637031517,0.270853902703988,-0.3379709669482473
221.52,1.77007243882372,0.270892820823998,-0.33680528014949923
221.53,1.77278155134122,0.27092927143342516,-0.33665166084051384
221.54,1.77549101602966,0.27096325522483944,-0.33543290069151027
221.55,1.77820080822721,0.2709947770151692,-0.33957755856190647
221.56,1.78091090328466,0.27102380999573705,-0.33985198561165725
221.57,1.7836212761394,0.27105035217724527,-0.3340823248514148
221.58,1.78633190212769,0.2710744386801819,-0.33493469307436075
221.59,1.78904275671018,0.2710960653197462,-0.33620242952034723
221.6,1.79175381520928,0.2711152233133304,-0.3357358696535848
221.61,1.79446505295375,0.2711319144971691,-0.3354593497132463
221.62,1.79717644527865,0.271146140010999,-0.3359753386154553
221.63,1.79988796752548,0.2711578963739858,-0.3357076902858989
221.64,1.8025995949818,0.27116718502650516,-0.3349025199014082
221.65,1.80531130301407,0.27117401078958214,-0.3351192716649319
221.66,1.80802306698419,0.2711783724480869,-0.3350820605069494
221.67,1.81073486224985,0.27118027006925266,-0.33497073204788735
221.68,1.81344666417427,0.2711797042986612,-0.33506202377891603
221.69,1.8161584481264,0.2711766750540949,-0.334098104031281
221.7,1.81887018948075,0.27117118836516946,-0.3344273183118808
221.71,1.8215818636952,0.27116324243758316,-0.3351752358927563
221.72,1.82429344612085,0.2711528329487567,-0.33453759465232186
221.73,1.82700491215469,0.27113996394390794,-0.33457542297835846
221.74,1.82971623720282,0.2711246358900854,-0.3345745077347619
221.75,1.83242739667769,0.27110684939608554,-0.33428918145491693
221.76,1.83513836599804,0.27108660621740777,-0.33574684235114655
221.77,1.83784912058892,0.27106389793900754,-0.335758148356537
221.78,1.84055963574657,0.2710387253404926,-0.3341010421184112
221.79,1.84326988691325,0.2710110994983232,-0.33465576741671266
221.8,1.84597984955182,0.2709810183733378,-0.3350848268730837
221.81,1.84868949909112,0.27094848004723765,-0.33510968737810604
221.82,1.85139881096473,0.2709134853109215,-0.33484843677220344
221.83,1.85410776061086,0.27087603613359196,-0.3365991793893453
221.84,1.85681632347243,0.27083612207049285,-0.3383469650627561
221.85,1.85952447481669,0.2707937339218369,-0.33543899907253116
221.86,1.86223218996291,0.27074889093668214,-0.33489982068963636
221.87,1.86493944446408,0.27070159848517167,-0.3367372431464272
221.88,1.86764621373915,0.2706518468664173,-0.33666517836657517
221.89,1.87035247320839,0.2705996373416601,-0.33676572408917377
221.9,1.87305819829342,0.27054497066516897,-0.33736348895356505
221.91,1.87576336441724,0.27048784371240997,-0.3400079918600443
221.92,1.87846794693013,0.27042824225509227,-0.3381883483370545
221.93,1.88117192105658,0.2703661792300083,-0.33673377175635394
221.94,1.88387526233753,0.27030166569183,-0.3389519130313783
221.95,1.88657794616884,0.27023469048207405,-0.33896517016658784
221.96,1.88927994794519,0.2701652546780157,-0.339315815292048
221.97,1.89198124306001,0.27009335828273956,-0.33920625554570044
221.98,1.89468180690553,0.27001900259740663,-0.3430232251952125
221.99,1.89738161485763,0.26994216680625666,-0.3415612874353055
222.0,1.90008064201446,0.26986286207317617,-0.33912155379160147
222.01,1.9027788639147,0.2697811057254122,-0.34204953149421363
222.02,1.90547625591331,0.26969688318073115,-0.34209617640961637
222.03,1.90817279336138,0.26961019555533466,-0.3426023938677972
222.04,1.91086845160621,0.2695210424687548,-0.3424466681255213
222.05,1.91356320599126,0.26942942601751085,-0.34623473255985887
222.06,1.9162570318561,0.26933532560816287,-0.3462833366437607
222.07,1.9189499042384,0.2692387436394106,-0.3435787631290127
222.08,1.92164179851035,0.26913969933408854,-0.34568307823414207
222.09,1.92433268998853,0.2690381836763308,-0.3465664990454021
222.1,1.92702255393705,0.2689341936103262,-0.3467011073330315
222.11,1.92971136561084,0.26882773016292383,-0.3495159837226357
222.12,1.93239910025559,0.26871877928158483,-0.3495732310835837
222.13,1.9350857329173,0.26860734364233163,-0.3482957168712634
222.14,1.93777123887494,0.2684934341109224,-0.3502350411467351
222.15,1.94045559332856,0.268377042736336,-0.35095095272152593
222.16,1.94313877145236,0.2682581680570821,-0.351172390110018
222.17,1.9458207484083,0.26813681090332997,-0.35466765881432144
222.18,1.94850149934601,0.2680129537258269,-0.35439370979197576
222.19,1.95118099916936,0.26788660159608274,-0.35292080589872776
222.2,1.95385922309374,0.2677577669513209,-0.3555389628455375
222.21,1.95653614619861,0.26762643837150807,-0.35613680136534165
222.22,1.95921174354585,0.2674926153285129,-0.3564895871779235
222.23,1.96188599018166,0.2673562978722418,-0.36133559571466745
222.24,1.96455886111872,0.2672174609770761,-0.3604635352050605
222.25,1.9672303310369,0.26707611372325435,-0.35822081941177847
222.26,1.96990037507052,0.2669322736304991,-0.36186877538985757
222.27,1.97256896814927,0.2667859239339284,-0.3624089063139845
222.28,1.97523608518202,0.2666370644483348,-0.3632048843620402
222.29,1.97790170105683,0.26648569300116165,-0.3682846031313712
222.3,1.9805657905972,0.26633178376550737,-0.36724201644695376
222.31,1.98322832831057,0.2661753472444869,-0.3652100438010517
222.32,1.98588928916008,0.26601640013891314,-0.3691325085170978
222.33,1.98854864789053,0.26585492458916876,-0.3697696391733808
222.34,1.99120637922021,0.26569092011524875,-0.37109135904425294
222.35,1.99386245784091,0.2655243820255967,-0.37595706954813707
222.36,1.99651685834929,0.265355286366753,-0.374951326063422
222.37,1.9991695550801,0.265183643838407,-0.3735207641514238
222.38,2.00182052276972,0.2650094680236581,-0.3774179142179706
222.39,2.00446973594374,0.2648327416708526,-0.3782127070116359
222.4,2.00711716909557,0.264653463812233,-0.3800320593927898
222.41,2.0097627966864,0.2644716274404324,-0.3847297980356723
222.42,2.01240659305353,0.2642872100883431,-0.38410465395219767
222.43,2.01504853231457,0.2641002205024797,-0.38344731321999087
222.44,2.01768858891033,0.2639106680306795,-0.38731409717589316
222.45,2.0203267370805,0.2637185358832469,-0.3886751457783398
222.46,2.02296295101729,0.26352382054183704,-0.3903302387257635
222.47,2.02559720486426,0.2633265175200905,-0.39261238095009166
222.48,2.02822947271539,0.26312661867382203,-0.3948256545069173
222.49,2.03085972856289,0.26292411660358006,-0.395944132198938
222.5,2.03348794636547,0.26271901036357315,-0.3977555911804725
222.51,2.03611410007247,0.2625112952212609,-0.4000760947925538
222.52,2.0387381635484,0.26230096341692455,-0.4020303938243952
222.53,2.04136011059978,0.26208800932457554,-0.4038508605200249
222.54,2.04397991497392,0.2618724278229993,-0.4071396422308009
222.55,2.04659755035768,0.26165420579799353,-0.4090966719386589
222.56,2.04921299027284,0.2614333380110153,-0.4101395193906882
222.57,2.05182620829538,0.2612098246099056,-0.4129716787901043
222.58,2.0544371779142,0.2609836558193283,-0.4153527039693813
222.59,2.05704587253537,0.2607548240195934,-0.41766605324918366
222.6,2.05965226549444,0.2605233222689944,-0.41998861040491897
222.61,2.06225633005495,0.2602891433677498,-0.42336975049688785
222.62,2.06485803939856,0.26005227457724195,-0.42540471260297713
222.63,2.0674573665642,0.2598127109329903,-0.4272354885849127
222.64,2.07005428461917,0.25957044879267127,-0.43049139043439333
222.65,2.07264876650787,0.2593254766695918,-0.4330670478667206
222.66,2.0752407850928,0.25907778664548964,-0.4357201958108371
222.67,2.07783031315289,0.2588273705892467,-0.4387849920929862
222.68,2.08041732338187,0.2585742179440964,-0.4423701458145515
222.69,2.08300178834972,0.25831831571418257,-0.4445283596967664
222.7,2.08558368051415,0.2580596590731695,-0.44703896889253864
222.71,2.08816297232543,0.2577982414489736,-0.4506441798182186
222.72,2.09073963609877,0.25753405021193465,-0.45365519547131256
222.73,2.0933136440528,0.25726707594485587,-0.45658592026137496
222.74,2.09588496830768,0.2569973095597441,-0.4609250562721895
222.75,2.09845358088333,0.2567247343863266,-0.46454289120471653
222.76,2.10101945359584,0.25644933824031657,-0.4665347083618439
222.77,2.10358255823172,0.2561711181550871,-0.47015049663881
222.78,2.10614286650596,0.25589006253233426,-0.47409881447249286
222.79,2.10870034998568,0.2556061576420928,-0.4776316909827232
222.8,2.11125498012364,0.2553193922387546,-0.48094698859532914
222.81,2.11380672825611,0.255029755837329,-0.48659876053609746
222.82,2.11635556560075,0.25473722591232706,-0.48979375546632364
222.83,2.11890146310208,0.254441793668662,-0.4920725426450483
222.84,2.12144439178192,0.2541434555516031,-0.4972627295308296
222.85,2.12398432246523,0.25384219254782997,-0.5012435124403032
222.86,2.12652122583976,0.2535379916038953,-0.5053610386216372
222.87,2.12905507245906,0.2532308394525784,-0.5096744530697251
222.88,2.13158583274009,0.25292072143301797,-0.515454349336713
222.89,2.13411347693356,0.2526076156964874,-0.5189839016587167
222.9,2.1366379750638,0.25229151280925144,-0.5224610024862051
222.91,2.13915929716516,0.25197240390533543,-0.528114242163879
222.92,2.14167741305578,0.25165026865950535,-0.5326938370353216
222.93,2.14419229240076,0.25132509218141663,-0.5373317603733687
222.94,2.14670390470946,0.2509968594782512,-0.5430948810275843
222.95,2.14921221933283,0.2506655495273513,-0.549155748010392
222.96,2.15171720537495,0.25033114048791383,-0.5527924674104501
222.97,2.1542188317814,0.24999362373458642,-0.5575814152663757
222.98,2.15671706743947,0.2496529849238205,-0.5638251955955063
222.99,2.15921188100084,0.2493092019448399,-0.5691781212161937
223.0,2.16170324093961,0.248962257390332,-0.5743445779674224
223.01,2.16419111554914,0.24861213453088635,-0.582254969981608
223.02,2.16667547293903,0.2482588028604238,-0.5880489865407498
223.03,2.16915628085249,0.24790224364816077,-0.59171010090067
223.04,2.17163350702316,0.24754244970083644,-0.5986637417625587
223.05,2.1741071189844,0.24717939717142645,-0.6052610313894099
223.06,2.17657708403021,0.246813063481921,-0.6115451097436656
223.07,2.17904336924832,0.2464434282245039,-0.6176359206629223
223.08,2.18150594151669,0.246070471352422,-0.6271936173048119
223.09,2.1839647674893,0.24569415612099763,-0.6326808400295811
223.1,2.18641981339576,0.24531446725998646,-0.6372593370990671
223.11,2.18887104554636,0.2449313945775818,-0.6463305034388954
223.12,2.19131842990197,0.2445449053626055,-0.6532705505166473
223.13,2.19376193218967,0.24415497703141148,-0.6605315112877219
223.14,2.19620151789873,0.24376158613999,-0.6685113572897987
223.15,2.19863715227667,0.24336470525741322,-0.6781930191127531
223.16,2.20106880026117,0.24296429942567052,-0.6844187395729248
223.17,2.2034964264583,0.2425603517290857,-0.6911290478604035
223.18,2.20591999542069,0.24215284330216064,-0.7008214060139693
223.19,2.20833947134534,0.24174174047991345,-0.7089950856463704
223.2,2.21075481816123,0.24132701701272685,-0.7171425906466123
223.21,2.21316599952503,0.24090864688591415,-0.7278894343610666
223.22,2.21557297881668,0.2404865913961644,-0.7379303123141392
223.23,2.21797571896263,0.24006081654907402,-0.7442849262954216
223.24,2.22037418269449,0.23963130731391077,-0.7535403061332473
223.25,2.22276833256162,0.23919803493701597,-0.76422631079029
223.26,2.22515813073093,0.23876096328743585,-0.7738050597049015
223.27,2.22754353906171,0.2383200620223458,-0.7832232705760472
223.28,2.22992451910072,0.23787530140091015,-0.7962677069289515
223.29,2.23230103207726,0.2374266349891463,-0.8059830398666695
223.3,2.23467303868722,0.236974033495585,-0.8139461595929538
223.31,2.23704049955501,0.2365174767844258,-0.8263713108354682
223.32,2.23940337490325,0.23605692373832587,-0.8374858634846687
223.33,2.24176162459137,0.23559233909958474,-0.848638715365245
223.34,2.2441152081295,0.23512368833599567,-0.8599634138454737
223.35,2.24646408467306,0.23465093485774968,-0.8772844302539655
223.36,2.24880821295645,0.23417401547750258,-0.8863146115675731
223.37,2.25114755102404,0.23369290784614657,-0.8944164108551735
223.38,2.25348205708004,0.23320759483616005,-0.9109152601809292
223.39,2.25581168872024,0.23271801994001845,-0.9232483073370036
223.4,2.25813640314571,0.23222414520875553,-0.93628866726063
223.41,2.2604561571566,0.23172593087108137,-0.9505256155923759
223.42,2.26277090714587,0.23122333165932485,-0.9657426290041035
223.43,2.26508060901699,0.23071629894298637,-0.9781290118587078
223.44,2.26738521822971,0.2302047982497409,-0.9916688731756187
223.45,2.26968468995416,0.22968879049585222,-1.007491100269044
223.46,2.27197897885326,0.22916822636041,-1.022292736659418
223.47,2.27426803914589,0.22864306169108434,-1.0369763804072105
223.48,2.2765518246003,0.2281132529408425,-1.0555400828667352
223.49,2.27883028852755,0.22757873958231256,-1.0719208213090563
223.5,2.28110338355364,0.22703947268308083,-1.0847817620822398
223.51,2.28337106202273,0.22649542052409027,-1.1021865257685481
223.52,2.28563327583977,0.22594653156508734,-1.1200217416871274
223.53,2.2878899763537,0.22539275209866688,-1.13724791324592
223.54,2.29014111441359,0.22483403230609822,-1.1539963492909102
223.55,2.29238664036145,0.22427032399040908,-1.1771782295206217
223.56,2.29462650402504,0.2237015517399854,-1.1942160199495897
223.57,2.29686065436645,0.2231276692553445,-1.2091072447553697
223.58,2.29908904024479,0.2225486409793513,-1.2316322677304532
223.59,2.30131160980881,0.22196439835575252,-1.2509862191042924
223.6,2.3035283106464,0.22137488631689778,-1.2714038056648336
223.61,2.30573908977664,0.22078004688083075,-1.2922834125263685
223.62,2.3079438936294,0.22017982098251715,-1.3131774826991913
223.63,2.31014266804711,0.2195741505338078,-1.334633949232846
223.64,2.31233535829226,0.21896297601422904,-1.3567551788924304
223.65,2.31452190901546,0.2183462359948448,-1.3791413542315014
223.66,2.31670226425449,0.21772386888115522,-1.4021369737477871
223.67,2.31887636742557,0.21709581157766852,-1.4254365042897221
223.68,2.3210441613074,0.21646200079541064,-1.4491444980303159
223.69,2.32320558804942,0.215822372621081,-1.4734956879559555
223.7,2.32536058914984,0.2151768615667423,-1.4980547337803705
223.71,2.32750910545056,0.2145254021359233,-1.5240649509991542
223.72,2.32965107712851,0.21386792362568427,-1.5507554759493571
223.73,2.33178644362247,0.21320435399218018,-1.5758649494138484
223.74,2.33391514369004,0.21253462938443474,-1.6023155793656414
223.75,2.33603711546374,0.21185868160473373,-1.6303498884825596
223.76,2.33815229633254,0.21117643682756482,-1.6578969389396636
223.77,2.3402606229699,0.21048782392761498,-1.6880241523687034
223.78,2.34236203132001,0.2097927627338366,-1.716495147192115
223.79,2.34445645649219,0.2090911815934941,-1.7447993747250563
223.8,2.3465438329828,0.2083830110124992,-1.7760185812925742
223.81,2.348624094481,0.20766817074509003,-1.806685756454352
223.82,2.35069717390899,0.20694658389075843,-1.8378492448372858
223.83,2.3527630034123,0.20621817326332467,-1.869589543830178
223.84,2.35482151436631,0.20548286065924146,-1.9024128997453205
223.85,2.35687263734796,0.2047405648556729,-1.935606108187725
223.86,2.35891630211516,0.20399120460577644,-1.969192514620196
223.87,2.36095243762042,0.20323469862817042,-2.003756851522219
223.88,2.3629809719933,0.20247096370350492,-2.037070838729623
223.89,2.3650018325377,0.20169992298393336,-2.0731948647772023
223.9,2.36701494580898,0.20092148956334008,-2.110599951378901
223.91,2.36902023738779,0.20013557287630696,-2.146334274802894
223.92,2.37101763204642,0.19934209071080788,-2.1840927592562163
223.93,2.37300705369206,0.19854095507418162,-2.2210525316642435
223.94,2.37498842535784,0.197732082752163,-2.258829595853551
223.95,2.37696166927025,0.19691538860093044,-2.2994318835846475
223.96,2.37892670674168,0.19609077761893284,-2.3394630969525942
223.97,2.38088345813067,0.19525815869964047,-2.3793248488205223
223.98,2.38283184292693,0.19441744340333855,-2.420893656678971
223.99,2.38477177970829,0.1935685393872344,-2.458776578592194
224.0,2.38670318615424,0.192711369902913,-2.5025176404589327
224.01,2.38862597922268,0.19184583617560075,-2.5482903182625463
224.02,2.3905400746537,0.1909718329315857,-2.5893338536564006
224.03,2.3924453873629,0.19008927520251334,-2.6344976140479908
224.04,2.39434183132421,0.1891980654986821,-2.6756608541498066
224.05,2.39622931956246,0.18829812361149298,-2.718586022232824
224.06,2.39810776439034,0.18738936316314478,-2.7686294659848043
224.07,2.39997707705856,0.1864716708895653,-2.815080794583976
224.08,2.40183716771343,0.18554494903442187,-2.8601753363881
224.09,2.40368794564043,0.1846091078560967,-2.9083917130578842
224.1,2.40552931916117,0.1836640498947347,-2.946707963708163
224.11,2.40736119569775,0.1827097161018254,-2.998699671498257
224.12,2.40918348218462,0.18174599440944722,-3.0542847376334947
224.13,2.41099608389581,0.18077275984843544,-3.0972455462622133
224.14,2.41279890541652,0.1797899380618103,-3.1490385678180592
224.15,2.41459185037114,0.1787974263591785,-3.191343205696133
224.16,2.41637482141984,0.1777951596717342,-3.237569505308079
224.17,2.41814772075927,0.17678305738001443,-3.2965864083471828
224.18,2.41991044936095,0.17576098927142664,-3.3468417420365557
224.19,2.42166290701442,0.17472886003244334,-3.3947619031543894
224.2,2.42340499274847,0.17368658705601744,-3.4468879102728947
224.21,2.42513660465554,0.17263407734667097,-3.4818127482340078
224.22,2.42685764004319,0.17157130292065892,-3.5400544863892778
224.23,2.42856799609058,0.17049814389541082,-3.603080404046738
224.24,2.43026756787831,0.16941446187484685,-3.6439480975862724
224.25,2.43195625006905,0.16832020595726566,-3.6987123632253835
224.26,2.43363393644597,0.16721527886934817,-3.7401580151492473
224.27,2.43530051991699,0.1660996350718332,-3.7853673057395327
224.28,2.43695589319751,0.16497321353739677,-3.845736842859482
224.29,2.43859994787275,0.1638358928847709,-3.8956514998311955
224.3,2.44023257446756,0.1626875926930893,-3.942482419682986
224.31,2.44185366293122,0.16152825073750451,-3.98233604324517
224.32,2.4434631025421,0.1603578325824695,-4.0339706381093565
224.33,2.44506078238057,0.15917625548993453,-4.089097043561917
224.34,2.44664659015246,0.1579834224535781,-4.132424928346365
224.35,2.44822041315531,0.15677928547590536,-4.174922327679076
224.36,2.44978213804559,0.15556380395742958,-4.216795458560842
224.37,2.4513316512685,0.15433693749424826,-4.268654508257014
224.38,2.45286883858309,0.1530986045917467,-4.314540108361243
224.39,2.454393584956,0.1518487471051581,-4.357800888410909
224.4,2.45590577499458,0.15058732357538335,-4.3860762823872745
224.41,2.4574052929078,0.14931435325649484,-4.4323750992723685
224.42,2.45889202336844,0.14802977878141851,-4.484729138199509
224.43,2.4603658495561,0.1467335161046579,-4.518001063254648
224.44,2.46182665472721,0.14542556205288845,-4.550869348524536
224.45,2.4632743218454,0.14410592179534926,-4.579974289931329
224.46,2.46470873423649,0.14277461207190906,-4.625762331421916
224.47,2.4661297750149,0.1414315771786338,-4.663635799694155
224.48,2.46753732663458,0.14007679286485164,-4.6951390062955065
224.49,2.46893127176868,0.13871026941184214,-4.710655810379343
224.5,2.47031149312295,0.1373320865034981,-4.745571343477643
224.51,2.47167787459244,0.1359422358618338,-4.788057884286263
224.52,2.47303029884424,0.13454067403967004,-4.80764211996724
224.53,2.47436864923558,0.13312745947200444,-4.829798776812886
224.54,2.47569280938331,0.13170264756207825,-4.84545202674823
224.55,2.47700266376836,0.13026631864914892,-4.876964006018208
224.56,2.47829809739903,0.12881847963867415,-4.902459327926405
224.57,2.47957899512344,0.12735916268085865,-4.920742303720932
224.58,2.48084524266731,0.12588844085830905,-4.9226909182148235
224.59,2.4820967263929,0.1244064654156533,-4.943139461840892
224.6,2.48333333465171,0.12291329744007115,-4.971745596865623
224.61,2.48455495514876,0.12140895793949133,-4.977083304367866
224.62,2.48576147702138,0.11989358072510559,-4.986592230522422
224.63,2.48695279039752,0.11836729004475559,-4.987881453140618
224.64,2.48812878695478,0.11683024767432659,-5.004130762964335
224.65,2.48928935981059,0.11528254087673404,-5.016437465257751
224.66,2.49043440260502,0.11372427605767696,-5.019813813893814
224.67,2.49156381069423,0.11215561279815564,-5.013197866071408
224.68,2.49267748089698,0.11057676757938081,-5.018141182261247
224.69,2.49377531261049,0.10898789573308884,-5.030052839227295
224.7,2.49485720582557,0.10738911702652029,-5.025455910787624
224.71,2.49592306263498,0.10578064224466092,-5.02375104285878
224.72,2.49697278704972,0.10416267759692326,-5.0163062340260405
224.73,2.49800628533433,0.1025354623234831,-5.01773733658617
224.74,2.49902346610874,0.10089918918450014,-5.017658324664574
224.75,2.50002423962832,0.09925406268858443,-5.01075001823726
224.76,2.5010085186995,0.09760033403881652,-5.001624185894167
224.77,2.50197621853778,0.09593827563790791,-4.995759931468595
224.78,2.50292725729976,0.09426814452509666,-4.992875784348212
224.79,2.50386155535385,0.09259018558736751,-4.983868154797903
224.8,2.50477903588505,0.09090468727072458,-4.975833851802775
224.81,2.50567962494962,0.08921194199515611,-4.966570215452811
224.82,2.50656325159343,0.08751225702292217,-4.958811659405689
224.83,2.50742984798147,0.08580593788608168,-4.950902608376811
224.84,2.5082793492971,0.08409329970797316,-4.941093508937896
224.85,2.50911169403265,0.08237467883433307,-4.933792838709408
224.86,2.50992682403791,0.08065040469701357,-4.925444393824371
224.87,2.51072468444783,0.0789208239990069,-4.915715880358546
224.88,2.5115052240549,0.07718630422413794,-4.9074824122555505
224.89,2.51226839528869,0.07544721253207969,-4.902708664761757
224.9,2.51301415425789,0.07370390189326281,-4.894885307081679
224.91,2.5137424605679,0.07195676065056741,-4.885853119039852
224.92,2.51445327806139,0.0702061992839879,-4.881817716694369
224.93,2.51514657443862,0.06845260271417519,-4.878894125861356
224.94,2.51582232130957,0.06669635937493294,-4.873354330530046
224.95,2.51648049422764,0.0649378946909159,-4.867883015932608
224.96,2.51712107324856,0.06317764812472002,-4.86920139091501
224.97,2.51774404258763,0.061416017648748454,-4.8694283390987625
224.98,2.51834939041452,0.05965342577175514,-4.867218665354978
224.99,2.51893710943747,0.057890335176580265,-4.867624513954453
225.0,2.51950719695467,0.05612720198056772,-4.876342493198678
225.01,2.52005965468764,0.05436442416459168,-4.880295025550959
225.02,2.52059448817821,0.05260246368683127,-4.882562475229597
225.03,2.52111170832604,0.050841819787102636,-4.893282480395663
225.04,2.52161133041945,0.04908293119435155,-4.907182787312648
225.05,2.52209337424311,0.047326222928822936,-4.917791546906053
225.06,2.52255786377145,0.04557217998391039,-4.928526053954975
225.07,2.52300482839058,0.04382131051560527,-4.948925615941103
225.08,2.52343430200114,0.04207404489626754,-4.969858815134795
225.09,2.52384632281876,0.040330831188162275,-4.988654864172533
225.1,2.52424093380934,0.03859217379642196,-5.01039325447761
225.11,2.5246181831136,0.036858572807996204,-5.04243369695723
225.12,2.52497812350429,0.035130435317176634,-5.071561143811497
225.13,2.5253208116414,0.03340823802534162,-5.099979058731069
225.14,2.52564630979368,0.03169250662301559,-5.135536601058262
225.15,2.52595468486568,0.029983712714010125,-5.179704138281626
225.16,2.52624600850377,0.02828224428816547,-5.2207695402745085
225.17,2.52652035579644,0.026588582513675796,-5.261530843889201
225.18,2.52677780792518,0.024903264310005557,-5.312343035315935
225.19,2.52701845033532,0.02322672922981569,-5.369453540383154
225.2,2.52724237309761,0.021559359473662575,-5.425386383676735
225.21,2.5274496696683,0.019901627101570618,-5.4827049380705715
225.22,2.52764043945218,0.018254051464568676,-5.549920237256742
225.23,2.52781478591969,0.01661704817127093,-5.622672002720795
225.24,2.52797281693298,0.014990990160324014,-5.696497508213341
225.25,2.52811464373415,0.013376331347092485,-5.773621033704509
225.26,2.52824038314862,0.011773561633917259,-5.859881173870161
225.27,2.52835015588316,0.01018307159691793,-5.951729895684776
225.28,2.52844408672899,0.008605217143087263,-6.046955365276104
225.29,2.52852230378548,0.0070404277867160605,-6.14740411072503
225.3,2.52858494031001,0.005489157970247257,-6.2563671997758075
225.31,2.52863213319691,0.003951767566016488,-6.371376623570417
225.32,2.528664023064,0.0024285900792767974,-6.492311340774948
225.33,2.52868075370948,0.0009200245534191076,-6.62040685989702
225.34,2.52868247360106,-0.0005735159727534208,-6.756547135878588
225.35,2.52866933454698,-0.002051706678773968,-6.899734910996755
225.36,2.52864149168073,-0.0035142399376778917,-7.05164753617098
225.37,2.52859910314829,-0.004960753146569334,-7.212637052268167
225.38,2.52854233120406,-0.006390880457348333,-7.381504756878374
225.39,2.52847134111121,-0.0078043343581524205,-7.559122622452355
225.4,2.52838630103897,-0.009200836607074308,-7.748399334983515
225.41,2.52828738195055,-0.010580066188274156,-7.948620216787318
225.42,2.52817475831163,-0.011941708277999712,-8.157142583097205
225.43,2.52804860723508,-0.013285514219404012,-8.376815118740552
225.44,2.52790910830857,-0.014611239198181192,-8.611147546069375
225.45,2.5277564436324,-0.015918607652976036,-8.858280062178059
225.46,2.52759079819397,-0.01720735752849256,-9.114954435522694
225.47,2.52741235923664,-0.018477280237424086,-9.385812787022866
225.48,2.52722131604591,-0.019728167919341733,-9.674311619759353
225.49,2.52701786007641,-0.02095979342251845,-9.977517936720682
225.5,2.52680218506245,-0.022171947973992356,-10.292618874213977
225.51,2.52657448657966,-0.023364463071584574,-10.62537950548414
225.52,2.52633496182879,-0.02453717040210209,-10.978479806544598
225.53,2.52608380977572,-0.025689893571086607,-11.348407785495704
225.54,2.52582123107918,-0.02682247638984281,-11.734094159663622
225.55,2.52554742781131,-0.02793478924984309,-12.140789257234974
225.56,2.52526260328029,-0.029026705535480556,-12.56990266323877
225.57,2.52496696209458,-0.030098100950652167,-13.018539414703925
225.58,2.5246607100096,-0.03114886959633134,-13.488407160616473
225.59,2.52434405375987,-0.0321789194567416,-13.981585153796287
225.6,2.52401720095417,-0.03318816740984406,-14.498365866020333
225.61,2.52368035998595,-0.03417654106183295,-15.038230185087226
225.62,2.52333373990742,-0.03514398150467798,-15.606261220564582
225.63,2.52297755031329,-0.03609043253641383,-16.199379900943995
225.64,2.52261200135345,-0.03701585130208389,-16.81345633974557
225.65,2.52223730345856,-0.03792021751973795,-17.45597162266891
225.66,2.52185366722583,-0.03880351639134287,-18.130076589722975
225.67,2.5214613033947,-0.039665734202583756,-18.83212885799524
225.68,2.52106042280953,-0.04050686812658115,-19.553128829143457
225.69,2.52065123623247,-0.04132694045690204,-20.300609209373544
225.7,2.52023395410318,-0.042125982940917815,-21.086802219621326
225.71,2.51980878659873,-0.042904018004767216,-21.915339124302896
225.72,2.51937594369252,-0.04366106115073487,-22.736595390298618
225.73,2.51893563510776,-0.044397182636553754,-23.577786687340026
225.74,2.51848806951351,-0.04511246558092097,-24.47360680823146
225.75,2.51803345508304,-0.04580696350192278,-25.41779624182406
225.76,2.51757199936447,-0.04648071703225269,-26.332379311196572
225.77,2.51710390953567,-0.04713382931902007,-27.24778844003609
225.78,2.51662939117842,-0.04776642600991717,-28.22936573875028
225.79,2.51614864911292,-0.04837859346474849,-29.23892928126867
225.8,2.51566188710366,-0.04897041676500402,-30.217049692712674
225.81,2.51516930815336,-0.049542024054397935,-31.17810075821177
225.82,2.51467111351374,-0.05009356675089357,-32.17103854429441
225.83,2.51416750328009,-0.05062517619076612,-33.25519935014669
225.84,2.51365867612761,-0.05113693475906993,-34.22884491735906
225.85,2.51314483020721,-0.051629000686063506,-35.11893824695444
225.86,2.51262616110179,-0.052101577795837795,-36.11133827636296
225.87,2.51210286315586,-0.05255480468878323,-37.10159909689543
225.88,2.51157512905231,-0.05298881448659125,-38.032772142257485
225.89,2.51104315037402,-0.053403766331250324,-38.84414531067427
225.9,2.51050711658546,-0.05379986454039365,-39.70757731819322
225.91,2.50996721538081,-0.054177274234149905,-40.55173350395849
225.92,2.50942363285148,-0.05453615425407381,-41.27540113594542
225.93,2.50887655341028,-0.05487669871091135,-41.935229125697084
225.94,2.50832615933171,-0.05519910850735703,-42.58531888076495
225.95,2.50777263106796,-0.05550356805141081,-43.13629241482249
225.96,2.5072161471338,-0.05579027767004252,-43.61116785489101
225.97,2.50665688399317,-0.05605944361077124,-44.02472875754738
225.98,2.5060950160538,-0.05631127099826235,-44.355531710113645
225.99,2.50553071566125,-0.05654597059526016,-44.58309768457877
226.0,2.50496415299823,-0.056763764114768175,-44.741000430818666
226.01,2.50439549602004,-0.05696486960290459,-44.95936902840382
226.02,2.50382491061789,-0.05714946514500848,-44.942023299411694
226.03,2.50325256097088,-0.05731778189110119,-44.75010469524497
226.04,2.50267860842235,-0.05747007833490174,-44.85403114211681
226.05,2.50210321228265,-0.05760650447448705,-44.68535970416015
226.06,2.50152653051224,-0.057727270916178394,-44.30389612305759
226.07,2.50094871822694,-0.05783263361419285,-44.03367322652358
226.08,2.50036992848661,-0.05792280040140356,-43.61660659267554
226.09,2.49979031211131,-0.057998001025797816,-43.203596344773665
226.1,2.49921001763537,-0.05805844916016989,-42.78458712156896
226.11,2.49862919154012,-0.0581043558202025,-41.739416535813454
226.12,2.49804797781631,-0.05813609024150068,-41.17761105736028
226.13,2.49746651625725,-0.05815387586151448,-40.74469271349089
226.14,2.49688494620139,-0.058157884176331574,-39.90720440660114
226.15,2.49630340372414,-0.05814837335289906,-40.000267804001574
226.16,2.49572202365259,-0.05812535149659256,-38.966223076735425
226.17,2.4951409406692,-0.05808913116624644,-37.82800005320679
226.18,2.49456028394146,-0.05804005853216054,-37.35471914991366
226.19,2.49398018177505,-0.05797829241992458,-36.400610450376256
226.2,2.49340075952325,-0.057904108202770185,-35.81936317666085
226.21,2.49282214041391,-0.05781767987623014,-35.104857168228996
226.22,2.49224444603667,-0.057719213900682874,-34.277402121223155
226.23,2.49166779546756,-0.05760895046925304,-33.53048614975518
226.24,2.49109230562053,-0.0574871086956789,-32.76221877174454
226.25,2.4905180911411,-0.05735391306291859,-32.01796965491786
226.26,2.48994526446847,-0.057209583412376475,-31.238737231318446
226.27,2.48937393581863,-0.057054351349572485,-30.50657427877541
226.28,2.48880421305026,-0.0568884373005174,-29.78320059504686
226.29,2.48823620195737,-0.05671206029743322,-29.095652713027892
226.3,2.48767000605445,-0.056525426866664105,-28.625526240430943
226.31,2.48710572708784,-0.05632868227267348,-27.86849812723934
226.32,2.48654346531802,-0.05612206370689451,-27.118865073466225
226.33,2.48598331793865,-0.05590581370365315,-26.550937287619863
226.34,2.48542538050576,-0.05568012236509823,-25.878258138136
226.35,2.4848697462342,-0.05544521250167393,-25.34522591229364
226.36,2.48431650636623,-0.055201268290346515,-24.744722882373168
226.37,2.48376575032261,-0.054948494410000936,-24.34123463173321
226.38,2.48321756540788,-0.05468703610448378,-23.817576213625944
226.39,2.4826720378966,-0.05441708355114298,-23.17015155409773
226.4,2.48212925129069,-0.05413887317633852,-22.785864026485772
226.41,2.48158928741123,-0.053852561380007824,-22.17646409858114
226.42,2.48105222630608,-0.053558381761339056,-21.70419850686469
226.43,2.48051814538532,-0.053256525233909745,-21.37733847991808
226.44,2.47998712089477,-0.05294713446032384,-20.8847962023922
226.45,2.47945922714882,-0.05263041170402438,-20.51797825240021
226.46,2.47893453654932,-0.05230652132160637,-20.13284660438672
226.47,2.4784131200262,-0.05197563748441751,-19.7041703466779
226.48,2.4778950464724,-0.051637954746900736,-19.334753076722205
226.49,2.47738038303159,-0.051293647466932324,-19.087131098107808
226.5,2.47686919516207,-0.05094284561910264,-18.787088178098855
226.51,2.47636154723959,-0.050585702954734454,-18.39446744550249
226.52,2.47585750161069,-0.050222412792514756,-18.132384777479306
226.53,2.47535711897512,-0.04985312358957161,-17.824455633609244
226.54,2.47486045858141,-0.04947800251932829,-17.536234550016044
226.55,2.4743675778361,-0.04909721144215433,-17.324146935608884
226.56,2.47387853280085,-0.04871088421374292,-17.084180211129027
226.57,2.4733933781037,-0.04831916877893565,-16.80257693214618
226.58,2.47291216682786,-0.04792223429233393,-16.558301781553286
226.59,2.47243495030565,-0.04752023679080638,-16.3816823767881
226.6,2.47196177853153,-0.04711330604398878,-16.16521135517156
226.61,2.47149270014796,-0.0467015886865078,-16.001311755746126
226.62,2.47102776229162,-0.04628521152541717,-15.85320400877023
226.63,2.47056701102875,-0.04586429747791554,-15.639154168439244
226.64,2.4701104909609,-0.04543900003381637,-15.474135078619737
226.65,2.46965824519955,-0.04500945386157751,-15.355700606361482
226.66,2.46921031566208,-0.044575773609600855,-15.225893770234634
226.67,2.46876674310158,-0.044138080254307877,-15.084951986089441
226.68,2.46832756701029,-0.04369650194564478,-14.966848570400295
226.69,2.46789282561575,-0.04325115816385949,-14.875345193958013
226.7,2.46746255600892,-0.04280216056042526,-14.67496909745296
226.71,2.46703679407028,-0.04234967047367366,-14.607318004323677
226.72,2.46661557391378,-0.041893789066997186,-14.590054590138509
226.73,2.46619892931147,-0.04143459456484126,-14.455145510393248
226.74,2.46578689262648,-0.04097222074314807,-14.375513183042651
226.75,2.46537949511966,-0.040506780405672835,-14.293315042130414
226.76,2.46497676686848,-0.04003838681250205,-14.242908898299634
226.77,2.46457873689615,-0.03956713922006102,-14.188112225286691
226.78,2.4641854332559,-0.03909314003158748,-14.118905937239226
226.79,2.46379688292543,-0.038616497331752285,-14.1548123479798
226.8,2.46341311190651,-0.03813727010435475,-14.099462117795337
226.81,2.46303414578084,-0.03765556362967567,-14.013016032447918
226.82,2.4626600085117,-0.03717149999539575,-14.040365394561446
226.83,2.46229072340251,-0.03668514694799378,-14.005118936805733
226.84,2.46192631287932,-0.03619660217768865,-13.977464737186013
226.85,2.46156679835556,-0.03570596131030983,-13.995555398898926
226.86,2.46121220039742,-0.035213296851336714,-14.005488469942238
226.87,2.46086253890455,-0.03471868533335698,-14.02211690997426
226.88,2.4605178328934,-0.03422220561584144,-13.908615325666178
226.89,2.4601781005634,-0.03372400449747441,-13.949806048407224
226.9,2.45984335834212,-0.033224146422320786,-14.060985591920899
226.91,2.45951362303401,-0.032722658933026505,-14.004886793303836
226.92,2.45918891022896,-0.032219657101336306,-14.053645603747215
226.93,2.45886923473008,-0.03171520459330409,-14.107401020188988
226.94,2.45855461076284,-0.0312093612370686,-14.115200333929529
226.95,2.45824505185625,-0.030702213544168504,-14.141524651799877
226.96,2.45794057058677,-0.030193839773928755,-14.17376853231246
226.97,2.45764117894682,-0.029684309680907038,-14.360486452163457
226.98,2.45734688826027,-0.02917360770001709,-14.378318350929748
226.99,2.45705771040596,-0.02866181699341016,-14.32929059994117
227.0,2.45677365518389,-0.02814906014948863,-14.477079159937306
227.01,2.45649473237499,-0.027635347642085417,-14.592972720779986
227.02,2.45622095123045,-0.027120713770352932,-14.384429062147255
227.03,2.45595232049549,-0.02660538535341021,-14.507321620754691
227.04,2.45568884580033,-0.026089387760526904,-14.815827931445014
227.05,2.45543053517644,-0.025572633507083463,-14.741979852034435
227.06,2.45517739520931,-0.025055262739581696,-14.791548549482302
227.07,2.45492943178818,-0.024537347384997098,-15.04158483313882
227.08,2.454686650223,-0.0240188299492942,-15.116168447387329
227.09,2.45444905697216,-0.023499766869006233,-15.054724126789903
227.1,2.45421665627507,-0.022980303344507146,-15.222536984571509
227.11,2.45398945222902,-0.02246044057824248,-15.36126443868315
227.12,2.45376744867922,-0.0219401972963366,-15.299650705153603
227.13,2.45355064907475,-0.021419729007410293,-15.385673569313289
227.14,2.45333905471647,-0.020899089561236355,-15.638229893694453
227.15,2.45313266800791,-0.020378217426364476,-15.686526791913476
227.16,2.45293149089185,-0.019857188172397087,-15.748959408702447
227.17,2.45273552456895,-0.019336072679398963,-15.939930971036219
227.18,2.45254476978548,-0.01881484745709002,-16.06877291748778
227.19,2.45235922787848,-0.018293535004987316,-16.092116004398605
227.2,2.45217889906294,-0.017772237888188012,-16.221165823617355
227.21,2.45200378298923,-0.017250982300772343,-16.359761441192333
227.22,2.45183387921806,-0.016729782849718898,-16.458216086976115
227.23,2.45166918699553,-0.016208685486244583,-16.569164584521108
227.24,2.45150970505531,-0.01568772671208437,-16.705236463768465
227.25,2.45135543194558,-0.015166921342320746,-16.82395499055729
227.26,2.45120636602391,-0.014646296754857365,-16.95248492861972
227.27,2.45106250530541,-0.01412587573255871,-17.01216043020388
227.28,2.45092384754453,-0.013605746280827743,-17.08129721186038
227.29,2.45079038919845,-0.013085985898667978,-17.27718415947615
227.3,2.45066212672193,-0.01256655047659668,-17.405597036558436
227.31,2.45053905703245,-0.012047455446192087,-17.479321772176558
227.32,2.45042117627372,-0.011528771483989194,-17.63075538871645
227.33,2.45030848026631,-0.011010488947671426,-17.783463751119942
227.34,2.45020096517089,-0.010492592610067408,-17.85431346635198
227.35,2.45009862688353,-0.009975158858610556,-17.955266436739965
227.36,2.45000146032469,-0.009458232178257328,-18.094362773236877
227.37,2.44990946055974,-0.008941807743256813,-18.209683412909637
227.38,2.44982262244196,-0.008425902336258359,-18.331701358594984
227.39,2.44974094075088,-0.007910523139505651,-18.436596538991083
227.4,2.44966441013416,-0.007395698070759386,-18.543231313032052
227.41,2.44959302487408,-0.006881449521722871,-18.661567759074558
227.42,2.44952677919605,-0.006367778852730174,-18.751114660392886
227.43,2.44946566718861,-0.00585473639208208,-18.815983471745625
227.44,2.44940968211273,-0.005342418952695531,-18.954962785407304
227.45,2.44935881657457,-0.004830770181163402,-19.07630731235741
227.46,2.44931306455805,-0.004319753835820469,-19.14609066925518
227.47,2.44927241917291,-0.0038094408956782884,-19.24422789659084
227.48,2.44923687335975,-0.0032998395317377733,-19.32870937351501
227.49,2.44920641989565,-0.0027909857473177686,-19.414442484656057
227.5,2.44918105108378,-0.002282904013576707,-19.50421071286999
227.51,2.44916075925483,-0.0017755879456145727,-19.584215591284796
227.52,2.44914553671482,-0.0012690537686784373,-19.66010583544961
227.53,2.44913537549744,-0.0007633251706606892,-19.733926828617594
227.54,2.4491302674769,-0.00025842738834806295,-19.803889573178942
227.55,2.44913020437195,0.00024570912500558134,-19.866993154629743
227.56,2.4491351789975,0.0007490534271107723,-19.928953336025796
227.57,2.44914518256724,0.0012515225175831666,-19.983051598721232
227.58,2.44916020662797,0.001753149011581486,-20.033147435364935
227.59,2.4491802427136,0.0022539275817375546,-20.07767100709927
227.6,2.44920528228699,0.002753846954658042,-20.144052976821527
227.61,2.44923531652959,0.0032528142651829426,-20.171252084622868
227.62,2.44927033552133,0.0037508632898345757,-20.18387880202726
227.63,2.4493103308765,0.004248050241425124,-20.230496883305037
227.64,2.44935529346749,0.004744314187673146,-20.252783406376373
227.65,2.4494052140699,0.00523964893247945,-20.2658305781628
227.66,2.44946008336601,0.005734058611920704,-20.264387640969424
227.67,2.44951989219276,0.006227558965325268,-20.284212434019903
227.68,2.44958463141694,0.006720119751753758,-20.293895777354873
227.69,2.4496542914015,0.007211720836086677,-20.279141965967526
227.7,2.44972886266572,0.0077023731784938345,-20.261887474532614
227.71,2.44980833568267,0.0081920776634196,-20.288016379595753
227.72,2.44989270088488,0.008680777062430867,-20.283391723781772
227.73,2.44998194783517,0.009168451141420658,-20.210814891091623
227.74,2.45007606663823,0.009655151514172585,-20.188886431422674
227.75,2.4501750475725,0.010140866054149841,-20.169985881575002
227.76,2.45027888060182,0.01062557131790894,-20.14853063603042
227.77,2.45038755561739,0.011109251102855064,-20.005010530728093
227.78,2.4505010624392,0.011591988975571493,-19.98081183331799
227.79,2.4506193921392,0.01207375544349428,-20.00759193289468
227.8,2.45074253409923,0.012554472963018556,-19.88263852270513
227.81,2.45087047824441,0.013034188788914788,-19.813671048249017
227.82,2.45100321452532,0.013512903007362187,-19.739924725538582
227.83,2.45114073289325,0.013990604817404328,-19.821629134519053
227.84,2.45128302292907,0.014467177962466476,-19.657159235437966
227.85,2.45143007289632,0.014942681121843382,-19.455724731970946
227.86,2.45158187319438,0.015417195492587837,-19.475804383023178
227.87,2.45173841328111,0.015890645058599016,-19.390755188267395
227.88,2.45189968254828,0.01636302166049634,-19.216305844472
227.89,2.45206567032049,0.016834378147837874,-18.97498907104157
227.9,2.45223636691016,0.01730479547233562,-19.01781345491635
227.91,2.45241176279841,0.01777417801047676,-18.97225539413376
227.92,2.45259184691496,0.018242480627428392,-18.748483446798154
227.93,2.45277660899763,0.018709765549599727,-18.59347433699576
227.94,2.45296603882863,0.019176046423833675,-18.666922841442585
227.95,2.45316012624182,0.019641209851894992,-18.57370382669829
227.96,2.45335885929762,0.020105237905831963,-18.219184880332186
227.97,2.45356222756732,0.02056825267891712,-18.139104095419682
227.98,2.45377022088393,0.02103022975210219,-18.05540726079836
227.99,2.45398282861083,0.021491137727251235,-17.933105517161597
228.0,2.45420004007545,0.021950969655570862,-17.677235450136486
228.01,2.45442184457221,0.022409781290855246,-17.57547055937995
228.02,2.4546482322163,0.022867550853589158,-17.52633114150805
228.03,2.45487919198273,0.023324228989751727,-17.30352114212576
228.04,2.45511471325718,0.02377984890265713,-17.16731298110652
228.05,2.45535478542048,0.02423440556515999,-17.00839550135208
228.06,2.45559939784998,0.024687903664577515,-16.779298897884736
228.07,2.45584854005731,0.025140377020686316,-16.662077469421373
228.08,2.45610220191207,0.02559180746792104,-16.550544149326587
228.09,2.45636037267472,0.0260421729800601,-16.33807405458443
228.1,2.45662304189311,0.026491497014987285,-16.16352696761129
228.11,2.45689019914802,0.0269397851780299,-16.056248423307398
228.12,2.45716183405667,0.027387010951181644,-15.96015755262054
228.13,2.45743793576184,0.02783314596206769,-15.687356337299551
228.14,2.45771849348953,0.028278238412227097,-15.48814076778702
228.15,2.45800349709545,0.02872230561232018,-15.37858082019319
228.16,2.45829293611608,0.029165324329483155,-15.199192610203804
228.17,2.45858680010076,0.029607299062909636,-15.034693589181797
228.18,2.45888507861247,0.030048229049091844,-14.88864486657113
228.19,2.45918776117902,0.030488106314337703,-14.704263716013386
228.2,2.45949483725627,0.030926938803584512,-14.520864798022252
228.21,2.45980629649344,0.031364734322247845,-14.368486820780312
228.22,2.4601221284714,0.03180148778768229,-14.198856776651596
228.23,2.46044232278139,0.03223720060416824,-14.040994528442925
228.24,2.46076686902535,0.03267187231016748,-13.792508478207553
228.25,2.46109575685254,0.03310553704902371,-13.660154257881738
228.26,2.46142897636338,0.0335381823430773,-13.554622514898064
228.27,2.46176651703975,0.03396978433206262,-13.333281723115704
228.28,2.46210836864186,0.034400365924761964,-13.173364050122169
228.29,2.46245452096053,0.03482992817699371,-12.99371077997182
228.3,2.46280496381865,0.035258477255569375,-12.883842942504687
228.31,2.46315968707283,0.03568599320766068,-12.707596223851457
228.32,2.46351868026959,0.03611248309017453,-12.490586606483632
228.33,2.46388193338313,0.03653797116582129,-12.355938362742519
228.34,2.46424943633023,0.03696244974123279,-12.196004499727529
228.35,2.46462117901805,0.0373859200418288,-12.029109352126888
228.36,2.46499715138,0.037808386399755076,-11.894734020366528
228.37,2.46537734337627,0.038229840969324545,-11.746981021090752
228.38,2.46576174482802,0.03865028214949939,-11.559763911529531
228.39,2.46615034568589,0.03906972474969628,-11.406971791285876
228.4,2.46654313599902,0.039488170811582034,-11.26444765200568
228.41,2.46694010577431,0.03990561801815451,-11.115214515674245
228.42,2.46734124503799,0.04032206769267743,-10.949735741393642
228.43,2.46774654383547,0.04073752909859267,-10.768985224576632
228.44,2.46815599236518,0.04115201718357664,-10.654781026453993
228.45,2.4685695809,0.041565520889682205,-10.525414445018212
228.46,2.4689872994922,0.04197803526156951,-10.355881381733743
228.47,2.46940913834487,0.042389572512343175,-10.214597875978633
228.48,2.46983508769275,0.04280013499126471,-10.071480480115117
228.49,2.47026513780292,0.0432097254316699,-9.943096959622466
228.5,2.47069927895765,0.0436183417300821,-9.795094444494676
228.51,2.47113750141227,0.044025990322667706,-9.646975974001132
228.52,2.47157979555994,0.04443267854374507,-9.519107635951912
228.53,2.47202615178252,0.04483840620751467,-9.382920452760166
228.54,2.4724765604944,0.04524317698034371,-9.237945626958616
228.55,2.47293101214305,0.045646997116085185,-9.170632508144573
228.56,2.47338949720654,0.04604984365140785,-9.010891052021096
228.57,2.47385200582571,0.04645173183058423,-8.830296107933163
228.58,2.47431852871751,0.046852686885578976,-8.748400312265444
228.59,2.47478905641114,0.04725269445849205,-8.61705114318941
228.6,2.47526357946371,0.0476517591394184,-8.494656362213718
228.61,2.47574208846029,0.04804988372768548,-8.373713186691601
228.62,2.47622457401398,0.04844707099664891,-8.253780750868248
228.63,2.47671102676598,0.04884332399231658,-8.135304224269966
228.64,2.47720143738963,0.04923864581074152,-8.020074257728385
228.65,2.47769579658641,0.04963303886294328,-7.905770605063907
228.66,2.47819409508013,0.05002650583559125,-7.792143304020374
228.67,2.47869632362643,0.05041904982722538,-7.680785044762156
228.68,2.47920247300952,0.05081067367109412,-7.570794410983799
228.69,2.47971253404226,0.05120138023624321,-7.4645460534907375
228.7,2.48022649756624,0.05159117181734082,-7.346497748452002
228.71,2.48074435445184,0.05198005616593079,-7.245485642710973
228.72,2.48126609566808,0.052368034368011074,-7.151256744540202
228.73,2.48179171211707,0.052755105093904575,-7.041709813202435
228.74,2.48232119476392,0.05314127427726486,-6.941373524042906
228.75,2.48285453460729,0.053526544884985316,-6.841974137470447
228.76,2.48339172267657,0.05391091997492733,-6.74183573807231
228.77,2.48393275003207,0.054294403286092585,-6.653269257726499
228.78,2.48447760776517,0.05467699370634849,-6.574843862996102
228.79,2.48502628692176,0.055058686831936196,-6.461372919976041
228.8,2.48557877854933,0.05543949467408105,-6.359660903644554
228.81,2.48613507388552,0.05581942495606803,-6.283114502080964
228.82,2.48669516411436,0.05619847433607402,-6.191827012848345
228.83,2.48725904044727,0.05657664622626957,-6.104398914431233
228.84,2.487826694123,0.05695394335260007,-6.01747870520305
228.85,2.48839811640749,0.05733036864666123,-5.936432298621935
228.86,2.48897329859381,0.05770592303010099,-5.851808590311804
228.87,2.48955223197615,0.058080609691494686,-5.766121752262785
228.88,2.49013490790867,0.05845443296491985,-5.687390090053734
228.89,2.49072131776339,0.0588273945534142,-5.607844000351042
228.9,2.49131145293594,0.05919949698340495,-5.529432189954737
228.91,2.4919053048479,0.05957074286799443,-5.453124151658902
228.92,2.49250286494674,0.05994113451994003,-5.374607187897765
228.93,2.49310412470563,0.060310676124086804,-5.290906009447636
228.94,2.49370907565539,0.060679374610739245,-5.226173656374997
228.95,2.49431770938221,0.061047228274998165,-5.159503582608376
228.96,2.49493001740609,0.06141423672025489,-5.080965409954112
228.97,2.49554599131823,0.061780406016176403,-5.011789622748646
228.98,2.49616562273712,0.06214573852392954,-4.942601840155458
228.99,2.49678890330851,0.06251023697233146,-4.871684568676371
229.0,2.49741582470546,0.06287390498798118,-4.818955762145588
229.01,2.49804637862827,0.06323673795684363,-4.750425740179967
229.02,2.49868055669664,0.06359873980424184,-4.671367741245651
229.03,2.49931835068313,0.06395992050081493,-4.614552796663333
229.04,2.49995975236783,0.0643202794092727,-4.553247940058674
229.05,2.50060475353769,0.06467981808609968,-4.491308335094473
229.06,2.50125334600401,0.06503853910332,-4.430377771975206
229.07,2.50190552160224,0.06539644501583435,-4.371816522355832
229.08,2.50256127219183,0.06575353742650134,-4.319536927724796
229.09,2.50322058963835,0.06610981537684321,-4.2564491073578745
229.1,2.50388346580171,0.06646528407066774,-4.195366762949861
229.11,2.50454989263606,0.06681994825680956,-4.144584515464401
229.12,2.50521986208503,0.06717380763049027,-4.089011164889296
229.13,2.50589336611409,0.067526864634182,-4.035131361337018
229.14,2.50657039671029,0.06787912141471564,-3.9830432762966432
229.15,2.50725094588204,0.06823057975016515,-3.9272176101341363
229.16,2.50793500565886,0.06858124407161936,-3.8691869229292735
229.17,2.50862256813263,0.0689311201595951,-3.8273546144692125
229.18,2.50931362542642,0.06928020528224425,-3.781357539628948
229.19,2.51000816960337,0.06962849925089185,-3.7264741402960246
229.2,2.51070619279091,0.06997600741515861,-3.679153340847573
229.21,2.51140768713844,0.07032273161134232,-3.6315921379531133
229.22,2.51211264481716,0.07066867401673838,-3.5840910161957225
229.23,2.51282105802001,0.07101383706660618,-3.5413457943573707
229.24,2.51353291896146,0.07135822088068326,-3.498166352349076
229.25,2.51424821984485,0.07170182635775439,-3.448434962383957
229.26,2.5149669529102,0.07204465861014495,-3.404151061311289
229.27,2.515689110447,0.07238672009427147,-3.3634198404104247
229.28,2.51641468474544,0.07272801142767331,-3.3206157795883007
229.29,2.51714366811546,0.0730685347365793,-3.2789947948535
229.3,2.51787605288656,0.07340829196513059,-3.2366476863376072
229.31,2.51861183140757,0.0737472855556883,-3.2028695057843484
229.32,2.5193509960465,0.07408551332351114,-3.16377771452845
229.33,2.5200935391283,0.07442297674656873,-3.1168561857066477
229.34,2.52083945305358,0.07475968247449746,-3.080299975821673
229.35,2.52158873025462,0.07509563137851893,-3.0446187325406577
229.36,2.52234136316012,0.07543082380908248,-3.007137436358353
229.37,2.5230973442152,0.07576526156406842,-2.970620653904729
229.38,2.52385666588113,0.07609894624260502,-2.936192593943702
229.39,2.52461932063501,0.07643187882174773,-2.893212064011992
229.4,2.52538530096949,0.07676406570415277,-2.8601708639026002
229.41,2.52615459946347,0.07709550735740534,-2.8334073725650364
229.42,2.52692720862431,0.07742620049533411,-2.7957020799189722
229.43,2.52770312099068,0.07775614895365232,-2.7619066083488892
229.44,2.52848232912773,0.07808535480692269,-2.729319346611101
229.45,2.52926482561639,0.0784138195353316,-2.6970653511078715
229.46,2.53005060305316,0.078741544684006,-2.665042823444253
229.47,2.53083965404988,0.07906853189132423,-2.63523252912795
229.48,2.53163197123357,0.07939478171568408,-2.603831209257252
229.49,2.53242754723271,0.07972029604824682,-2.572327950051027
229.5,2.53322637470992,0.08004507716549518,-2.5434928277588322
229.51,2.53402844633489,0.08036912588690696,-2.514024862160896
229.52,2.53483375479115,0.08069244365690084,-2.4851427760301403
229.53,2.53564229277612,0.08101503185825958,-2.456617395961692
229.54,2.53645405300093,0.08133689191608395,-2.427876037852652
229.55,2.53726902819014,0.08165802528768604,-2.4086440689703554
229.56,2.53808721107338,0.0819784276133051,-2.376773861227754
229.57,2.5389085943212,0.08229810340541674,-2.343597374520133
229.58,2.53973317073581,0.08261705850167722,-2.3233925736098504
229.59,2.54056093308093,0.08293529009915461,-2.2966967705025474
229.6,2.54139187413102,0.08325279967001202,-2.271398741319882
229.61,2.54222598667098,0.08356958824102072,-2.246634541566284
229.62,2.54306326349581,0.0838856567151695,-2.2217582029557574
229.63,2.54390369741033,0.08420100648689847,-2.193813547527669
229.64,2.54474728124,0.08451564117425056,-2.173016124724244
229.65,2.54559400784607,0.08482955954040769,-2.152310912994587
229.66,2.54644387004082,0.08514276042601207,-2.126262996456122
229.67,2.54729686067204,0.08545524676843996,-2.1039607845361177
229.68,2.54815297259664,0.08576701925098185,-2.081508357421463
229.69,2.54901219868042,0.08607807874591775,-2.0594064100899367
229.7,2.54987453179774,0.08638842609940782,-2.0379281665649756
229.71,2.55073996483133,0.0866980620010116,-2.0149809444046323
229.72,2.55160849067199,0.08700698837285822,-1.9945938026322165
229.73,2.5524801022343,0.08731520545681346,-1.9750695697413188
229.74,2.55335479241676,0.08762271303507005,-1.9535270051503153
229.75,2.55423255413467,0.08792951259519732,-1.9335050619596283
229.76,2.55511338031074,0.0882356047833229,-1.9136222692427223
229.77,2.55599726387472,0.08854099029079003,-1.894085922519965
229.78,2.55688419776316,0.08884566978358081,-1.8738985184966994
229.79,2.55777417491913,0.08914964436183374,-1.8595361988801353
229.8,2.55866718829199,0.0894529109559968,-1.8408268508439394
229.81,2.55956323078194,0.08975547015318183,-1.8170914008824082
229.82,2.56046229535092,0.09005732672533462,-1.8006017971885804
229.83,2.56136437497219,0.09035848008368912,-1.7839818268587129
229.84,2.56226946260695,0.09065892962007993,-1.7662361462530358
229.85,2.56317755122014,0.09095867582633958,-1.7490174927688438
229.86,2.56408863378011,0.09125771902783741,-1.7321092042805304
229.87,2.56500270325831,0.09155605948665639,-1.7151523043504002
229.88,2.56591975262897,0.0918536976896626,-1.698364976252495
229.89,2.56683977487262,0.0921506341354128,-1.682674460504224
229.9,2.56776276297183,0.09244686860122957,-1.666871464583112
229.91,2.56868870990494,0.09274240110943577,-1.6508301779564467
229.92,2.56961760865538,0.09303723205958589,-1.6353901284200663
229.93,2.57054945220789,0.09333136154235552,-1.6201263909536607
229.94,2.57148423354828,0.09362478964626275,-1.605091411547799
229.95,2.57242194566306,0.09391751643099319,-1.5902849539059214
229.96,2.57336258153919,0.09420954191682689,-1.5758146263608936
229.97,2.57430613416345,0.09450086600452472,-1.5613698368830937
229.98,2.57525259652138,0.09479148872614251,-1.547134882339417
229.99,2.57620196160004,0.0950814100901513,-1.5332839967245713
230.0,2.57715422238477,0.09537062992794518,-1.519542825762014
230.01,2.57810937185975,0.09565914811617837,-1.5060189313445684
230.02,2.57906740300771,0.09594696449500839,-1.4927317078346864
230.03,2.58002830880962,0.0962340788696022,-1.478929896721997
230.04,2.58099208224433,0.09652049140024636,-1.4696937778127608
230.05,2.58195871628836,0.09680619861309007,-1.45544538975635
230.06,2.5829282038696,0.09709120154517045,-1.4397240282483095
230.07,2.58390053797821,0.09737550273371717,-1.4298385054385685
230.08,2.58487571157771,0.09765909977053067,-1.417505096339667
230.09,2.58585371762519,0.09794199226691817,-1.40556924566565
230.1,2.58683454907298,0.09822417974874784,-1.3938391494539464
230.11,2.58781819886834,0.0985056616891522,-1.3820676964866638
230.12,2.58880465995306,0.09878643765032225,-1.3717433797960756
230.13,2.58979392526313,0.09906650603783707,-1.3606562214088755
230.14,2.59078598771326,0.09934586610499027,-1.3483090615041402
230.15,2.5917808402254,0.09962451839140944,-1.3377223123249435
230.16,2.59277847571862,0.0999024619796692,-1.3274010382857977
230.17,2.59377888709904,0.100179695743056,-1.316811647088839
230.18,2.59478206726482,0.1004562189141689,-1.3064659198254696
230.19,2.59578800910583,0.10073203064376499,-1.2961512676643894
230.2,2.59679670550324,0.10100713012324292,-1.2865863560547826
230.21,2.59780814932915,0.10128151590325467,-1.277739854386397
230.22,2.59882233343659,0.10155518603698344,-1.2669434763814
230.23,2.59983925066424,0.10182814052897375,-1.2568158429187195
230.24,2.60085889385952,0.10210037889667456,-1.2482209194513558
230.25,2.60188125584911,0.10237189927400822,-1.238875891615169
230.26,2.60290632944795,0.10264270054349453,-1.2296950930723813
230.27,2.6039341074588,0.10291278153847783,-1.2213681466230657
230.28,2.60496458267182,0.10318214038760691,-1.21248308830925
230.29,2.60599774785545,0.10345077585924105,-1.203294894129756
230.3,2.60703359577464,0.10371868712242271,-1.195103609503426
230.31,2.60807211917825,0.10398587248267403,-1.1867897602922899
230.32,2.60911331079953,0.1042523304128462,-1.1784977434946011
230.33,2.61015716335665,0.10451805944784824,-1.1706253502380635
230.34,2.6112036695523,0.10478305772376739,-1.163966109476203
230.35,2.61225282206667,0.10504732236548502,-1.1549399197891108
230.36,2.61330461355284,0.10531085296457965,-1.1460316554894154
230.37,2.61435903667711,0.10557364914134763,-1.1392148698489668
230.38,2.61541608408007,0.10583570854723057,-1.1304891995417419
230.39,2.61647574838755,0.10609703041765858,-1.1268549596594644
230.4,2.61753802221069,0.10635760885415366,-1.1234415094184211
230.41,2.61860289807195,0.10661743817257005,-1.1094981995447435
230.42,2.61967036849277,0.10687652360809412,-1.10059986620262
230.43,2.62074042606348,0.10713486557149729,-1.0970386396295422
230.44,2.62181306330996,0.10739245886923025,-1.0876273997888137
230.45,2.62288827274089,0.10764930342468393,-1.090053975220184
230.46,2.62396604684774,0.10790538754966716,-1.0834375146816537
230.47,2.62504637795476,0.10816070924430192,-1.066906246300694
230.48,2.62612925851496,0.1084152771580138,-1.0635269938282688
230.49,2.62721468096933,0.10866908656499419,-1.0589553154256026
230.5,2.62830263770534,0.1089221334281502,-1.0495590497178153
230.51,2.62939312109,0.1091744178339941,-1.0584655352151906
230.52,2.63048612346894,0.10942592164908671,-1.0463571983313549
230.53,2.63158163693805,0.10967664911675223,-1.0281259121302946
230.54,2.63267965389185,0.10992661144592075,-1.03213364598215
230.55,2.63378016657927,0.11017579645209072,-1.0244597509488165
230.56,2.63488316722519,0.11042420314448428,-1.0195799434437043
230.57,2.63598864803052,0.11067182748031683,-1.0258098955552117
230.58,2.63709660112451,0.11091865420631195,-1.0127338392877678
230.59,2.63820701847619,0.1111646891845212,-0.9988539644304456
230.6,2.63931989228579,0.11140993959849096,-1.001885116192654
230.61,2.64043521461862,0.11165439425773935,-0.9943446247174934
230.62,2.64155297751213,0.11189805218994413,-0.9944598904383117
230.63,2.64267317297598,0.11214090428219119,-0.9971065884049886
230.64,2.64379579288188,0.11238293928657792,-0.9825635685786669
230.65,2.64492082906276,0.11262416527416663,-0.974027096208528
230.66,2.64604827349198,0.11286458408338677,-0.9756078226868993
230.67,2.64717811802388,0.1131041860024884,-0.9680889042983307
230.68,2.64831035448083,0.11334297012217295,-0.9741508214824087
230.69,2.64944497465326,0.11358092101183548,-0.971614629976143
230.7,2.65058197011236,0.11381803338610386,-0.9555197190962793
230.71,2.6517213325547,0.11405431767832856,-0.9538417138146346
230.72,2.65286305368602,0.11428976837843201,-0.9530341045003106
230.73,2.65400712512114,0.11452437828491555,-0.9452948220300873
230.74,2.65515353843847,0.11475814670531086,-0.959355998143678
230.75,2.65630228518011,0.11499104929792263,-0.9497622666823315
230.76,2.65745335655314,0.11522308912975307,-0.9309846512731577
230.77,2.65860674412275,0.11545428039498133,-0.9383069100143525
230.78,2.65976243928402,0.11568460747991191,-0.9337073599899594
230.79,2.66092043337975,0.11591406703050922,-0.9293080796171977
230.8,2.66208071771155,0.11614265486616557,-0.9442057002005576
230.81,2.66324328349933,0.1163703454951722,-0.931559106379238
230.82,2.66440812165672,0.11659714596327457,-0.9146245696211208
230.83,2.66557522348169,0.11682306895117364,-0.9240307896011536
230.84,2.66674458005484,0.11704809624516108,-0.918351736670028
230.85,2.66791618241015,0.11727222552433784,-0.9190637260658797
230.86,2.66909002153498,0.11749544685641933,-0.9308894614061143
230.87,2.67026608825989,0.11771773815734132,-0.9163454356163488
230.88,2.67144437322999,0.11793910920762096,-0.9042951210069697
230.89,2.67262486739135,0.11815956739698782,-0.9126199899080685
230.9,2.67380756148175,0.11837909543491362,-0.906788047267044
230.91,2.67499244618633,0.11859769103350996,-0.9137476081324387
230.92,2.67617951213764,0.11881533687924477,-0.9209569623073854
230.93,2.67736874971445,0.11903201630805901,-0.9041127727535774
230.94,2.6785601492812,0.11924774240667328,-0.8985833126052365
230.95,2.67975370137784,0.11946251503793803,-0.9049863980899516
230.96,2.68094939635596,0.11967631879290508,-0.8988511746058673
230.97,2.68214722450798,0.11988915150541828,-0.9137124329479148
230.98,2.68334717606717,0.1201009862203543,-0.9145046082548194
230.99,2.68454924088687,0.12031181411857883,-0.8947295979652986
231.0,2.68575340904064,0.12052165248025808,-0.8976909937192129
231.01,2.68695967060151,0.1207304909012367,-0.9012252821086307
231.02,2.68816801548666,0.12093831697575312,-0.8945965680274796
231.03,2.68937843354688,0.1211451287786621,-0.9194589247726371
231.04,2.69059091456651,0.12135088682887485,-0.9114602811081898
231.05,2.69180544778687,0.12155559341393933,-0.8880289604372371
231.06,2.69302202298711,0.12175927105910016,-0.9020785041976137
231.07,2.69424062970201,0.12196189547614145,-0.9008854699294171
231.08,2.69546125736054,0.1221634592631767,-0.8975446978389738
231.09,2.69668389531717,0.12236395622510962,-0.9278537785695216
231.1,2.69790853279681,0.12256333960685892,-0.9118498836921038
231.11,2.69913515844516,0.12276162227332263,-0.8876925382317992
231.12,2.70036376163164,0.1229588284697251,-0.9087503818409379
231.13,2.70159433132301,0.12315492453740529,-0.9060695904346183
231.14,2.70282685640324,0.12334990486022601,-0.8987250447827773
231.15,2.70406132567347,0.12354376775749465,-0.9414627064221243
231.16,2.70529772785209,0.12373644949668083,-0.9247881541543912
231.17,2.70653605078291,0.12392796404117057,-0.8901883890906107
231.18,2.70777628333916,0.12411834987357726,-0.9188005045960065
231.19,2.70901841388509,0.12430756365475008,-0.9161415348884928
231.2,2.7102624306847,0.12449559911191788,-0.909909354755167
231.21,2.71150832190866,0.12468245336926624,-0.9500363279913256
231.22,2.71275607563429,0.12486806454073222,-0.9427386619558361
231.23,2.7140056790775,0.12505243438214464,-0.9070452434695218
231.24,2.71525712029053,0.12523560339692635,-0.9286639987652483
231.25,2.71651038703272,0.1254175370340893,-0.9322182245373174
231.26,2.71776546686842,0.12559822108715313,-0.9268212644162029
231.27,2.71902234725653,0.1257776515417734,-0.9617813916393093
231.28,2.72028101555055,0.12595577187633306,-0.9655107423961901
231.29,2.72154145830475,0.12613256900966263,-0.9306881552374164
231.3,2.72280366262902,0.12630808274241753,-0.9432283764617778
231.31,2.72406761560313,0.12648229027252267,-0.9536469816113649
231.32,2.7253333040085,0.12665516851307532,-0.9489316490486914
231.33,2.72660071450789,0.1268267123718969,-0.9792855923437012
231.34,2.72786983364553,0.1269968699784944,-0.995326567569347
231.35,2.72914064721474,0.1271656112289965,-0.960124661394544
231.36,2.73041314126588,0.1273329768738137,-0.9628934637501486
231.37,2.73168730212321,0.12749895721125837,-0.9812121319401578
231.38,2.73296311568843,0.1276635186370186,-0.9771840232272825
231.39,2.73424056772979,0.12782665489099454,-1.0022946560383057
231.4,2.73551964388208,0.1279883196172671,-1.0328366035811616
231.41,2.73680032908549,0.12814846220607912,-0.9968620352214378
231.42,2.73808260817996,0.12830712485659332,-0.9880962004242427
231.43,2.7393664666481,0.12846431376001277,-1.0157467318640647
231.44,2.74065188940017,0.12861998265155292,-1.0125177078890273
231.45,2.74193886119597,0.1287741238917543,-1.031137143565554
231.46,2.74322736664473,0.12892669836792603,-1.0787178510422977
231.47,2.74451738973757,0.12907763091956811,-1.0421086435709201
231.48,2.74580891392882,0.12922696494940267,-1.0196027692946428
231.49,2.74710192375834,0.1293747259772382,-1.0581402594449711
231.5,2.74839640301696,0.12952085275909447,-1.0558805388997907
231.51,2.74969233532542,0.12966533599749752,-1.0665252653370203
231.52,2.75098970413437,0.1298081459178165,-1.1339149146354361
231.53,2.75228849237792,0.1299491783683456,-1.0969929595880712
231.54,2.75358868192682,0.1300884774364297,-1.0583229452086231
231.55,2.75489025626082,0.13022609176830774,-1.1094108738993216
231.56,2.7561931979052,0.13036194265449627,-1.108362753141699
231.57,2.75749748919276,0.13049601876307845,-1.1095977240953832
231.58,2.7588031122638,0.13062830196158098,-1.1972504497741463
231.59,2.76011004887805,0.13075865792682903,-1.1617920227495244
231.6,2.76141827915213,0.13088712880490924,-1.1063163258612265
231.61,2.76272778534818,0.1310137875826086,-1.1699764396086134
231.62,2.76403854856825,0.13113853784415913,-1.170544386010018
231.63,2.7653505496971,0.13126136577272057,-1.1606461480076233
231.64,2.76666376940219,0.13138226713972356,-1.2740637786023516
231.65,2.76797818812697,0.13150106907566794,-1.2390213552700051
231.66,2.76929378395044,0.1316178132187651,-1.1621924146390352
231.67,2.77061053779402,0.13173260389823066,-1.242083854908641
231.68,2.77192842915234,0.13184532191607978,-1.2422330701742061
231.69,2.77324743727438,0.13195595254584433,-1.233898152720576
231.7,2.77456754116339,0.13206448940549972,-1.3460971206183763
231.71,2.77588871957692,0.13217075807667733,-1.33215221195343
231.72,2.777210948844,0.1322747697222478,-1.2482950965302708
231.73,2.77853420775006,0.13237663961749302,-1.3145147472522902
231.74,2.77985847418184,0.13247626799843076,-1.3295109065407476
231.75,2.78118372552554,0.1325736191890174,-1.322439749887242
231.76,2.78250993888803,0.13266868440782548,-1.4266620122175282
231.77,2.7838370910969,0.13276129745832072,-1.440876472419587
231.78,2.78516515662378,0.1328514282140758,-1.3538526761731722
231.79,2.78649411171654,0.13293919715857694,-1.3988666162281782
231.8,2.78782393245946,0.13302453513975485,-1.4326082537734532
231.81,2.78915459412331,0.13310738018193308,-1.4271957968019282
231.82,2.79048607166117,0.13318772053623568,-1.5202494027897189
231.83,2.79181833970839,0.13326540291800731,-1.5679548636199407
231.84,2.79315137067575,0.13334034760783542,-1.4789234321425457
231.85,2.79448513788979,0.13341267851581334,-1.4980114132225308
231.86,2.79581961539943,0.13348236446317405,-1.5535608551248892
231.87,2.79715477607593,0.13354931267028175,-1.552925323764019
231.88,2.79849059242929,0.13361350521826262,-1.6185148082480227
231.89,2.79982703660824,0.13367482666780672,-1.7018336064708932
231.9,2.80116407903172,0.13373314279468973,-1.6400956396338304
231.91,2.80250168969523,0.1337885358859296,-1.6300605859897876
231.92,2.80383983998985,0.13384101630357453,-1.6931523408389795
231.93,2.80517849996697,0.1338904790636697,-1.7284790243815669
231.94,2.80651763924921,0.133936849710888,-1.809774095302563
231.95,2.80785722628247,0.13397999701591687,-1.7807375762289932
231.96,2.80919722854854,0.13401995414468554,-1.7691698965996374
231.97,2.8105376147197,0.13405673146385338,-1.8301514831268935
231.98,2.81187835224969,0.1340902285959215,-1.8587930399861983
231.99,2.81321940811601,0.1341203810987457,-1.95325905498802
232.0,2.81456074828751,0.13414703791117719,-1.9333332201470232
232.01,2.81590233729041,0.1341702186840969,-1.9132755365972804
232.02,2.81724414109555,0.13418994615690777,-1.983054961176981
232.03,2.81858612433824,0.13420610861309967,-2.0044619216659956
232.04,2.81992825113132,0.13421864733119312,-2.1525693417985736
232.05,2.821270484543,0.1342273312351372,-2.1200164236732806
232.06,2.82261278505389,0.1342321990320879,-2.0630831965478227
232.07,2.82395511597058,0.13423332939091298,-2.1704780870759794
232.08,2.82529743866811,0.1342305590980105,-2.175534886277759
232.09,2.82663971392985,0.13422384782275273,-2.366798988115678
232.1,2.82798190163629,0.13421290045583975,-2.3356714259533415
232.11,2.82932395797729,0.1341977536409152,-2.2495089081697874
232.12,2.83066584299293,0.13417852966648808,-2.3873127118833075
232.13,2.83200751434606,0.13415502435674131,-2.380003215589014
232.14,2.83334892902647,0.1341272133787652,-2.589738338402908
232.15,2.8346900433228,0.13409477482534035,-2.5724644704203286
232.16,2.8360308092014,0.13405772493873722,-2.4771940113519255
232.17,2.83737118276646,0.13401619927425612,-2.627336156136124
232.18,2.8387111175831,0.13396997759069035,-2.6225434725647316
232.19,2.84005056646349,0.1339190315579275,-2.8418372531443734
232.2,2.84138948146676,0.13386302381849235,-2.8544767139850444
232.21,2.84272781004879,0.13380192687341513,-2.7495403864071335
232.22,2.84406550340728,0.1337358913330015,-2.8906875485341317
232.23,2.84540251076284,0.1336647125903386,-2.9085305464462063
232.24,2.8467387802192,0.13358833135140488,-3.1244426395678215
232.25,2.84807425903331,0.13350641227440896,-3.179150284183846
232.26,2.84940888980887,0.1334188666431054,-3.0711618410371035
232.27,2.85074261800727,0.1333258503789958,-3.1910396678130803
232.28,2.85207538801371,0.13322719227748897,-3.243097359682782
232.29,2.85340714262655,0.13312278873792716,-3.4308689161030257
232.3,2.85473782368981,0.13301234090924802,-3.556435330672758
232.31,2.85606736876752,0.13289565382064533,-3.4835536687237108
232.32,2.85739571623236,0.13277283028206116,-3.5494114846525053
232.33,2.85872280450847,0.13264377046089404,-3.7179597406115943
232.34,2.86004856998356,0.13250820703210042,-3.8593137222564806
232.35,2.86137294632181,0.1323659187103532,-3.8605497097366333
232.36,2.86269586589523,0.13221689839674572,-3.9053057869751275
232.37,2.86401726155659,0.13206107768151493,-4.046883278858882
232.38,2.86533706405419,0.13189823760656472,-4.181127697384342
232.39,2.86665520227171,0.1317281699786399,-4.231581322786733
232.4,2.8679716031034,0.13155079675010914,-4.27948489646455
232.41,2.86928619355283,0.13136604493459622,-4.403366312183062
232.42,2.87059889869314,0.13117371659535268,-4.631767285141589
232.43,2.87190964159748,0.1309734670310851,-4.668396170237996
232.44,2.87321834146916,0.13076523958059547,-4.664046067458559
232.45,2.87452491971726,0.13054904420526742,-4.8029910684431645
232.46,2.87582929490171,0.1303246534399912,-5.18745863673756
232.47,2.87713138375325,0.13009148758491204,-5.215353553723467
232.48,2.87843109534428,0.12984950218359512,-5.103501125921242
232.49,2.87972834474763,0.1295988665048468,-5.34161024557342
232.5,2.88102304259472,0.1293392249316498,-5.649127597172446
232.51,2.88231509777619,0.12907010130275287,-5.7554812664584265
232.52,2.88360441258096,0.1287913361892416,-5.70155640110995
232.53,2.88489089248122,0.12850301072559284,-5.901412160856283
232.54,2.88617443989225,0.1282048301344226,-6.155948337556633
232.55,2.88745495497944,0.12789639915989545,-6.326106350349143
232.56,2.88873233295059,0.12757746179326754,-6.340568629219454
232.57,2.89000646904875,0.12724799767669753,-6.472862286126205
232.58,2.89127725703154,0.12690780545416097,-6.764834744675399
232.59,2.89254458790584,0.1265564290034956,-7.030183921040275
232.6,2.89380834715281,0.12619346385358926,-7.019695616755037
232.61,2.89506841853849,0.12581892328283145,-7.110622993340354
232.62,2.89632468643031,0.12543267089665985,-7.402289268321712
232.63,2.8975770313319,0.12503424151392903,-7.758212515636383
232.64,2.89882532899249,0.1246230756496806,-7.8194484963257
232.65,2.90006945005426,0.12419906832797553,-7.831161425971313
232.66,2.90130926713123,0.12376217359110209,-8.317005811421561
232.67,2.90254464824246,0.12331163843681825,-8.460566413045571
232.68,2.90377545366716,0.12284720768540962,-8.475825226184863
232.69,2.90500154572928,0.1223688296819847,-8.790753901577235
232.7,2.90622278210354,0.12187599560309718,-9.022767266473107
232.71,2.90743901617166,0.12136830023709393,-9.157219406648053
232.72,2.90865009773383,0.12084549658957963,-9.287154713765785
232.73,2.90985587474315,0.12030732592125024,-9.646866450656912
232.74,2.91105619108471,0.11975316752949791,-9.795036303445162
232.75,2.91225088386815,0.11918272474598832,-9.822566219544248
232.76,2.91343979063029,0.11859587289593984,-10.235966485478153
232.77,2.91462274413827,0.11799185093573177,-10.563143134008637
232.78,2.91579956849816,0.11737001630049612,-10.552863350813231
232.79,2.91697008469882,0.11673028236683185,-10.669602857231668
232.8,2.91813411315863,0.1160723289471588,-11.165074536473641
232.81,2.91929146753801,0.11539517797983789,-11.257042391061983
232.82,2.92044195173802,0.11469850838364826,-11.226506466875815
232.83,2.92158537197636,0.11398220359036075,-11.60009239528206
232.84,2.92272152765939,0.11324542294316453,-11.776134560582339
232.85,2.92385021047813,0.11248762321324213,-11.80706690348607
232.86,2.924971208999,0.11170851720691359,-11.947093709148211
232.87,2.92608430790765,0.11090757800858628,-12.255702492044245
232.88,2.92718928503072,0.11008392161535227,-12.291005160050098
232.89,2.92828590937086,0.10923715995447096,-12.211998055378393
232.9,2.92937395011084,0.10836708214931878,-12.628429758452326
232.91,2.93045316935407,0.107472438126018,-12.719684024287728
232.92,2.93152331503848,0.10655257549648431,-12.53703287222356
232.93,2.93258413621686,0.105607410464581,-12.6774471083547
232.94,2.93363537595358,0.1046361044047428,-12.934085244031541
232.95,2.93467676741912,0.10363744993565627,-12.868205073278332
232.96,2.93570803212799,0.10261093222042976,-12.749813322580938
232.97,2.93672889161986,0.10155614203150402,-12.822735418153245
232.98,2.93773905769305,0.10047214144830452,-12.749085772403516
232.99,2.93873823489582,0.09935827357309505,-12.664873531531418
233.0,2.93972612136187,0.09821386981301305,-12.574131173038825
233.01,2.94070240814165,0.09703822070189864,-12.431829041836762
233.02,2.94166677928213,0.0958306792806507,-12.415022053062465
233.03,2.94261891177367,0.09459012632217305,-12.307557507758656
233.04,2.94355846890435,0.0933156485001104,-12.00632906665641
233.05,2.94448510996075,0.09200688956832274,-12.068441767871546
233.06,2.94539848695876,0.09066212547507169,-11.889641621186161
233.07,2.94629822946075,0.08928037885043891,-11.52369194417806
233.08,2.94718396984734,0.08786137133142136,-11.4612557245286
233.09,2.94805532760734,0.08640351203974181,-11.2125134036171
233.1,2.94891190757171,0.0849058622229911,-10.915838187764816
233.11,2.94975330981094,0.08336770987822743,-10.631938042155092
233.12,2.95057912400938,0.08178825400135074,-10.365397146680943
233.13,2.95138893392331,0.08016652271189972,-10.1112099930361
233.14,2.95218230999051,0.0785014117775873,-9.796005577959308
233.15,2.95295881493455,0.0767921508476821,-9.496316444740792
233.16,2.95371800268599,0.07503785153543108,-9.240240703953209
233.17,2.95445941738543,0.0732372094043384,-9.00936915061375
233.18,2.9551825874133,0.07138862449982779,-8.659772482431661
233.19,2.95588702762451,0.06949145635510856,-8.394309945990914
233.2,2.95657224965865,0.06754428340152163,-8.170063204922107
233.21,2.95723774058562,0.06554515348132044,-7.829496071136364
233.22,2.957882977094,0.06349335530300519,-7.525172480625276
233.23,2.95850742868955,0.06138790823233172,-7.250996576300616
233.24,2.95911055185373,0.05922743390048465,-6.988096454513244
233.25,2.95969178967558,0.057010447913822634,-6.630722665627878
233.26,2.96025057291418,0.05473724371742502,-6.361324436999851
233.27,2.96078634342349,0.052406828663768376,-6.14525137341898
233.28,2.96129851259092,0.05001717753326067,-5.862229611385082
233.29,2.96178648764985,0.047567773490416375,-5.615664610075096
233.3,2.96224966542107,0.045057609751664174,-5.376406063326387
233.31,2.96268743324584,0.042485600516491605,-5.177864853524795
233.32,2.96309916418864,0.03984946384043564,-4.947601772286368
233.33,2.96348420572843,0.037148222409714535,-4.716487842918782
233.34,2.96384190962094,0.034381415875069564,-4.522337469708747
233.35,2.96417161001507,0.031547351138934886,-4.325092450540669
233.36,2.96447262857675,0.028644741499165665,-4.126037574197448
233.37,2.96474427523824,0.025673182554101597,-3.9319706423224154
233.38,2.9649858624264,0.022632907907438327,-3.7702277972315086
233.39,2.96519669890578,0.019522107482905504,-3.602456718647003
233.4,2.96537606896818,0.01634050783931122,-3.438366523396979
233.41,2.96552327467453,0.013088863694266095,-3.298356788216354
233.42,2.96563760763568,0.009765562177995365,-3.1595825744921298
233.43,2.96571834460247,0.006369789064079405,-3.026624213099156
233.44,2.96576476093034,0.002901306007074833,-2.9020889686253124
233.45,2.96577612634412,-0.0006405643775853065,-2.7843496180035547
233.46,2.96575170484803,-0.0042558127443248495,-2.6729046521576905
233.47,2.9656907636693,-0.00794498043941901,-2.5658689050223336
233.48,2.9655925570611,-0.011709054706691518,-2.4758457875092383
233.49,2.96545634170141,-0.015545001311841519,-2.3829771983248307
233.5,2.96528141566971,-0.0194532054382394,-2.290262147631777
233.51,2.9650670326956,-0.023435520756912947,-2.2253822441824718
233.52,2.96481246966721,-0.027488071770816656,-2.147572151363232
233.53,2.96451703617224,-0.03161112074383151,-2.0732795499758767
233.54,2.96418001209533,-0.0358051755289431,-2.025509781314061
233.55,2.96380070660982,-0.040066659153059625,-1.960276644236967
233.56,2.96337845423132,-0.04439566158298547,-1.9054302544533628
233.57,2.96291257235853,-0.04879127683643144,-1.8721832533765863
233.58,2.96240241747497,-0.053249867622166366,-1.815967047812884
233.59,2.96184736577939,-0.05777152806815863,-1.782672902260346
233.6,2.96124678571286,-0.062353692214108435,-1.761832939300844
233.61,2.96060010162983,-0.06699252168001306,-1.7114433814377592
233.62,2.95990674734418,-0.07168826362413672,-1.7027774961218314
233.63,2.95916616143155,-0.07643638833917388,-1.6890483620362184
233.64,2.95837785576152,-0.08123325322517325,-1.6443645255960175
233.65,2.95754133556925,-0.08607909684433812,-1.661024620682588
233.66,2.9566561308328,-0.09096747068491803,-1.6490360527052916
233.67,2.95572185362311,-0.09589532703249508,-1.6158730127669059
233.68,2.95473809667459,-0.10086221583749759,-1.6477245774581148
233.69,2.95370450154747,-0.10586097989208806,-1.6407997349052998
233.7,2.95262078012818,-0.11088869769380802,-1.6253849835423353
233.71,2.95148663883888,-0.1159436003212296,-1.6622783894251352
233.72,2.95030183872913,-0.12101893697485933,-1.6641921680989384
233.73,2.94906620239362,-0.12611155054757703,-1.6664269472671782
233.74,2.94777956100308,-0.13121854094605054,-1.7060177776822707
233.75,2.94644180309619,-0.1363337870820991,-1.7182957360388067
233.76,2.94505286926322,-0.1414538528901721,-1.7371229294952841
233.77,2.94361272292459,-0.14657503072851297,-1.776992059796049
233.78,2.9421213819771,-0.15169205226966595,-1.8028275103803544
233.79,2.94057890849465,-0.15680109051815494,-1.8338340348544937
233.8,2.93898540009606,-0.16189820757125015,-1.873891150669981
233.81,2.93734099873845,-0.16697899074431904,-1.9178068542450395
233.82,2.93564588883605,-0.17203908536391016,-1.9514985706969037
233.83,2.93390029730389,-0.17707516241041166,-1.9959389077642962
233.84,2.93210447886325,-0.1820833559366723,-2.062375072946613
233.85,2.9302587384453,-0.18705872337759039,-2.085251409321127
233.86,2.92836342067973,-0.19199942304841677,-2.1422554410812964
233.87,2.92641887864104,-0.19690165795784864,-2.2290620498316502
233.88,2.92442553119498,-0.2017602445800885,-2.2370441066421822
233.89,2.92238382152224,-0.20657487682655223,-2.309602110785936
233.9,2.92029419307894,-0.21134176761940332,-2.4060679462260133
233.91,2.91815715893191,-0.21605622833950808,-2.4044191384594504
233.92,2.91597324258667,-0.22071893732223957,-2.4915519251543587
233.93,2.91374296498482,-0.22532622694432608,-2.5908012293743155
233.94,2.91146691398089,-0.22987418183975095,-2.591571465630368
233.95,2.90914567731899,-0.23436372601549257,-2.681030645265493
233.96,2.9067798430808,-0.23879202216089784,-2.733938357889493
233.97,2.90437004490596,-0.24315786207908346,-2.783263090208767
233.98,2.90191689733596,-0.24746036983089859,-2.8671656513196577
233.99,2.89942105480976,-0.2516974541514413,-2.8976891961950253
234.0,2.89688316669091,-0.25586916434033513,-2.9787048536742224
234.01,2.89430389424373,-0.25997387058757837,-3.010894344282323
234.02,2.89168391252856,-0.26401169628983795,-3.0777945055436637
234.03,2.88902388598147,-0.26798172058315844,-3.1193793750448613
234.04,2.88632450414761,-0.27188389589299555,-3.151187823658701
234.05,2.88358643366611,-0.2757185030265045,-3.223453807191211
234.06,2.88081036151284,-0.27948465467816747,-3.2245530722690443
234.07,2.87799696526649,-0.2831835513999829,-3.281769944709125
234.08,2.87514691551203,-0.286814830937839,-3.298843075947593
234.09,2.87226089182763,-0.29037918023424225,-3.3252181432517167
234.1,2.8693395537145,-0.293877022701757,-3.367318828018618
234.11,2.86638357251436,-0.2973083780709337,-3.354298069177776
234.12,2.86339360373008,-0.30067459481998665,-3.396322317073507
234.13,2.86037029732078,-0.30397567624107874,-3.386136743945761
234.14,2.85731430354426,-0.30721279336185886,-3.3901737396402543
234.15,2.85422625217673,-0.3103867385865137,-3.412290390373083
234.16,2.8511067777811,-0.31349785971348154,-3.3807569258262418
234.17,2.84795649984588,-0.31654761724861186,-3.391417574872511
234.18,2.84477602806308,-0.3195365331509289,-3.373256449669425
234.19,2.8415659685024,-0.32246565417000106,-3.3537972998996883
234.2,2.83832691101137,-0.32533600113167455,-3.34884125538927
234.21,2.8350594419326,-0.32814825508041456,-3.3138293111855317
234.22,2.83176413564048,-0.33090362659069505,-3.2956036564304156
234.23,2.82844155614493,-0.3336029614309233,-3.2665200364329054
234.24,2.82509225990089,-0.33624724787305976,-3.23397996099515
234.25,2.82171679138759,-0.3388374896267458,-3.2067611134256793
234.26,2.81831568732653,-0.3413745480487673,-3.167821589226182
234.27,2.81488947430526,-0.34385945023549896,-3.1307319777439053
234.28,2.8114386690081,-0.34629315120322524,-3.0923048279167986
234.29,2.80796377886841,-0.3486765809886642,-3.0545059819002196
234.3,2.80446530197612,-0.351010624890998,-3.0095984696536484
234.31,2.80094372776806,-0.35329625575060514,-2.96474644246715
234.32,2.79739953519222,-0.3555344056135927,-2.928219025851817
234.33,2.79383319528728,-0.35772584181565187,-2.87589175392256
234.34,2.79024517080351,-0.3598715611189185,-2.830815432354697
234.35,2.78663591367626,-0.36197241293016713,-2.7933876724944677
234.36,2.78300586963833,-0.36402910406168426,-2.7344592239176246
234.37,2.77935547551746,-0.36604265598307506,-2.6954066014018174
234.38,2.77568515802051,-0.3680137555220712,-2.654433915510309
234.39,2.77199533945167,-0.36994310682978426,-2.5903172843137647
234.4,2.76828643177466,-0.3718317506289037,-2.5595066428626523
234.41,2.76455883837023,-0.37368019567899,-2.5151355425998836
234.42,2.76081295944446,-0.3754891422021826,-2.457647427454303
234.43,2.75704918429155,-0.37725949042897167,-2.4183852034875266
234.44,2.75326789620948,-0.37899185494783366,-2.3687860045061213
234.45,2.74946947134187,-0.38068698548443897,-2.324979882277195
234.46,2.74565427844076,-0.3823455385390936,-2.2824887065556836
234.47,2.74182268039992,-0.3839681399762984,-2.23734811695865
234.48,2.73797503329857,-0.38555544928025415,-2.1947893350561514
234.49,2.73411168700151,-0.3871080834000155,-2.151756908522972
234.5,2.73023298516711,-0.38862665987857337,-2.1098088078426955
234.51,2.72633926535624,-0.39011177502467076,-2.0695560708976566
234.52,2.72243085932184,-0.3915639951309206,-2.029428673422245
234.53,2.71850809324231,-0.39298388081800606,-1.9901695595759417
234.54,2.71457128767138,-0.3943719778374821,-1.9517477210428589
234.55,2.71062075785072,-0.3957288213150889,-1.9100653309287736
234.56,2.70665681352962,-0.3970549912671614,-1.8744445891224202
234.57,2.70267975866604,-0.39835097386647184,-1.841276249812379
234.58,2.698689893146,-0.39961721806183553,-1.8020046286942655
234.59,2.69468751164574,-0.400854265249162,-1.7657687540653508
234.6,2.69067290353464,-0.40206261307116725,-1.7336188037635765
234.61,2.68664635360506,-0.4032426943506732,-1.7014918310030729
234.62,2.6826081423891,-0.4043949449571649,-1.6643553669676467
234.63,2.6785585458035,-0.40551987646167226,-1.632843316720727
234.64,2.67449783451702,-0.40661791713463663,-1.6043798006270553
234.65,2.67042627580382,-0.40768944854358374,-1.57195113800801
234.66,2.66634413244782,-0.40873491252852634,-1.5415811163636155
234.67,2.66225166307513,-0.40975472405575164,-1.512993898871191
234.68,2.65814912219092,-0.41074927047483056,-1.4853221723566452
234.69,2.65403676063531,-0.41171892560373236,-1.4586571564192037
234.7,2.64991482538624,-0.412664057361493,-1.4248618103342117
234.71,2.64578355971014,-0.41358513901676996,-1.4000083708402307
234.72,2.64164320167294,-0.41448250947449716,-1.3796517595603743
234.73,2.63749398761092,-0.41535643889926144,-1.3514414323226875
234.74,2.63333614972942,-0.41620731865633276,-1.3248261575712097
234.75,2.62916991682989,-0.41703552511090924,-1.2996560376982185
234.76,2.62499551366346,-0.41784140933408176,-1.279060995581835
234.77,2.62081316209655,-0.41862525402757145,-1.256307594154097
234.78,2.61662308098279,-0.4193873757450617,-1.2326388332650149
234.79,2.61242548586784,-0.4201281115644033,-1.2085886491348496
234.8,2.60822058892319,-0.42084780445683645,-1.1889906252467766
234.81,2.60400859900748,-0.42154673004630716,-1.1698697259452906
234.82,2.59978972263473,-0.4222251570433211,-1.1488811681050493
234.83,2.59556416316572,-0.4228833894961019,-1.1250238518026854
234.84,2.59133212103431,-0.4235217761527318,-1.1069421159282837
234.85,2.58709379294365,-0.4241405776044149,-1.091374505038165
234.86,2.5828493739965,-0.4247400160494334,-1.0712495873327943
234.87,2.57859905617577,-0.4253203869244845,-1.0508531885734422
234.88,2.5743430288172,-0.42588199530198734,-1.0327770672989443
234.89,2.57008147794019,-0.4264251090731845,-1.0181326109415283
234.9,2.5658145875481,-0.4269499443844064,-1.0006913245584574
234.91,2.56154253911175,-0.42745676105409397,-0.9833839570611556
234.92,2.55726551151581,-0.4279458220713332,-0.9663648851010969
234.93,2.55298368100836,-0.428417386076078,-0.9515934896095796
234.94,2.54869722136954,-0.42887167780792934,-0.9368740350468419
234.95,2.54440630427072,-0.4293089220543204,-0.9214199568790157
234.96,2.54011109895164,-0.4297293583730914,-0.9053476388011952
234.97,2.53581177231168,-0.43013323686814287,-0.8916805667612512
234.98,2.53150848870199,-0.43052077098075425,-0.8789156727395098
234.99,2.5272014106977,-0.43089216057592417,-0.8649877916159285
235.0,2.52289069855749,-0.431247627083912,-0.8495183320744856
235.01,2.51857651042479,-0.4315874176737548,-0.8363407247545911
235.02,2.51425900176878,-0.4319117436802208,-0.8256654074335958
235.03,2.50993832650887,-0.4322207780838916,-0.8125528425024481
235.04,2.50561463647176,-0.43251473232577275,-0.7996033203860228
235.05,2.5012880814187,-0.4327938198689337,-0.7864632415413378
235.06,2.49695880892651,-0.4330582564495848,-0.7757414725944736
235.07,2.49262696453114,-0.43330822067817465,-0.7649086065294354
235.08,2.48829269214523,-0.43354389311639857,-0.7530485412348938
235.09,2.48395613364984,-0.43376547209100413,-0.7417576879519749
235.1,2.47961742905008,-0.43397314867951176,-0.7311821694181081
235.11,2.47527671642086,-0.4341671028364321,-0.7210595286244327
235.12,2.47093413215493,-0.4343475080412477,-0.7107848175393753
235.13,2.46658981082901,-0.4345145416904228,-0.7000589336085876
235.14,2.46224388528023,-0.43466838924309803,-0.6900850885699942
235.15,2.45789648642611,-0.43480922452291776,-0.6812824886359414
235.16,2.4535477436409,-0.434937203393652,-0.6719384013815758
235.17,2.44919778465712,-0.43505249109532984,-0.6621539639969936
235.18,2.44484673553555,-0.43515526273410304,-0.6514995915888419
235.19,2.44049472051475,-0.4352457061719902,-0.6437054336372445
235.2,2.43614186203003,-0.4353239646848121,-0.6359828725115825
235.21,2.4317882813536,-0.4353901801312454,-0.6266462307575662
235.22,2.42743409800853,-0.4354445213565798,-0.6175206993697648
235.23,2.4230794299585,-0.43548715538142735,-0.6095003226135371
235.24,2.41872439343202,-0.4355182313636445,-0.6021240830877165
235.25,2.41436910338729,-0.43553788884435063,-0.5935736260500829
235.26,2.41001367320249,-0.43554628489309577,-0.5866545442273329
235.27,2.40565821478358,-0.43554355238307013,-0.5795217621459516
235.28,2.40130283878951,-0.43552982778692906,-0.5714686730148489
235.29,2.39694765436942,-0.43550526244984233,-0.56448013928046
235.3,2.39259276922364,-0.4354699921673255,-0.5575942682928291
235.31,2.3882382897506,-0.43542415223756237,-0.5492538519717866
235.32,2.38388432089903,-0.43536790001672543,-0.5429333438291244
235.33,2.37953096604105,-0.43530136167708733,-0.5371186417937124
235.34,2.37517832754925,-0.43522465537502164,-0.5297001486124676
235.35,2.37082650635361,-0.4351379244165806,-0.523219167309413
235.36,2.36647560204451,-0.43504129899964994,-0.5169290806902459
235.37,2.36212571293312,-0.43493490585790884,-0.5106170355098095
235.38,2.35777693606529,-0.43481887198973945,-0.5046680288773712
235.39,2.3534293672228,-0.43469331915048837,-0.4986234781112638
235.4,2.34908310100072,-0.4345583708052566,-0.49254352499405096
235.41,2.34473823071462,-0.4344141510493227,-0.4869427094435286
235.42,2.34039484849648,-0.43426077658307677,-0.48144483387595965
235.43,2.3360530453148,-0.4340983624492275,-0.47585991127503535
235.44,2.33171291099213,-0.43392702521343196,-0.47046601152342377
235.45,2.32737453417373,-0.4337468789475755,-0.4649799519758898
235.46,2.32303800239353,-0.43355803914107616,-0.45972236607552575
235.47,2.31870340199971,-0.4333606175406827,-0.45492320045665124
235.48,2.3143708182969,-0.4331547189074211,-0.449903992375622
235.49,2.31004033550557,-0.43294045283526206,-0.44354748803952193
235.5,2.3057120367093,-0.4327179492379818,-0.43890032894761394
235.51,2.30138600363914,-0.4324873115149138,-0.43478675569622277
235.52,2.29706231727402,-0.4322486338806608,-0.42971019585684783
235.53,2.29274105740512,-0.432002024609753,-0.4256920653861952
235.54,2.28842230290282,-0.43174757733142055,-0.42061604644532696
235.55,2.28410613162271,-0.4314854014226525,-0.4159996886056785
235.56,2.27979262029451,-0.4312155999839362,-0.4115489573157541
235.57,2.27548184470936,-0.43093827306266064,-0.40720538575686605
235.58,2.27117387959409,-0.4306535185592394,-0.40323596704413406
235.59,2.26686879878687,-0.43036142882075434,-0.39890363728972106
235.6,2.2625666751417,-0.4300621018218302,-0.394536844490179
235.61,2.25826758054873,-0.42975563618107654,-0.39056651925173713
235.62,2.25397158590759,-0.4294421240957358,-0.38687053752009787
235.63,2.24967876125572,-0.42912165391826296,-0.38242705776350416
235.64,2.24538917568911,-0.42879432578976456,-0.3779429433559637
235.65,2.24110289727108,-0.42846024028465235,-0.37448519713817274
235.66,2.23681999312524,-0.42811948206165074,-0.3706953135404092
235.67,2.23254052957892,-0.4277721396721594,-0.3672524301774183
235.68,2.22826457199923,-0.4274182966977643,-0.3636780779219791
235.69,2.22399218502366,-0.42705803915883783,-0.35951991755653695
235.7,2.21972343228689,-0.4266914616715689,-0.35619752786666714
235.71,2.21545837657926,-0.42631864683132514,-0.35233009338183
235.72,2.21119707984462,-0.4259396845300042,-0.348915308573077
235.73,2.20693960310526,-0.4255546577620025,-0.3457879684809709
235.74,2.20268600663849,-0.4251636451980012,-0.3420694023966058
235.75,2.19843634986166,-0.4247667345196623,-0.33834295205611226
235.76,2.19419069131958,-0.42436401352934733,-0.3351831683119644
235.77,2.18994908869634,-0.42395556110125987,-0.3320593021850891
235.78,2.18571159893945,-0.4235414553805791,-0.32850387190840025
235.79,2.18147827815277,-0.4231217808964183,-0.32522700605394805
235.8,2.17724918161669,-0.42269661813417,-0.3220430488278786
235.81,2.17302436382183,-0.4222660458463312,-0.3188188718565406
235.82,2.16880387846803,-0.4218301431938317,-0.3156436753802036
235.83,2.16458777846505,-0.4213889885173091,-0.31249894005296114
235.84,2.16037611594571,-0.4209426595268314,-0.30939440237705734
235.85,2.15616894226535,-0.42049123322859633,-0.30627735679481727
235.86,2.15196630801365,-0.42003478690839646,-0.30294796752701875
235.87,2.147768262996,-0.41957340065374626,-0.29999174562595415
235.88,2.14357485621992,-0.4191071487984181,-0.2971467229779143
235.89,2.13938613599396,-0.41863610397507117,-0.29383064085896754
235.9,2.13520214985314,-0.4181603456361686,-0.29068788907908355
235.91,2.13102294453877,-0.41767995062426494,-0.2878297439970468
235.92,2.12684856605474,-0.4171949912420869,-0.2848638886462154
235.93,2.12267905968167,-0.4167055412082473,-0.2816964115047213
235.94,2.11851446994539,-0.41621167707601714,-0.27871879076053047
235.95,2.11435484060896,-0.4157134724843396,-0.2758139088735517
235.96,2.11020021472218,-0.41521099975224685,-0.2727846091873465
235.97,2.10605063459411,-0.4147043328924793,-0.2696974471475151
235.98,2.10190614179686,-0.4141935465838483,-0.2667574417888864
235.99,2.0977667771535,-0.4136787130885907,-0.2638895318830276
236.0,2.09363258078736,-0.41315990350348686,-0.2607725808304795
236.01,2.08950359208874,-0.41263719237916907,-0.25766930902828095
236.02,2.0853798496992,-0.41211065386691137,-0.2547866698034992
236.03,2.08126139153372,-0.4115803586235682,-0.2518755781469883
236.04,2.07714825481123,-0.41104637757718077,-0.2486771671376628
236.05,2.07304047601981,-0.41050878555275083,-0.24565600099979965
236.06,2.06893809089718,-0.4099676546685934,-0.242742692803508
236.07,2.06484113448765,-0.409423055189273,-0.23967013940939927
236.08,2.06074964111418,-0.40887505941267593,-0.23655557166594593
236.09,2.05666364437852,-0.40832374007057454,-0.2335157619736801
236.1,2.05258317715366,-0.40776916853982514,-0.23050263839116772
236.11,2.04850827161196,-0.4072114155712514,-0.22737218926387728
236.12,2.04443895920648,-0.4066505533347605,-0.22422816814597146
236.13,2.04037527066963,-0.4060866539476682,-0.2211504271724936
236.14,2.03631723601519,-0.4055197882793923,-0.21806557587829073
236.15,2.03226488455536,-0.40495002704899663,-0.21485732524299564
236.16,2.02821824488585,-0.4043774424175991,-0.21168713751442886
236.17,2.02417734488079,-0.40380210575223785,-0.2085483016778971
236.18,2.02014221170874,-0.4032240876577461,-0.20534424772342194
236.19,2.01611287182875,-0.4026434592860932,-0.20216035316029604
236.2,2.01208935098846,-0.4020602912515233,-0.1989333857463561
236.21,2.00807167423288,-0.4014746544510765,-0.19566535069008026
236.22,2.00405986589196,-0.40088662000632436,-0.19243080284561284
236.23,2.00005394959088,-0.40029625820560133,-0.18921636085897575
236.24,1.99605394825322,-0.3997036387144918,-0.18592324666961774
236.25,1.99205988410763,-0.39910883193017277,-0.1826059816734646
236.26,1.9880717786717,-0.3985119081930796,-0.17936957964016417
236.27,1.98408965277034,-0.39791293640940584,-0.17604146531666315
236.28,1.98011352653807,-0.3973119863031671,-0.17270240916236498
236.29,1.97614341940772,-0.39670912734216895,-0.1694455573577184
236.3,1.97217935012712,-0.3961044275290075,-0.16608695064333767
236.31,1.9682213367638,-0.39549795578750124,-0.16272403638034008
236.32,1.96426939669019,-0.3948897806449081,-0.15948443055125153
236.33,1.96032354660678,-0.39427996861143105,-0.1561075096096142
236.34,1.95638380254835,-0.3936685875440068,-0.1527304292733785
236.35,1.95245017986245,-0.3930557048239969,-0.14951779975808907
236.36,1.94852269324083,-0.39244138526775185,-0.14614390402436767
236.37,1.9446013567255,-0.39182569529390887,-0.1427801153216302
236.38,1.94068618368488,-0.39120870069366637,-0.1396034891388562
236.39,1.93677718685012,-0.3905904643935902,-0.1362538460470645
236.4,1.93287437832103,-0.3899710510225122,-0.13292870273883875
236.41,1.92897776954193,-0.3893505243679966,-0.12981557615649625
236.42,1.92508737134206,-0.3887289450338227,-0.12651368113384717
236.43,1.92120319394252,-0.38810637548224447,-0.12324925661022765
236.44,1.91732524692981,-0.3874828771505116,-0.12022255459945459
236.45,1.9134535393018,-0.3868585079681723,-0.11699736400362915
236.46,1.90958807947436,-0.38623332779924024,-0.1138232837557079
236.47,1.9057288752551,-0.385607395305837,-0.11089841473929293
236.48,1.90187593389212,-0.38498076550540683,-0.1077797028266661
236.49,1.89802926208058,-0.3843534952473415,-0.1047288753175431
236.5,1.89418886593885,-0.38372563996166287,-0.10193374800001823
236.51,1.89035475105862,-0.3830972513677552,-0.0989499806971704
236.52,1.88652692251184,-0.38246838291884544,-0.09605043236348534
236.53,1.88270538482863,-0.38183908644525333,-0.09341432178985988
236.54,1.87889014204919,-0.38120940998966346,-0.0905976929418752
236.55,1.87508119773085,-0.3805794032011608,-0.08787891986224708
236.56,1.87127855492836,-0.37994911395091335,-0.08542414801854147
236.57,1.86748221624613,-0.37931858633941107,-0.08280714351606294
236.58,1.86369218384554,-0.3786878658290823,-0.0803010778816116
236.59,1.85990845942902,-0.37805699596474657,-0.07805057220041688
236.6,1.85613104429097,-0.3774260166525897,-0.07566383880167529
236.61,1.85235993932534,-0.3767949688369132,-0.07339883747869119
236.62,1.84859514501441,-0.37616389143967366,-0.07137689468697263
236.63,1.84483666147697,-0.3755328199295027,-0.06924880853893209
236.64,1.84108448847677,-0.37490179045424993,-0.06725094697523132
236.65,1.83733862541576,-0.3742708370694163,-0.06548186999611108
236.66,1.83359907137924,-0.3736399905864274,-0.06363952507217122
236.67,1.82986582514506,-0.3730092821188302,-0.061931836706153334
236.68,1.82613888518154,-0.3723787406759993,-0.06043499232551851
236.69,1.82241824968842,-0.37174839227816503,-0.05890294785763168
236.7,1.81870391660724,-0.3711182628235721,-0.05750663311775696
236.71,1.81499588362404,-0.37048837613909613,-0.05630044320822792
236.72,1.81129414820533,-0.3698587533519223,-0.055099563678613246
236.73,1.80759870760983,-0.3692294150306604,-0.05403179828577936
236.74,1.80390955889579,-0.3686003797526742,-0.0531328372764016
236.75,1.8002266989514,-0.36797166369359113,-0.05227972965181581
236.76,1.79655012450821,-0.3673432820484157,-0.05155420161182002
236.77,1.79287983215242,-0.3667152481384217,-0.050975938258553385
236.78,1.78921581834976,-0.36608757318341384,-0.05048417201326618
236.79,1.78555807946041,-0.36546026701349543,-0.05011098575905345
236.8,1.78190661175414,-0.3648333377450038,-0.04986300387294878
236.81,1.77826141142908,-0.36420679169841635,-0.04974246547671072
236.82,1.77462247462852,-0.36358063340566166,-0.049727576761109754
236.83,1.77098979745926,-0.3629548658882561,-0.04981840714275415
236.84,1.76736337600426,-0.36232949064825365,-0.050074608462137564
236.85,1.76374320634159,-0.3617045070470781,-0.050419503392858785
236.86,1.76012928456495,-0.36107991318600763,-0.05085081517666022
236.87,1.75652160679043,-0.360455705920254,-0.05148472744575684
236.88,1.7529201691773,-0.359831879626991,-0.05219165246569305
236.89,1.74932496795082,-0.3592084276529184,-0.052968219214654125
236.9,1.74573599940331,-0.35858534234315953,-0.053977090682914855
236.91,1.74215325991686,-0.3579626133244992,-0.05503807408881351
236.92,1.7385767459868,-0.3573402294821004,-0.05615491286650567
236.93,1.73500645421768,-0.3567181789083329,-0.057533908191124604
236.94,1.73144238134772,-0.356096446736424,-0.05894539626504059
236.95,1.72788452427322,-0.35547501762567085,-0.06039921408800494
236.96,1.72433288003949,-0.3548538756484125,-0.062138078299955296
236.97,1.72078744586692,-0.35423300176174644,-0.0638882878969537
236.98,1.71724821917513,-0.3536123767300744,-0.06567074692379478
236.99,1.71371519756975,-0.3529919808952453,-0.0677599851993196
237.0,1.71018837886974,-0.35237179134833635,-0.06982893400987844
237.01,1.70666776113123,-0.351751785373422,-0.07192851313617471
237.02,1.70315334262877,-0.351131939898904,-0.07436089578533879
237.03,1.6996451218868,-0.350512228388152,-0.07678106893924624
237.04,1.69614309770217,-0.3498926245034173,-0.07913486303801037
237.05,1.69264726912501,-0.3492731026290034,-0.0818636543589983
237.06,1.68915763547486,-0.34865363329567395,-0.0846756061469147
237.07,1.6856741963838,-0.34803418632166444,-0.0872533698334744
237.08,1.68219695176797,-0.3474147340115863,-0.09025120432335429
237.09,1.67872590182849,-0.3467952444489053,-0.09342981495197972
237.1,1.67526104711377,-0.3461756840612451,-0.09623913663675938
237.11,1.67180238848407,-0.34555602315509326,-0.09948409883981296
237.12,1.66834992709996,-0.344936227763167,-0.10298838062148756
237.13,1.66490366449662,-0.3443162615286525,-0.10603308911381996
237.14,1.66146360254575,-0.34369609288292063,-0.10951193433540485
237.15,1.65802974343383,-0.3430756861124281,-0.11328242113568207
237.16,1.65460208974359,-0.342455002821999,-0.11660958514481233
237.17,1.65118064441283,-0.3418340092645004,-0.1202735051211934
237.18,1.64776541071639,-0.3412126686285803,-0.12424044991283205
237.19,1.64435639232797,-0.34059094132782486,-0.12790533209258825
237.2,1.64095359330014,-0.33996879106259115,-0.1317038639431399
237.21,1.63755701804217,-0.33934618053349336,-0.13583814373692665
237.22,1.6341666713575,-0.33872306940741875,-0.13982746873763113
237.23,1.63078255845087,-0.33809941912541314,-0.143747322421973
237.24,1.62740468489863,-0.3374751921399929,-0.1480334301698535
237.25,1.62403305666626,-0.3368503476506709,-0.15231283024128123
237.26,1.62066768013742,-0.3362248453235739,-0.1563475902239644
237.27,1.61730856207927,-0.33559864754099483,-0.16076519624542585
237.28,1.61395570964154,-0.33497171335140447,-0.16529640747712018
237.29,1.61060913040414,-0.33434400114950213,-0.16944933817883817
237.3,1.60726883233855,-0.3337154733174197,-0.17398429906954815
237.31,1.60393482379329,-0.33308608899508635,-0.17871893632630229
237.32,1.60060711355283,-0.3324558058887465,-0.182994843875536
237.33,1.59728571079779,-0.331824586434402,-0.1876385109035495
237.34,1.5939706250812,-0.3311923900525001,-0.19250808580166542
237.35,1.59066186639238,-0.3305591744866684,-0.19696355146864505
237.36,1.58735944511585,-0.329924901799659,-0.20167088819837287
237.37,1.58406337201339,-0.3292895322047462,-0.20660428495444932
237.38,1.58077365826524,-0.32865302423657855,-0.21129000327610184
237.39,1.57749031545207,-0.32801533922251125,-0.216025005785338
237.4,1.57421335553368,-0.32737643854267584,-0.22100520727804393
237.41,1.57094279086761,-0.32673628177091,-0.2258908507140338
237.42,1.56767863421468,-0.32609482987532856,-0.23065566014398609
237.43,1.56442089871258,-0.3254520454359126,-0.23567901872608538
237.44,1.56116959787848,-0.3248078891681753,-0.24071213426201082
237.45,1.55792474563032,-0.3241623222514238,-0.24550345354674974
237.46,1.55468635625678,-0.32351530855350513,-0.2505750353544873
237.47,1.55145444440915,-0.32286680991034566,-0.25576061838761793
237.48,1.54822902513554,-0.32221678771466683,-0.260571567879338
237.49,1.54501011384964,-0.32156520725225385,-0.26563152023801045
237.5,1.54179772630646,-0.32091203212974617,-0.27088357848221867
237.51,1.53859187864678,-0.32025722473633855,-0.27588890107523817
237.52,1.53539258736823,-0.3196007502580108,-0.28085936136676815
237.53,1.53219986931216,-0.3189425747872436,-0.2860571630937385
237.54,1.52901374166046,-0.31828266287307805,-0.291309720618049
237.55,1.52583422195909,-0.31762097921507937,-0.29622284747107097
237.56,1.52266132808844,-0.31695749204074997,-0.30139933977521605
237.57,1.51949507824181,-0.31629216785416714,-0.30670483737492044
237.58,1.51633549096711,-0.31562497257958494,-0.3117433412361289
237.59,1.51318258513095,-0.31495587504984196,-0.31685680475131134
237.6,1.51003637991111,-0.314284844078074,-0.32210042724615306
237.61,1.50689689479979,-0.31361184786050655,-0.3273249936332277
237.62,1.5037641496072,-0.31293685538691385,-0.33237608005100244
237.63,1.50063816444293,-0.31225983771667004,-0.3375914161194134
237.64,1.49751895970266,-0.31158076508367627,-0.34287947785307316
237.65,1.49440655608947,-0.3108996076954122,-0.34796853409515677
237.66,1.49130097458956,-0.310216338038923,-0.35314098880102046
237.67,1.48820223646158,-0.3095309285151726,-0.35840293589802763
237.68,1.48511036324421,-0.3088433513301533,-0.36359435077572083
237.69,1.48202537674849,-0.30815357990982006,-0.36869911661884436
237.7,1.47894729904446,-0.30746158899710074,-0.37394303675223933
237.71,1.47587615245276,-0.3067673527493357,-0.3792095483492081
237.72,1.47281195955802,-0.30607084571691406,-0.38437194490510157
237.73,1.46975474318689,-0.305372043980832,-0.38946914829165596
237.74,1.46670452640353,-0.30467092476034,-0.3947115702416337
237.75,1.46366133249454,-0.303967464630008,-0.3999977617418893
237.76,1.46062518499046,-0.3032616403939925,-0.4051478273673893
237.77,1.45759610763793,-0.302553430626081,-0.41025372888567685
237.78,1.45457412439793,-0.3018428148859202,-0.4154772365850849
237.79,1.45155925942943,-0.30112977232982785,-0.42074897934483485
237.8,1.44855153710877,-0.30041428231841194,-0.4258948433429136
237.81,1.44555098200423,-0.2996963258483384,-0.43104657349455455
237.82,1.44255761887454,-0.2989758845109917,-0.4362460508410475
237.83,1.43957147265739,-0.29825294008382264,-0.4414706951918732
237.84,1.43659256847537,-0.29752747474757574,-0.446630217858644
237.85,1.43362093162093,-0.29679947179174215,-0.4518307948825091
237.86,1.43065658755257,-0.296068914813256,-0.4570154888374711
237.87,1.42769956189,-0.29533578812699357,-0.4621942387226883
237.88,1.42474988040552,-0.2946000767038178,-0.4673773863696496
237.89,1.42180756901977,-0.2938617660629343,-0.4726021067480613
237.9,1.41887265379519,-0.2931208420069979,-0.47779001661525294
237.91,1.41594516093491,-0.29237729123790895,-0.4829486356459032
237.92,1.41302511676748,-0.2916311012948277,-0.4881446802290968
237.93,1.41011254774664,-0.29088226000951733,-0.4933866958245677
237.94,1.40720748044441,-0.29013075545026673,-0.4985923366668504
237.95,1.40430994155149,-0.28937657658624405,-0.5037475796675355
237.96,1.40141995786031,-0.2886197133846691,-0.5089458456523321
237.97,1.39853755626419,-0.28786015605233123,-0.5142352040328542
237.98,1.39566276375217,-0.28709789469092417,-0.5194691816700351
237.99,1.39279560741265,-0.28633292045316583,-0.524602974205479
238.0,1.3899361144109,-0.2855652258581698,-0.5298348962986925
238.01,1.38708431198841,-0.28479480331749335,-0.535043954983346
238.02,1.38424022746123,-0.28402164585574763,-0.5404890978646946
238.03,1.38140388821339,-0.28324574542783293,-0.5456694298271318
238.04,1.37857532171343,-0.2824670965803337,-0.5507495312240277
238.05,1.37575455545735,-0.2816856952114274,-0.5561112241152502
238.06,1.37294161700255,-0.28090153574950966,-0.5614077081621052
238.07,1.37013653395172,-0.2801146134962481,-0.5668902467645166
238.08,1.36733933395833,-0.27932492315133617,-0.5720489309772829
238.09,1.36455004472314,-0.27853246237758794,-0.5772261286411005
238.1,1.36176869395207,-0.2777372293402562,-0.5826159121767632
238.11,1.35899530938695,-0.27693922115140474,-0.5881248254465209
238.12,1.35622991878964,-0.27613843458458853,-0.5935563017401926
238.13,1.35347254996187,-0.275334867692593,-0.598702770299932
238.14,1.35072323070158,-0.27452852115866977,-0.6041007026639336
238.15,1.34798198880558,-0.27371939454840144,-0.6094915662247106
238.16,1.34524885207836,-0.2729074877924953,-0.6152556730447999
238.17,1.34252384832192,-0.27209279892382865,-0.6206008994898081
238.18,1.3398070053674,-0.2712753295560829,-0.6257745350952312
238.19,1.33709835098876,-0.2704550831005829,-0.6314374908115818
238.2,1.33439791295981,-0.26963206020357844,-0.6369567852260121
238.21,1.33170571903327,-0.2688062628015908,-0.642753432139006
238.22,1.32902179694791,-0.267977691734241,-0.6481448849586148
238.23,1.32634617442975,-0.2671463512194846,-0.6535488913645017
238.24,1.32367887913976,-0.2663122460252502,-0.6592595239283237
238.25,1.32101993871441,-0.2654753793204142,-0.6650837900284713
238.26,1.31836938074822,-0.26463575398516703,-0.6708663626442997
238.27,1.31572723281588,-0.26379337393241575,-0.676310674173363
238.28,1.31309352242974,-0.26294824593843064,-0.6820391535917284
238.29,1.31046827703846,-0.26210037556598603,-0.6877726875302727
238.3,1.30785152404147,-0.2612497685843318,-0.6940854089820315
238.31,1.30524329077764,-0.2603964277292518,-0.6997503729981662
238.32,1.3026436045733,-0.25954036066273556,-0.7051732494555911
238.33,1.30005249262061,-0.25868157722026,-0.7113985004176865
238.34,1.29746998206476,-0.2578200827498489,-0.7171748800631386
238.35,1.29489609997575,-0.25695588559724314,-0.7236248123085239
238.36,1.2923308733444,-0.2560889905897442,-0.7297399903133601
238.37,1.2897743291294,-0.25521940542283517,-0.735293458684051
238.38,1.28722649416473,-0.2543471419916547,-0.7415109827914931
238.39,1.28468739518913,-0.2534722086942406,-0.7476941294463748
238.4,1.28215705886124,-0.2525946144039226,-0.7541141750219987
238.41,1.27963551174479,-0.25171436700508665,-0.760783836290506
238.42,1.27712278033848,-0.2508314737005006,-0.7666358257131434
238.43,1.27461889104766,-0.24994594742033435,-0.7727696809455485
238.44,1.27212387012826,-0.2490578000241661,-0.7794333829630474
238.45,1.26963774375347,-0.24816704061133196,-0.7858511231101878
238.46,1.26716053798786,-0.2472736799810804,-0.7930088699466517
238.47,1.26469227879782,-0.24637772541016845,-0.7992608070740292
238.48,1.26223299208079,-0.2454791903285125,-0.8054233124933134
238.49,1.25978270354613,-0.2445780893421623,-0.8125240260836892
238.5,1.25734143881376,-0.24367443212465942,-0.8190646805142394
238.51,1.25490922338264,-0.24276823171175227,-0.8266260768942557
238.52,1.25248608262783,-0.2418594960999961,-0.8333176685265429
238.53,1.2500720418641,-0.2409482391076671,-0.8396597605651649
238.54,1.24766712619744,-0.2400344772320003,-0.8471219179262648
238.55,1.24527136063244,-0.2391182211845792,-0.8540579107956593
238.56,1.24288477004239,-0.23819948485132397,-0.8616583379606908
238.57,1.24050737916585,-0.23727827911008137,-0.8690337419695551
238.58,1.23813921264688,-0.23635461689392273,-0.8758660465693144
238.59,1.23578029496157,-0.2354285149076596,-0.8833327487511589
238.6,1.23343065043542,-0.23449998696616348,-0.8908730330866661
238.61,1.23109030326309,-0.23356904684583846,-0.8985929297675608
238.62,1.22875927749498,-0.23263570783791748,-0.9066364490513372
238.63,1.22643759705955,-0.23169998230300748,-0.9139795420292143
238.64,1.22412528574765,-0.23076188719975596,-0.9215675424665147
238.65,1.22182236716081,-0.2298214388269863,-0.9297187246811738
238.66,1.21952886476903,-0.22887865096706816,-0.9376510514337524
238.67,1.21724480188983,-0.22793353890535423,-0.9463429270415288
238.68,1.21497020169586,-0.22698611475524544,-0.9542438403977687
238.69,1.21270508724409,-0.2260363956445725,-0.9620702864258726
238.7,1.21044948137374,-0.22508439978833156,-0.9708306523384829
238.71,1.20820340679022,-0.22413014113408422,-0.9791168188339804
238.72,1.2059668860395,-0.2231736363570917,-0.9883502063494641
238.73,1.20373994150626,-0.2222148980960792,-0.9969017974870075
238.74,1.20152259546491,-0.22125394334616688,-1.005148537469733
238.75,1.19931486996503,-0.22029079139816815,-1.0144202289083841
238.76,1.1971167869112,-0.2193254569911633,-1.0233284252078767
238.77,1.19492836804436,-0.21835795706467062,-1.0328194488921734
238.78,1.19274963493849,-0.21738830638734497,-1.042225974639972
238.79,1.19058060903111,-0.21641652098933947,-1.051185458842316
238.8,1.18842131157168,-0.2154426199244201,-1.0607128685042253
238.81,1.1862717636286,-0.21446662014366624,-1.0704184799241845
238.82,1.18413198610934,-0.21348853824257885,-1.0802803178993678
238.83,1.18200199974963,-0.21250839065150018,-1.0905229777934327
238.84,1.17988182512903,-0.21152619282542678,-1.10022744064581
238.85,1.1777714826643,-0.21054196367016517,-1.1101616515930495
238.86,1.17567099256575,-0.2095557217340005,-1.1206741618276272
238.87,1.17358037488381,-0.20856748344833348,-1.1310303021601649
238.88,1.17149964949319,-0.20757726648859554,-1.1421102373141592
238.89,1.16942883609762,-0.20658508601724135,-1.1526078394786246
238.9,1.16736795425486,-0.20559096082266398,-1.1630844849343205
238.91,1.16531702329924,-0.20459491057825224,-1.1744222689102557
238.92,1.16327606240487,-0.2035969516985925,-1.1854243932690534
238.93,1.16124509056709,-0.20259710260691807,-1.19733841878744
238.94,1.15922412660149,-0.2015953784692548,-1.2087041984739917
238.95,1.15721318918503,-0.20059179789608067,-1.2198338224945195
238.96,1.1552122967647,-0.19958638140940196,-1.2319700029383698
238.97,1.1532214676203,-0.19857914576066893,-1.2439273082313187
238.98,1.15124071985278,-0.19757010914974726,-1.2560446006024288
238.99,1.14927007138095,-0.19655928975774728,-1.2690580494175545
239.0,1.14730953994787,-0.19554670273708163,-1.2812502503015217
239.01,1.14535914315195,-0.19453236786884193,-1.2934251078436318
239.02,1.14341889834923,-0.1935163058693401,-1.3067562431915638
239.03,1.14148882273609,-0.19249853320749133,-1.3197074467897298
239.04,1.13956893332531,-0.19147906862549785,-1.3331599751699896
239.05,1.13765924694549,-0.19045792956033,-1.3470895388033277
239.06,1.13575978025949,-0.18943513240550214,-1.3603337487990406
239.07,1.13387054975677,-0.1884106974898418,-1.3739320539904367
239.08,1.13199157170421,-0.18738464453466425,-1.3883474248954073
239.09,1.13012286220203,-0.18635699063908237,-1.4025048615569549
239.1,1.12826443716573,-0.18532775467950957,-1.4174048766471379
239.11,1.12641631232562,-0.18429695341841507,-1.432296480060429
239.12,1.12457850325447,-0.18326460470424374,-1.4467905795092848
239.13,1.12275102532216,-0.18223072902933865,-1.462013474697416
239.14,1.12093389370256,-0.1811953448419168,-1.4775891743429568
239.15,1.11912712339386,-0.18015847001174867,-1.4931102718615312
239.16,1.1173307292091,-0.17912012343167158,-1.5095668880632163
239.17,1.11554472577589,-0.17808032131157078,-1.5255898238407193
239.18,1.1137691275706,-0.17703908269232627,-1.5415017251107908
239.19,1.11200394884325,-0.175996428071253,-1.55846702679039
239.2,1.11024920367106,-0.17495237478283485,-1.5753493935024243
239.21,1.10850490594812,-0.17390694135900517,-1.5925045806386133
239.22,1.1067710693835,-0.17286014624033158,-1.61042312122462
239.23,1.10504770750585,-0.1718120060273387,-1.6279130033007105
239.24,1.10333483368174,-0.1707625401117463,-1.6455494924970406
239.25,1.10163246105732,-0.16971176838608087,-1.6641434428627895
239.26,1.09994060260867,-0.16865970814591663,-1.6826280240008742
239.27,1.09825927112762,-0.167606378033582,-1.7016206713416742
239.28,1.09658847922165,-0.16655179587591515,-1.7210816872486068
239.29,1.09492823932519,-0.1654959789274139,-1.7402660414014581
239.3,1.09327856369434,-0.16443894664975867,-1.7598697567388533
239.31,1.09163946438043,-0.1633807180821678,-1.7801770579192746
239.32,1.09001095326154,-0.16232131077965803,-1.800489638642726
239.33,1.08839304203265,-0.16126074329025908,-1.8215326329079473
239.34,1.08678574220566,-0.16019903271715838,-1.8427004134575238
239.35,1.08518906512822,-0.1591361969699982,-1.863745909205084
239.36,1.08360302195216,-0.158072255619172,-1.8855410728178699
239.37,1.08202762364105,-0.1570072267604916,-1.9077515159969085
239.38,1.0804628809826,-0.1559411281600883,-1.9301267574603238
239.39,1.078908804583,-0.15487397815599677,-1.953214970069512
239.4,1.07736540486697,-0.1538057938350712,-1.976544954308437
239.41,1.07583269209473,-0.15273659277551532,-1.999747083998262
239.42,1.07431067633665,-0.15166639429867734,-2.023681889828827
239.43,1.0727993674735,-0.15059521648258153,-2.0481458175218656
239.44,1.07129877521297,-0.1495230768226663,-2.072791004550329
239.45,1.0698089090832,-0.14844999343199458,-2.098125148864588
239.46,1.06832977843297,-0.14737598341715658,-2.123823403179134
239.47,1.06686139244534,-0.14630106406324414,-2.1494484041313986
239.48,1.06540376012015,-0.145225254278758,-2.175759298442865
239.49,1.06395689026823,-0.14414857205333384,-2.2026935744010347
239.5,1.06252079152954,-0.143071034640165,-2.2298511075075678
239.51,1.06109547236686,-0.14199265988225446,-2.257663367321649
239.52,1.05968094106601,-0.1409134648879947,-2.285948422587167
239.53,1.05827720574586,-0.13983346670216798,-2.3142585265122126
239.54,1.0568842743481,-0.1387526837446677,-2.343208849007347
239.55,1.05550215462784,-0.1376711338241669,-2.372845415409408
239.56,1.05413085417121,-0.1365888339814214,-2.4027652527569057
239.57,1.05277038038964,-0.13550580177316512,-2.433323822776556
239.58,1.05142074052027,-0.13442205422516582,-2.4644413593260657
239.59,1.0500819416331,-0.13333760815333145,-2.495686058085119
239.6,1.04875399062591,-0.13225248151249777,-2.5275468138476205
239.61,1.04743689421316,-0.1311666918734078,-2.560143718616978
239.62,1.04613065894225,-0.13008025605432683,-2.5930866779202244
239.63,1.04483529118863,-0.12899319131718195,-2.6266731576835296
239.64,1.04355079715619,-0.12790551452491936,-2.6608948817650373
239.65,1.04227718288274,-0.12681724223350122,-2.6953239133152254
239.66,1.04101445423812,-0.12572839198933447,-2.73037022322766
239.67,1.03976261691209,-0.12463898109590366,-2.766203960933748
239.68,1.03852167642971,-0.12354902611766971,-2.8024214169082686
239.69,1.03729163814697,-0.1224585440514181,-2.8393988162645583
239.7,1.03607250725128,-0.1213675512609147,-2.877202316382664
239.71,1.03486428877082,-0.12027606345599111,-2.9147671871924508
239.72,1.03366698757182,-0.11918409878307243,-2.953026418769041
239.73,1.03248060832601,-0.11809167506516838,-2.992490693743635
239.74,1.03130515554677,-0.11699880838017171,-3.031661339102956
239.75,1.03014063357824,-0.11590551671950555,-3.074758759762291
239.76,1.02898704659528,-0.1148118089585796,-3.1149851162609155
239.77,1.02784439872043,-0.11371770421032916,-3.154169119353325
239.78,1.02671269375932,-0.11262322628124619,-3.1980367907404714
239.79,1.0255919353958,-0.11152838767733986,-3.2405417264571437
239.8,1.02448212715199,-0.11043320568767298,-3.285221385774749
239.81,1.02338327238307,-0.10933769338682213,-3.330949843382155
239.82,1.02229537434,-0.10824186315892179,-3.3737829935628443
239.83,1.0212184361063,-0.10714573739409687,-3.418590385638953
239.84,1.0201524605169,-0.10604933489674062,-3.466007145745541
239.85,1.01909745028556,-0.10495266895740134,-3.512227940715334
239.86,1.01805340796169,-0.10385575701058655,-3.563602637708892
239.87,1.01702033593951,-0.10275860505300864,-3.6103377660754767
239.88,1.01599823658977,-0.10166123385224046,-3.6562787796973293
239.89,1.01498711191656,-0.1005636681333244,-3.7084956979259114
239.9,1.01398696384036,-0.09946591778884166,-3.7581105940198594
239.91,1.01299779412023,-0.09836800039525843,-3.811335664056305
239.92,1.01201960435379,-0.09726992614899807,-3.8642206312301615
239.93,1.01105239607143,-0.0961717084484115,-3.9141204692961167
239.94,1.01009617058784,-0.09507337063174674,-3.9674472891066053
239.95,1.00915092900644,-0.09397492896133601,-4.022454331032788
239.96,1.00821667230968,-0.09287639676032744,-4.076992561345888
239.97,1.00729340132151,-0.09177779002749742,-4.134393113178931
