T,R
0,0.000402954993089813
0.00999999999999091,0.000401140639571911
0.0199999999999818,0.000399331149304853
0.0299999999999727,0.000397526585981804
0.039999999999992,0.000395727011924343
0.0499999999999829,0.000393932488102489
0.0599999999999739,0.000392143073562241
0.0699999999999932,0.000390358826479463
0.0799999999999841,0.00038857980377943
0.089999999999975,0.000386806060942411
0.0999999999999943,0.000385037652146975
0.109999999999985,0.000383274630521294
0.119999999999976,0.000381517047986315
0.129999999999995,0.000379764954867713
0.139999999999986,0.00037801840045539
0.149999999999977,0.000376277432845003
0.159999999999997,0.000374542098956104
0.169999999999987,0.000372812444692009
0.179999999999978,0.000371088514712883
0.189999999999998,0.000369370352531196
0.199999999999989,0.000367658000602988
0.20999999999998,0.000365951500308623
0.219999999999999,0.000364250891971607
0.22999999999999,0.000362556213820494
0.239999999999981,0.000360867504360437
0.25,0.0003591848006113
0.259999999999991,0.000357508138537193
0.269999999999982,0.000355837553087647
0.279999999999973,0.000354173078145575
0.289999999999992,0.000352514746335848
0.299999999999983,0.000350862589739959
0.309999999999974,0.000349216639293945
0.319999999999993,0.000347576924976822
0.329999999999984,0.000345943475824485
0.339999999999975,0.000344316320101998
0.349999999999994,0.000342695485230249
0.359999999999985,0.000341080997460248
0.369999999999976,0.000339472882306269
0.379999999999995,0.000337871164427818
0.389999999999986,0.000336275867644892
0.399999999999977,0.000334687014615015
0.409999999999997,0.00033310462740567
0.419999999999987,0.000331528727387532
0.429999999999978,0.000329959335025651
0.439999999999998,0.000328396469997029
0.449999999999989,0.000326840151204134
0.45999999999998,0.000325290396168633
0.469999999999999,0.000323747222396448
0.47999999999999,0.000322210646411403
0.489999999999981,0.000320680683958431
0.5,0.000319157350043914
0.509999999999991,0.000317640659017075
0.519999999999982,0.000316130624858912
0.529999999999973,0.000314627260301746
0.539999999999992,0.000313130577624793
0.549999999999983,0.000311640588444054
0.559999999999974,0.00031015730372491
0.569999999999993,0.000308680733784876
0.579999999999984,0.000307210888118276
0.589999999999975,0.00030574777587967
0.599999999999994,0.000304291405509458
0.609999999999985,0.000302841784852431
0.619999999999976,0.000301398921169798
0.629999999999995,0.000299962821151247
0.639999999999986,0.000298533489627693
0.649999999999977,0.000297110932480941
0.659999999999997,0.000295695154511394
0.669999999999987,0.000294286159885605
0.679999999999978,0.000292883952203756
0.689999999999998,0.000291488534508091
0.699999999999989,0.000290099909696864
0.70999999999998,0.000288718079717013
0.719999999999999,0.000287343046035238
0.72999999999999,0.000285974809676682
0.739999999999981,0.000284613371170941
0.75,0.000283258730561854
0.759999999999991,0.000281910888153136
0.769999999999982,0.000280569843252934
0.779999999999973,0.000279235594522422
0.789999999999992,0.00027790814044277
0.799999999999983,0.000276587479102693
0.809999999999974,0.000275273608211166
0.819999999999993,0.000273966523806457
0.829999999999984,0.000272666221973845
0.839999999999975,0.000271372699506101
0.849999999999994,0.000270085952104251
0.859999999999985,0.000268805975055404
0.869999999999976,0.000267532763238863
0.879999999999995,0.000266266310574731
0.889999999999986,0.000265006610411197
0.899999999999977,0.000263753656616269
0.909999999999997,0.000262507442160325
0.919999999999987,0.000261267959582213
0.929999999999978,0.000260035200991667
0.939999999999998,0.00025880915983459
0.949999999999989,0.000257589831381958
0.95999999999998,0.000256377205093409
0.969999999999999,0.000255171272661385
0.97999999999999,0.000253972025556137
0.989999999999981,0.000252779455040742
1,0.00025159355218615
1.00999999999999,0.000250414304746579
1.01999999999998,0.000249241702935606
1.02999999999997,0.000248075736791812
1.03999999999999,0.000246916395413022
1.04999999999998,0.000245763667547224
1.05999999999997,0.000244617541765671
1.06999999999999,0.000243478006570585
1.07999999999998,0.000242345049574851
1.08999999999997,0.000241218658299504
1.09999999999999,0.000240098819940308
1.10999999999999,0.000238985521368384
1.11999999999998,0.000237878752684972
1.13,0.000236778499944975
1.13999999999999,0.000235684749857104
1.14999999999998,0.000234597489333999
1.16,0.000233516705193916
1.16999999999999,0.000232442383411399
1.17999999999998,0.000231374509415397
1.19,0.000230313069984229
1.19999999999999,0.000229258051095506
1.20999999999998,0.000228209438605318
1.22,0.000227167218256898
1.22999999999999,0.000226131371503845
1.23999999999998,0.00022510188479859
1.25,0.000224078742465861
1.25999999999999,0.000223061928499618
1.26999999999998,0.000222051426590643
1.27999999999997,0.000221047222015945
1.28999999999999,0.000220049299756183
1.29999999999998,0.00021905764247963
1.30999999999997,0.000218072233833142
1.31999999999999,0.000217093057339534
1.32999999999998,0.000216120096481435
1.33999999999997,0.000215153335651597
1.34999999999999,0.000214192757806932
1.35999999999999,0.000213238346384802
1.36999999999998,0.00021229008479994
1.38,0.000211347956457307
1.38999999999999,0.000210411942508329
1.39999999999998,0.000209482025145251
1.41,0.000208558187760613
1.41999999999999,0.000207640412732946
1.42999999999998,0.000206728682310569
1.44,0.000205822978611593
1.44999999999999,0.000204923283308942
1.45999999999998,0.000204029578247765
1.47,0.000203141845164409
1.47999999999999,0.000202260065583885
1.48999999999998,0.000201384220894466
1.5,0.0002005142923477
1.50999999999999,0.000199650265132918
1.51999999999998,0.000198792119406194
1.52999999999997,0.000197939836296685
1.53999999999999,0.000197093397300303
1.54999999999998,0.000196252783846898
1.55999999999997,0.000195417977300243
1.56999999999999,0.000194588961387234
1.57999999999998,0.000193765716399708
1.58999999999997,0.000192948223859947
1.59999999999999,0.000192136465274131
1.60999999999999,0.000191330422118319
1.61999999999998,0.000190530075610422
1.63,0.000189735404770775
1.63999999999999,0.000188946391943782
1.64999999999998,0.0001881630180735
1.66,0.00018738526403442
1.66999999999999,0.000186613110631469
1.67999999999998,0.000185846538893356
1.69,0.000185085530714244
1.69999999999999,0.000184330066194602
1.70999999999998,0.000183580126110588
1.72,0.000182835691192437
1.72999999999999,0.000182096742124473
1.73999999999998,0.000181363260433328
1.75,0.000180635228514772
1.75999999999999,0.000179912625995654
1.76999999999998,0.000179195433760741
1.77999999999997,0.000178483632681619
1.78999999999999,0.000177777203616696
1.79999999999998,0.000177076127411203
1.80999999999997,0.000176380386108601
1.81999999999999,0.000175689960495145
1.82999999999998,0.000175004831277975
1.83999999999997,0.000174324979472702
1.84999999999999,0.000173650386100131
1.85999999999999,0.000172981032186271
1.86999999999998,0.000172316898898988
1.88,0.000171657968142151
1.88999999999999,0.000171004220543763
1.89999999999998,0.000170355637281596
1.91,0.000169712199549957
1.91999999999999,0.000169073888559698
1.92999999999998,0.000168440685538202
1.94,0.000167812572049913
1.94999999999999,0.000167189529527283
1.95999999999998,0.00016657153913709
1.97,0.000165958582253543
1.97999999999999,0.000165350640274139
1.98999999999998,0.000164747694619658
2,0.00016414972673416
2.00999999999999,0.000163556719396161
2.01999999999998,0.000162968653533413
2.02999999999997,0.000162385510800796
2.03999999999999,0.000161807272914533
2.04999999999998,0.000161233921628616
2.05999999999997,0.000160665438734796
2.06999999999999,0.000160101806444407
2.07999999999998,0.000159543007248487
2.08999999999997,0.000158989022726707
2.09999999999999,0.000158439834968614
2.10999999999999,0.00015789542611399
2.11999999999998,0.000157355778352837
2.13,0.000156820873925386
2.13999999999999,0.000156290696178589
2.14999999999998,0.000155765227177656
2.16,0.000155244449190619
2.16999999999999,0.000154728344766509
2.17999999999998,0.00015421689651168
2.19,0.000153710087089808
2.19999999999999,0.000153207899221898
2.20999999999998,0.000152710315686276
2.22,0.000152217319562734
2.22999999999999,0.000151728894909054
2.23999999999998,0.00015124502392892
2.25,0.000150765689745036
2.25999999999999,0.000150290875545319
2.26999999999998,0.000149820564582888
2.27999999999997,0.000149354740176074
2.28999999999999,0.000148893385708413
2.29999999999998,0.000148436484628656
2.30999999999997,0.000147984021763511
2.31999999999999,0.000147535981099289
2.32999999999998,0.000147092345688119
2.33999999999997,0.000146653099428169
2.34999999999999,0.000146218226295396
2.35999999999999,0.000145787710343549
2.36999999999998,0.000145361535704165
2.38,0.000144939686586569
2.38999999999999,0.000144522147277878
2.39999999999998,0.00014410890404898
2.41,0.000143699940293581
2.41999999999999,0.00014329524063519
2.42999999999998,0.000142894789826866
2.44,0.000142498572709517
2.44999999999999,0.000142106574211908
2.45999999999998,0.000141718779350652
2.47,0.00014133517323021
2.47999999999999,0.000140955741409071
2.48999999999998,0.000140580469730921
2.5,0.000140209343135331
2.50999999999999,0.000139842347163733
2.51999999999998,0.000139479467451197
2.52999999999997,0.000139120689726435
2.53999999999999,0.000138765999811799
2.54999999999998,0.000138415383623287
2.55999999999997,0.000138068827170532
2.56999999999999,0.00013772631748175
2.57999999999998,0.000137387840573933
2.58999999999997,0.000137053382594087
2.59999999999999,0.000136722930025307
2.60999999999999,0.000136396469450849
2.61999999999998,0.000136073987554127
2.63,0.000135755471118715
2.63999999999999,0.000135440907028351
2.64999999999998,0.000135130282515826
2.66,0.000134823586116809
2.66999999999999,0.000134520803965022
2.67999999999998,0.000134221923439066
2.69,0.000133926932023112
2.69999999999999,0.000133635817306904
2.70999999999998,0.000133348566985756
2.72,0.00013306516886055
2.72999999999999,0.000132785610837744
2.73999999999998,0.000132509880929364
2.75,0.000132237967253005
2.75999999999999,0.000131969859014019
2.76999999999998,0.000131705544530953
2.77999999999997,0.000131445011868143
2.78999999999999,0.000131188249649301
2.79999999999998,0.000130935246608393
2.80999999999997,0.000130685991589634
2.81999999999999,0.000130440473547492
2.82999999999998,0.000130198681546689
2.83999999999997,0.000129960604762197
2.84999999999999,0.000129726232479241
2.85999999999999,0.000129495554469983
2.86999999999998,0.000129268562705865
2.88,0.000129045245036251
2.88999999999999,0.000128825591343492
2.89999999999998,0.000128609591629158
2.91,0.000128397236014045
2.91999999999999,0.000128188514738174
2.92999999999998,0.000127983418160788
2.94,0.000127781936760354
2.94999999999999,0.000127584061134563
2.95999999999998,0.00012738978200033
2.97,0.000127199090808617
2.97999999999999,0.00012701197853178
2.98999999999998,0.000126828435997407
3,0.00012664845445295
3.00999999999999,0.000126472025268083
3.01999999999998,0.000126299139934699
3.02999999999997,0.000126129790066917
3.03999999999999,0.000125963967401072
3.04999999999998,0.000125801663795725
3.05999999999997,0.000125642871231656
3.06999999999999,0.000125487582026862
3.07999999999998,0.000125335789998856
3.08999999999997,0.000125187486365134
3.09999999999999,0.000125042663693765
3.10999999999999,0.000124901314680699
3.11999999999998,0.000124763432149763
3.13,0.000124629009052668
3.13999999999999,0.000124498038469004
3.14999999999998,0.000124370513606242
3.16,0.000124246427799733
3.16999999999999,0.00012412577451271
3.17999999999998,0.000124008548188411
3.19,0.000123894742603141
3.19999999999999,0.000123784351239198
3.20999999999998,0.00012367736814737
3.22,0.000123573787510574
3.22999999999999,0.000123473603643863
3.23999999999998,0.000123376810994419
3.25,0.00012328340414156
3.25999999999999,0.000123193377796733
3.26999999999998,0.000123106726803522
3.27999999999997,0.000123023446230233
3.28999999999999,0.00012294353200076
3.29999999999998,0.000122866978849392
3.30999999999997,0.000122793782227336
3.31999999999999,0.000122723937726119
3.32999999999998,0.000122657441077948
3.33999999999997,0.000122594288156074
3.34999999999999,0.000122534474975149
3.35999999999999,0.000122477997691592
3.36999999999998,0.000122424852603944
3.38,0.00012237503615323
3.38999999999999,0.000122328544923326
3.39999999999998,0.000122285375641309
3.41,0.000122245525528835
3.41999999999999,0.000122208991450748
3.42999999999998,0.00012217577053131
3.44,0.000122145860100106
3.44999999999999,0.000122119257633935
3.45999999999998,0.000122095960757254
3.47,0.000122075967242613
3.47999999999999,0.000122059275011104
3.48999999999998,0.000122045882132795
3.5,0.000122035786827175
3.50999999999999,0.000122028987463598
3.51999999999998,0.000122025482561715
3.52999999999997,0.000122025271109645
3.53999999999999,0.000122028352019909
3.54999999999998,0.000122034724084587
3.55999999999997,0.000122044386465225
3.56999999999999,0.000122057338478988
3.57999999999998,0.000122073579599209
3.58999999999997,0.00012209310945595
3.59999999999999,0.000122115927836553
3.60999999999999,0.000122142034686202
3.61999999999998,0.000122171430108471
3.63,0.000122204114365887
3.63999999999999,0.00012224008788048
3.64999999999998,0.000122279350894491
3.66,0.000122321903322318
3.66999999999999,0.000122367746744657
3.67999999999998,0.000122416882147253
3.69,0.000122469310671204
3.69999999999999,0.00012252503361326
3.70999999999998,0.000122584052426116
3.72,0.000122646368718715
3.72999999999999,0.000122711984256541
3.73999999999998,0.00012278090096192
3.75,0.000122853120914315
3.75999999999999,0.000122928646350624
3.76999999999998,0.000123007479665478
3.77999999999997,0.00012308962469304
3.78999999999999,0.000123175083303171
3.79999999999998,0.000123263858434179
3.80999999999997,0.00012335595319338
3.81999999999999,0.000123451370853917
3.82999999999998,0.000123550114855303
3.83999999999997,0.000123652188803952
3.84999999999999,0.000123757596473723
3.85999999999999,0.000123866341806452
3.86999999999998,0.000123978428912491
3.88,0.000124093862071247
3.88999999999999,0.000124212645731717
3.89999999999998,0.000124334785385559
3.91,0.000124460285654701
3.91999999999999,0.00012458915127889
3.92999999999998,0.000124721387467081
3.94,0.000124856999606986
3.94999999999999,0.000124995993265846
3.95999999999998,0.000125138374191211
3.97,0.000125284148311709
3.97999999999999,0.000125433321737825
3.98999999999998,0.000125585900762673
4,0.000125741891862774
4.00999999999999,0.000125901301698827
4.01999999999998,0.000126064136695003
4.02999999999997,0.000126230403519471
4.03999999999999,0.000126400109790754
4.04999999999998,0.00012657326285229
4.05999999999997,0.00012674987023026
4.06999999999999,0.000126929939634159
4.07999999999998,0.000127113478957375
4.08999999999997,0.000127300496277769
4.09999999999999,0.000127490999858252
4.10999999999999,0.000127684998147361
4.11999999999998,0.000127882499779841
4.13,0.00012808351357722
4.13999999999999,0.000128288048624824
4.14999999999998,0.000128496114537106
4.16,0.000128707720370017
4.16999999999999,0.000128922875721556
4.17999999999998,0.000129141590381196
4.19,0.000129363874330522
4.19999999999999,0.000129589737743862
4.20999999999998,0.00012981919098893
4.22,0.000130052244627464
4.22999999999999,0.000130288909415855
4.23999999999998,0.000130529196305794
4.25,0.000130773116444901
4.25999999999999,0.000131020681177366
4.26999999999998,0.000131271902044586
4.27999999999997,0.000131526790818712
4.28999999999999,0.000131785362442792
4.29999999999998,0.000132047626919206
4.30999999999997,0.000132313596715042
4.31999999999999,0.000132583284507811
4.32999999999998,0.000132856703186412
4.33999999999997,0.000133133865852103
4.34999999999999,0.000133414785819473
4.35999999999999,0.000133699476617398
4.36999999999998,0.000133987951990025
4.38,0.000134280225897728
4.38999999999999,0.000134576312518077
4.39999999999998,0.000134876226246816
4.41,0.000135179981698819
4.41999999999999,0.000135487593709063
4.42999999999998,0.000135799077792636
4.44,0.000136114448985624
4.44999999999999,0.000136433722750936
4.45999999999998,0.000136756914838153
4.47,0.000137084041223618
4.47999999999999,0.000137415118111458
4.48999999999998,0.000137750161934617
4.5,0.000138089189355879
4.50999999999999,0.000138432217268894
4.51999999999998,0.000138779262799206
4.52999999999997,0.000139130343305279
4.53999999999999,0.000139485476379525
4.54999999999998,0.000139844679849325
4.55999999999997,0.00014020797177806
4.56999999999999,0.00014057537017512
4.57999999999998,0.000140946893654001
4.58999999999997,0.000141322561071804
4.59999999999999,0.000141702391427314
4.60999999999999,0.00014208640395904
4.61999999999998,0.000142474618146198
4.63,0.000142867053709688
4.63999999999999,0.000143263730613077
4.64999999999998,0.000143664669063582
4.66,0.000144069889513049
4.66999999999999,0.000144479412658931
4.67999999999998,0.000144893259445275
4.69,0.000145311451063701
4.69999999999999,0.000145734008954379
4.70999999999998,0.000146160957000671
4.72,0.00014659231746523
4.72999999999999,0.000147028111313189
4.73999999999998,0.000147468361168548
4.75,0.000147913089922265
4.75999999999999,0.000148362320733667
4.76999999999998,0.000148816077031878
4.77999999999997,0.000149274382517232
4.78999999999999,0.000149737261162694
4.79999999999998,0.000150204737215274
4.80999999999997,0.000150676835197451
4.81999999999999,0.000151153579908587
4.82999999999998,0.000151634996426346
4.83999999999997,0.000152121110108115
4.84999999999999,0.000152611947949835
4.85999999999999,0.000153107536991719
4.86999999999998,0.000153607902030937
4.88,0.000154113069708276
4.88999999999999,0.000154623066962689
4.89999999999998,0.000155137921033083
4.91,0.000155657659460113
4.91999999999999,0.000156182310087956
4.92999999999998,0.000156711901066113
4.94,0.000157246460851192
4.94999999999999,0.000157786018208689
4.95999999999998,0.000158330602214787
4.97,0.00015888024225814
4.97999999999999,0.000159434968041653
4.98999999999998,0.000159994808472758
5,0.000160559791452526
5.00999999999999,0.000161129949861978
5.01999999999998,0.000161705314491199
5.02999999999997,0.000162285916439207
5.03999999999999,0.000162871787115275
5.04999999999998,0.000163462958240243
5.05999999999997,0.000164059461847856
5.06999999999999,0.000164661330286074
5.07999999999998,0.000165268596218389
5.08999999999997,0.000165881292625163
5.09999999999999,0.000166499452804934
5.10999999999999,0.000167123110375742
5.11999999999998,0.000167752299276455
5.13,0.000168387054188708
5.13999999999999,0.000169027412509209
5.14999999999998,0.000169673407199452
5.16,0.000170325073717695
5.16999999999999,0.000170982447870178
5.17999999999998,0.000171645565813258
5.19,0.000172314464055537
5.19999999999999,0.000172989179459995
5.20999999999998,0.000173669749246128
5.22,0.000174356210992078
5.22999999999999,0.000175048602636759
5.23999999999998,0.000175746962482002
5.25,0.000176451331962416
5.25999999999999,0.000177161751076255
5.26999999999998,0.00017787825764526
5.27999999999997,0.000178600891806134
5.28999999999999,0.000179329694101854
5.29999999999998,0.000180064705485058
5.30999999999997,0.000180805967321462
5.31999999999999,0.000181553521393262
5.32999999999998,0.000182307409902523
5.33999999999997,0.000183067675474604
5.34999999999999,0.000183834361161545
5.35999999999999,0.000184607510445473
5.36999999999998,0.000185387161084936
5.38,0.000186173361026852
5.38999999999999,0.000186966154899463
5.39999999999998,0.000187765587493367
5.41,0.000188571704006789
5.41999999999999,0.000189384550047459
5.42999999999998,0.000190204171634528
5.44,0.000191030615200446
5.44999999999999,0.000191863927592852
5.45999999999998,0.00019270415607648
5.47,0.000193551348335043
5.47999999999999,0.000194405550338077
5.48999999999998,0.000195266807496317
5.5,0.000196135171502481
5.50999999999999,0.000197010691306783
5.51999999999998,0.000197893416248838
5.52999999999997,0.000198783396058016
5.53999999999999,0.00019968068085381
5.54999999999998,0.000200585321146192
5.55999999999997,0.000201497367835989
5.56999999999999,0.000202416872215244
5.57999999999998,0.000203343885967569
5.58999999999997,0.000204278461168527
5.59999999999999,0.00020522066721097
5.60999999999999,0.000206170552173302
5.61999999999998,0.000207128166486976
5.63,0.000208093565342882
5.63999999999999,0.000209066804463599
5.64999999999998,0.000210047940109101
5.66,0.000211037029082419
5.66999999999999,0.000212034128735313
5.67999999999998,0.000213039296973972
5.69,0.000214052592264679
5.69999999999999,0.000215074073639485
5.70999999999998,0.000216103799653215
5.72,0.000217141825367371
5.72999999999999,0.000218188215189819
5.73999999999998,0.000219243030036083
5.75,0.000220306331375694
5.75999999999999,0.000221378181236275
5.76999999999998,0.000222458642207654
5.77999999999997,0.000223547777445949
5.78999999999999,0.00022464565067767
5.79999999999998,0.000225752326203799
5.80999999999997,0.000226867868903905
5.81999999999999,0.000227992344240231
5.82999999999998,0.000229125803358694
5.83999999999997,0.000230268309799191
5.84999999999999,0.000231419937971649
5.85999999999999,0.000232580753892518
5.86999999999998,0.000233750824017544
5.88,0.000234930215239496
5.88999999999999,0.000236118994885888
5.89999999999998,0.000237317230716741
5.91,0.000238524990922307
5.91999999999999,0.000239742344120795
5.92999999999998,0.00024096935935613
5.94,0.000242206106095676
5.94999999999999,0.000243452679633006
5.95999999999998,0.00024470913678545
5.97,0.000245975550740833
5.97999999999999,0.000247251995556742
5.98999999999998,0.000248538546023472
6,0.000249835277676918
6.00999999999999,0.00025114226681147
6.01999999999998,0.000252459590492941
6.02999999999997,0.000253787326571455
6.03999999999999,0.000255125553710615
6.04999999999998,0.000256474351360842
6.05999999999997,0.000257833799803344
6.06999999999999,0.000259203980156582
6.07999999999998,0.000260584974388065
6.08999999999997,0.000261976865327294
6.09999999999999,0.00026337973667866
6.10999999999999,0.000264793673034349
6.11999999999998,0.000266218759887281
6.13,0.000267655040843472
6.13999999999999,0.00026910261688283
6.14999999999998,0.000270561577074386
6.16,0.000272032004815591
6.16999999999999,0.000273513983823711
6.17999999999998,0.000275007598118026
6.19,0.000276512932001978
6.19999999999999,0.000278030070045331
6.20999999999998,0.000279559097066363
6.22,0.000281100118390742
6.22999999999999,0.000282653215548412
6.23999999999998,0.00028421847213214
6.25,0.000285795976811495
6.25999999999999,0.000287385818753057
6.26999999999998,0.000288988087618749
6.27999999999997,0.000290602873564128
6.28999999999999,0.000292230267236705
6.29999999999998,0.000293870359774234
6.30999999999997,0.000295523278440634
6.31999999999999,0.000297189119060738
6.32999999999998,0.000298867970916877
6.33999999999997,0.00030055993603414
6.34999999999999,0.000302265118107517
6.35999999999999,0.00030398362256769
6.36999999999998,0.000305715556646875
6.38,0.000307461013449882
6.38999999999999,0.000309220051915472
6.39999999999998,0.000310992808850739
6.41,0.00031277938781846
6.41999999999999,0.000314579892928537
6.42999999999998,0.000316394428811536
6.44,0.000318223100592181
6.44999999999999,0.000320066013862846
6.45999999999998,0.000321923226040195
6.47,0.000323794850822947
6.47999999999999,0.000325680995965371
6.48999999999998,0.000327581760732613
6.5,0.000329497244234097
6.50999999999999,0.000331427545423517
6.51999999999998,0.000333372793519107
6.52999999999997,0.000335333139157014
6.53999999999999,0.000337308654995592
6.54999999999998,0.000339299451838582
6.55999999999997,0.000341305641415451
6.56999999999999,0.000343327336381383
6.57999999999998,0.000345364650317258
6.58999999999997,0.000347417759440636
6.59999999999999,0.000349486756473344
6.60999999999999,0.000351571763399027
6.61999999999998,0.000353672906697524
6.63,0.000355790314534539
6.63999999999999,0.000357924116761627
6.64999999999998,0.000360074387499145
6.66,0.000362241211967098
6.66999999999999,0.000364424751239627
6.67999999999998,0.000366625124714792
6.69,0.000368842452001859
6.69999999999999,0.000371076852921282
6.70999999999998,0.000373328445080345
6.72,0.000375597308552195
6.72999999999999,0.000377883581993035
6.73999999999998,0.000380187380477018
6.75,0.000382508818791432
6.75999999999999,0.000384848011436682
6.76999999999998,0.000387205072626327
6.77999999999997,0.000389580200707721
6.78999999999999,0.000391973535748959
6.79999999999998,0.000394385172599059
6.80999999999997,0.000396815244053914
6.81999999999999,0.000399263884296046
6.82999999999998,0.000401731228894586
6.83999999999997,0.000404217414702433
6.84999999999999,0.000406722579565114
6.85999999999999,0.000409246863443093
6.86999999999998,0.000411790407368992
6.88,0.000414353353754748
6.88999999999999,0.000416935846391588
6.89999999999998,0.000419538030450079
6.91,0.000422159959818103
6.91999999999999,0.000424801785738352
6.92999999999998,0.000427463663145896
6.94,0.000430145725110762
6.94999999999999,0.000432848104603957
6.95999999999998,0.000435570934497516
6.97,0.00043831434162878
6.97999999999999,0.000441078445731404
6.98999999999998,0.000443863386391684
7,0.000446669293602851
7.00999999999999,0.000449496297054717
7.01999999999998,0.000452344526133717
7.02999999999997,0.00045521410992288
7.03999999999999,0.000458105244967837
7.04999999999998,0.000461018135560671
7.05999999999997,0.00046395286464157
7.06999999999999,0.000466909580371487
7.07999999999998,0.00046988843226208
7.08999999999997,0.000472889571175762
7.09999999999999,0.000475913149325673
7.10999999999999,0.00047895926903935
7.11999999999998,0.000482028059297746
7.13,0.000485119695333305
7.13999999999999,0.000488234322919473
7.14999999999998,0.000491372088224454
7.16,0.000494533137811183
7.16999999999999,0.000497717618637302
7.17999999999998,0.000500925628921728
7.19,0.000504157311162614
7.19999999999999,0.000507412822139958
7.20999999999998,0.000510692301209275
7.22,0.0005139958873868
7.22999999999999,0.000517323719349466
7.23999999999998,0.000520675935434959
7.25,0.000524052697012546
7.25999999999999,0.00052745413766515
7.26999999999998,0.000530880393814646
7.27999999999997,0.000534331606084479
7.28999999999999,0.000537807915047287
7.29999999999998,0.000541309461224865
7.30999999999997,0.000544836385088223
7.31999999999999,0.000548388823483171
7.32999999999998,0.000551966918149645
7.33999999999997,0.000555570809177108
7.34999999999999,0.000559200636357904
7.35999999999999,0.000562856539396242
7.36999999999998,0.00056653865790826
7.38,0.000570247129193355
7.38999999999999,0.000573982039525406
7.39999999999998,0.000577743554195356
7.41,0.000581531806093557
7.41999999999999,0.000585346927485275
7.42999999999998,0.000589189050010755
7.44,0.00059305830468519
7.44999999999999,0.000596954815632028
7.45999999999998,0.00060087867631729
7.47,0.000604830034216046
7.47999999999999,0.00060880901267686
7.48999999999998,0.000612815733992389
7.5,0.000616850319399348
7.50999999999999,0.000620912889078476
7.51999999999998,0.000625003555461372
7.52999999999997,0.000629122416923162
7.53999999999999,0.000633269597911745
7.54999999999998,0.000637445209678887
7.55999999999997,0.000641649361964551
7.56999999999999,0.000645882162996867
7.57999999999998,0.000650143707045577
7.58999999999997,0.000654434092841192
7.59999999999999,0.000658753426413334
7.60999999999999,0.000663101805997468
7.61999999999998,0.000667479327946268
7.63,0.000671886086729582
7.63999999999999,0.00067632214575775
7.64999999999998,0.000680787603169568
7.66,0.000685282544494453
7.66999999999999,0.000689807050952482
7.67999999999998,0.000694361201358619
7.69,0.000698945064514326
7.69999999999999,0.000703558683024674
7.70999999999998,0.000708202140356
7.72,0.000712875498908435
7.72999999999999,0.000717578818014821
7.73999999999998,0.000722312153940803
7.75,0.000727075539282669
7.75999999999999,0.000731869008422831
7.76999999999998,0.000736692614226045
7.77999999999997,0.000741546393363559
7.78999999999999,0.000746430378746706
7.79999999999998,0.000751344599526851
7.80999999999997,0.000756289044801791
7.81999999999999,0.000761263741705324
7.82999999999998,0.000766268705481433
7.83999999999997,0.000771303942550466
7.84999999999999,0.000776369454866506
7.85999999999999,0.000781465233873178
7.86999999999998,0.000786591233524456
7.88,0.000791747452433947
7.88999999999999,0.000796933863043861
7.89999999999998,0.000802150431312006
7.91,0.000807397116564541
7.91999999999999,0.000812673871348719
7.92999999999998,0.000817980629951576
7.94,0.000823317334029075
7.94999999999999,0.000828683912700252
7.95999999999998,0.000834080286977847
7.97,0.000839506369911908
7.97999999999999,0.000844962066413426
7.98999999999998,0.000850447268872035
8,0.00085596186483534
8.00999999999999,0.000861505733501329
8.01999999999998,0.00086707874401438
8.02999999999997,0.000872680756274457
8.03999999999999,0.000878311620746079
8.04999999999998,0.000883971174500327
8.05999999999997,0.000889659245354685
8.06999999999999,0.000895375655014982
8.07999999999998,0.000901120212429971
8.08999999999997,0.000906892715864408
8.09999999999999,0.000912692952688332
8.10999999999999,0.000918520695839356
8.11999999999998,0.000924375702035729
8.13,0.00093025772710509
8.13999999999999,0.000936166509942691
8.14999999999998,0.00094210177704875
8.16,0.00094806324228743
8.16999999999999,0.000954050606000473
8.17999999999998,0.000960063549760625
8.19,0.000966101750093395
8.19999999999999,0.000972164866366221
8.20999999999998,0.000978252543853807
8.22,0.000984364413479772
8.22999999999999,0.000990500091558311
8.23999999999998,0.000996659179251019
8.25,0.00100284126293255
8.25999999999999,0.00100904591349196
8.26999999999998,0.00101527268614403
8.27999999999997,0.00102152112019061
8.28999999999999,0.00102779073876162
8.29999999999998,0.00103408104583455
8.30999999999997,0.00104039153067719
8.31999999999999,0.00104672166632348
8.32999999999998,0.00105307090760865
8.33999999999997,0.00105943869174283
8.34999999999999,0.00106582443804149
8.35999999999999,0.00107222754447313
8.36999999999998,0.00107864739025947
8.38,0.00108508334038995
8.38999999999999,0.00109153473823998
8.39999999999998,0.00109800090768501
8.41,0.00110448115281413
8.41999999999999,0.00111097475837478
8.42999999999998,0.00111748099525781
8.44,0.00112399910402169
8.44999999999999,0.00113052830843199
8.45999999999998,0.00113706781130498
8.47,0.00114361679423932
8.47999999999999,0.00115017441734765
8.48999999999998,0.00115673984195018
8.5,0.00116331218721722
8.50999999999999,0.00116989054802244
8.51999999999998,0.00117647400339488
8.52999999999997,0.00118306161067805
8.53999999999999,0.00118965240533537
8.54999999999998,0.00119624541204747
8.55999999999997,0.00120283964375971
8.56999999999999,0.00120943406238349
8.57999999999998,0.00121602762172677
8.58999999999997,0.00122261925396416
8.59999999999999,0.00122920786952295
8.60999999999999,0.00123579235703178
8.61999999999998,0.0012423715974858
8.63,0.00124894443041234
8.63999999999999,0.00125550968105687
8.64999999999998,0.00126206615282313
8.66,0.00126861262719133
8.66999999999999,0.00127514786363645
8.67999999999998,0.00128167063026363
8.69,0.00128817965608141
8.69999999999999,0.00129467363164064
8.70999999999998,0.00130115123966044
8.72,0.00130761114229229
8.72999999999999,0.00131405198115838
8.73999999999998,0.00132047241167969
8.75,0.0013268711535526
8.75999999999999,0.00133324674824653
8.76999999999998,0.00133959779003942
8.77999999999997,0.00134592285829297
8.78999999999999,0.00135222051785225
8.79999999999998,0.00135848931944531
8.80999999999997,0.00136472798168493
8.81999999999999,0.0013709349954761
8.82999999999998,0.00137710889776936
8.83999999999997,0.00138324823556943
8.84999999999999,0.00138935155105472
8.85999999999999,0.0013954173824434
8.86999999999998,0.00140144422064289
8.88,0.00140743054821352
8.88999999999999,0.00141337489665319
8.89999999999998,0.00141927576438274
8.91,0.00142513164426322
8.91999999999999,0.00143094104843925
8.92999999999998,0.0014367025611365
8.94,0.00144241466645808
8.94999999999999,0.00144807589479044
8.95999999999998,0.00145368478523063
8.97,0.00145924003670815
8.97999999999999,0.00146474021726718
8.98999999999998,0.00147018396457525
9,0.00147556995157685
9.00999999999999,0.00148089685008615
9.01999999999998,0.00148616337127215
9.02999999999997,0.00149136828447528
9.03999999999999,0.00149651038260093
9.04999999999998,0.00150158847182514
9.05999999999997,0.00150660133363374
9.06999999999999,0.00151154787804901
9.07999999999998,0.00151642701537092
9.08999999999997,0.00152123769289031
9.09999999999999,0.00152597899875834
9.10999999999999,0.00153064995783821
9.11999999999998,0.00153524968035112
9.13,0.00153977733050607
9.13999999999999,0.00154423222347424
9.14999999999998,0.00154861371255043
9.16,0.00155292117006891
9.16999999999999,0.00155715407752645
9.17999999999998,0.00156131199100568
9.19,0.00156539453688367
9.19999999999999,0.00156940145186887
9.20999999999998,0.00157333255468507
9.22,0.001577187757683
9.22999999999999,0.00158096695334705
9.23999999999998,0.00158467025860869
9.25,0.00158829784025951
9.25999999999999,0.00159184996234133
9.26999999999998,0.00159532700145941
9.27999999999997,0.00159872943260544
9.28999999999999,0.00160205783157633
9.29999999999998,0.00160531288715926
9.30999999999997,0.00160849542486128
9.31999999999999,0.00161160642793412
9.32999999999998,0.00161464693644888
9.33999999999997,0.00161761814521839
9.34999999999999,0.0016205213782816
9.35999999999999,0.00162335799636881
9.36999999999998,0.00162612960347056
9.38,0.00162883789849044
9.38999999999999,0.00163148471627796
9.39999999999998,0.00163407192358002
9.41,0.00163660157307875
9.41999999999999,0.00163907588390169
9.42999999999998,0.00164149717963619
9.44,0.00164386789924835
9.44999999999999,0.00164619057819883
9.45999999999998,0.0016484679366269
9.47,0.00165070280303952
9.47999999999999,0.00165289813607365
9.48999999999998,0.00165505693976457
9.5,0.00165718242984697
9.50999999999999,0.00165927792384522
9.51999999999998,0.00166134685926521
9.52999999999997,0.00166339272381867
9.53999999999999,0.00166541910932122
9.54999999999998,0.00166742979914006
9.55999999999997,0.00166942864705915
9.56999999999999,0.0016714195921388
9.57999999999998,0.00167340652416391
9.58999999999997,0.00167539361262082
9.59999999999999,0.00167738504370266
9.60999999999999,0.00167938508505177
9.61999999999998,0.00168139798444367
9.63,0.00168342812020667
9.63999999999999,0.00168547994729386
9.64999999999998,0.00168755795721089
9.66,0.00168966666412193
9.66999999999999,0.0016918105852254
9.67999999999998,0.00169399434364333
9.69,0.00169622256270433
9.69999999999999,0.00169849988886192
9.70999999999998,0.00170083089470199
9.72,0.00170322025981295
9.72999999999999,0.00170567262961945
9.73999999999998,0.0017081926417702
9.75,0.00171078488877493
9.75999999999999,0.00171345394325425
9.76999999999998,0.00171620437356952
9.77999999999997,0.00171904069719823
9.78999999999999,0.00172196739050067
9.79999999999998,0.00172498889433935
9.80999999999997,0.00172810957317862
9.81999999999999,0.0017313337361236
9.82999999999998,0.00173466562302786
9.83999999999997,0.00173810945830795
9.84999999999999,0.00174166934174889
9.85999999999999,0.00174534928949968
9.86999999999998,0.00174915323792246
9.88,0.00175308506404205
9.88999999999999,0.00175714858108423
9.89999999999998,0.00176134743501801
9.91,0.00176568519763616
9.91999999999999,0.00177016533675249
9.92999999999998,0.00177479133505593
9.94,0.00177956642124001
9.94999999999999,0.00178449376327816
9.95999999999998,0.00178957641420978
9.97,0.00179481740240631
9.97999999999999,0.00180021961504372
9.98999999999998,0.00180578577043498
10,0.00181151850346191
10.01,0.00181742036357045
10.02,0.001823493888844
10.03,0.00182974135909862
10.04,0.00183616499940646
10.05,0.00184276692401475
10.06,0.00184954925381891
10.07,0.0018565139005267
10.08,0.00186366268742193
10.09,0.0018709973476265
10.1,0.00187851956131941
10.11,0.00188623093925611
10.12,0.00189413292694209
10.13,0.00190222691294891
10.14,0.00191051420520893
10.15,0.00191899612347433
10.16,0.00192767379504461
10.17,0.00193654831386143
10.18,0.00194562070237891
10.19,0.00195489196094017
10.2,0.00196436300540759
10.21,0.001974034675022
10.22,0.00198390776639062
10.23,0.00199398303110608
10.24,0.00200426118875619
10.25,0.00201474288993779
10.26,0.0020254287544078
10.27,0.0020363193647875
10.28,0.00204741527682624
10.29,0.00205871700929187
10.3,0.00207022505592344
10.31,0.00208193988754741
10.32,0.00209386197585783
10.33,0.00210599178291197
10.34,0.00211832973634948
10.35,0.00213087626948064
10.36,0.00214363180698853
10.37,0.00215659671991219
10.38,0.00216977144800759
10.39,0.00218315641041949
10.4,0.00219675203302885
10.41,0.0022105586663793
10.42,0.00222457671940733
10.43,0.00223880662529848
10.44,0.00225324880770502
10.45,0.00226790374441877
10.46,0.00228277200001294
10.47,0.00229785404497867
10.48,0.0023131504272336
10.49,0.00232866172845004
10.5,0.00234438834657816
10.51,0.00236033094350137
10.52,0.00237649013163315
10.53,0.00239286654608542
10.54,0.00240946081060915
10.55,0.00242627357533523
10.56,0.00244330555012875
10.57,0.0024605574526061
10.58,0.002478030022437
10.59,0.00249572400547891
10.6,0.00251364019916962
10.61,0.00253177941733264
10.62,0.0025501425001943
10.63,0.00256873028687927
10.64,0.00258754366272662
10.65,0.0026065835396837
10.66,0.002625850850573
10.67,0.00264534651533735
10.68,0.00266507143509619
10.69,0.00268502660936799
10.7,0.00270521302024458
10.71,0.00272563166373579
10.72,0.00274628349841802
10.73,0.00276716955092159
10.74,0.00278829083568463
10.75,0.00280964837384169
10.76,0.00283124318934764
10.77,0.00285307631072342
10.78,0.00287514877074955
10.79,0.00289746160251255
10.8,0.00292001583461095
10.81,0.00294281247780645
10.82,0.00296585256059258
10.83,0.00298913709716155
10.84,0.00301266709409413
10.85,0.00303644354178589
10.86,0.00306046742554741
10.87,0.00308473971726839
10.88,0.00310926137363096
10.89,0.00313403334633651
10.9,0.00315905657770343
10.91,0.00318433197470553
10.92,0.00320986043392408
10.93,0.00323564283416559
10.94,0.00326168006328534
10.95,0.00328797295432213
10.96,0.00331452233183987
10.97,0.00334132899867631
10.98,0.0033683937521363
10.99,0.00339571735999373
11,0.0034233005598491
11.01,0.00345114407088294
11.02,0.00347924859440266
11.03,0.00350761482717583
11.04,0.00353624342158738
11.05,0.00356513501613628
11.06,0.00359429023086906
11.07,0.0036237096625455
11.08,0.00365339388547827
11.09,0.00368334345333186
11.1,0.00371355890041444
11.11,0.00374404073662159
11.12,0.00377478945112664
11.13,0.00380580551858392
11.14,0.00383708939078489
11.15,0.00386864149668726
11.16,0.00390046224812692
11.17,0.00393255204541688
11.18,0.00396491126181126
11.19,0.00399754025550758
11.2,0.00403043936743634
11.21,0.00406360892126716
11.22,0.00409704922364415
11.23,0.00413076056433096
11.24,0.00416474321253576
11.25,0.0041989974255142
11.26,0.00423352344284016
11.27,0.0042683214867983
11.28,0.00430339176399316
11.29,0.00433873446632683
11.3,0.00437434976977575
11.31,0.00441023783613724
11.32,0.00444639881265969
11.33,0.00448283283087736
11.34,0.00451954000859569
11.35,0.00455652044974776
11.36,0.00459377424465045
11.37,0.00463130146995412
11.38,0.00466910218921512
11.39,0.00470717645087171
11.4,0.00474552428670805
11.41,0.00478414572125698
11.42,0.0048230407638268
11.43,0.00486220940791782
11.44,0.00490165162491895
11.45,0.00494136738473943
11.46,0.00498135663893123
11.47,0.00502161932332497
11.48,0.00506215534928788
11.49,0.00510296462583528
11.5,0.00514404704220503
11.51,0.00518540247511369
11.52,0.00522703082124835
11.53,0.00526893192497881
11.54,0.00531110563279156
11.55,0.00535355177920334
11.56,0.00539627014628754
11.57,0.00543926054633593
11.58,0.00548252276184704
11.59,0.00552605656034482
11.6,0.00556986169398681
11.61,0.00561393789981155
11.62,0.00565828489930059
11.63,0.00570290239824908
11.64,0.00574779009340669
11.65,0.00579294766053753
11.66,0.00583837476030925
11.67,0.00588407103864467
11.68,0.00593003612933814
11.69,0.00597626965050725
11.7,0.00602277120244836
11.71,0.00606954037160985
11.72,0.00611657672531048
11.73,0.00616387980929436
11.74,0.0062114491629309
11.75,0.00625928430509477
11.76,0.00630738473899472
11.77,0.00635574996023619
11.78,0.0064043794372004
11.79,0.0064532726259931
11.8,0.00650242896651661
11.81,0.00655184787627482
11.82,0.00660152876169506
11.83,0.0066514710111101
11.84,0.00670167399534676
11.85,0.00675213706812636
11.86,0.00680285956580764
11.87,0.00685384080725519
11.88,0.00690508009382215
11.89,0.00695657671228111
11.9,0.00700832993494102
11.91,0.00706033901097152
11.92,0.0071126031748654
11.93,0.00716512164370144
11.94,0.00721789361604539
11.95,0.0072709182751063
11.96,0.00732419478604289
11.97,0.00737772229665621
11.98,0.00743149993651727
11.99,0.00748552681423242
12,0.0075398020258204
12.01,0.00759432464752751
12.02,0.00764909373772305
12.03,0.00770410833766898
12.04,0.00775936747369912
12.05,0.00781487014975465
12.06,0.00787061535369545
12.07,0.0079266020555087
12.08,0.00798282920849921
12.09,0.00803929575199664
12.1,0.00809600060162606
12.11,0.00815294265773351
12.12,0.00821012080304246
12.13,0.00826753390226609
12.14,0.00832518080139559
12.15,0.00838306033041737
12.16,0.00844117130090299
12.17,0.00849951250666816
12.18,0.00855808272367099
12.19,0.00861688070986347
12.2,0.00867590520575393
12.21,0.00873515493387915
12.22,0.00879462859893512
12.23,0.00885432488936257
12.24,0.00891424247923837
12.25,0.00897438001924832
12.26,0.00903473614493304
12.27,0.00909530947437941
12.28,0.00915609860857409
12.29,0.00921710213171243
12.3,0.00927831860956177
12.31,0.00933974659105297
12.32,0.0094013846078601
12.33,0.00946323117369445
12.34,0.00952528478153734
12.35,0.00958754391209539
12.36,0.00965000702669633
12.37,0.00971267256925078
12.38,0.00977553896648491
12.39,0.00983860463203032
12.4,0.00990186795677523
12.41,0.00996532731650369
12.42,0.0100289810698963
12.43,0.0100928275585599
12.44,0.0101568651162892
12.45,0.0102210920497997
12.46,0.0102855066523083
12.47,0.0103501072010858
12.48,0.0104148919571247
12.49,0.0104798591562176
12.5,0.0105450070255493
12.51,0.010610333775627
12.52,0.0106758375988513
12.53,0.010741516670967
12.54,0.0108073691570023
12.55,0.010873393202496
12.56,0.0109395869343173
12.57,0.0110059484652025
12.58,0.0110724758919527
12.59,0.011139167292307
12.6,0.0112060207281207
12.61,0.0112730342485926
12.62,0.0113402058851203
12.63,0.0114075336530717
12.64,0.0114750155553384
12.65,0.0115426495815699
12.66,0.0116104336985743
12.67,0.0116783658610448
12.68,0.0117464440083726
12.69,0.0118146660649591
12.7,0.0118830299490531
12.71,0.0119515335525507
12.72,0.0120201747570794
12.73,0.0120889514298454
12.74,0.01215786142375
12.75,0.0122269025696795
12.76,0.0122960726878425
12.77,0.0123653695882092
12.78,0.0124347910633162
12.79,0.0125043348912159
12.8,0.0125739988374281
12.81,0.0126437806584825
12.82,0.0127136780880736
12.83,0.0127836888496697
12.84,0.0128538106530551
12.85,0.0129240411944262
12.86,0.0129943781582144
12.87,0.0130648192137017
12.88,0.013135362017306
12.89,0.0132060042125226
12.9,0.0132767434298641
12.91,0.0133475772866437
12.92,0.0134185033873093
12.93,0.013489519324086
12.94,0.0135606226763731
12.95,0.0136318110110736
12.96,0.0137030818838124
12.97,0.0137744328503644
12.98,0.0138458614379159
12.99,0.013917365168648
13,0.0139889415535448
13.01,0.014060588092557
13.02,0.0141323022645764
13.03,0.0142040815444123
13.04,0.0142759233984589
13.05,0.0143478252791817
13.06,0.0144197846279614
13.07,0.0144917988805298
13.08,0.0145638654708027
13.09,0.0146359818053404
13.1,0.014708145288264
13.11,0.0147803533142085
13.12,0.0148526032685069
13.13,0.0149248925126626
13.14,0.0149972184160358
13.15,0.0150695783333233
13.16,0.0151419696092368
13.17,0.0152143895792049
13.18,0.0152868355800658
13.19,0.0153593049360018
13.2,0.0154317949525573
13.21,0.0155043029331762
13.22,0.0155768261731754
13.23,0.0156493619598965
13.24,0.0157219075728589
13.25,0.0157944602914716
13.26,0.0158670173837008
13.27,0.0159395761050932
13.28,0.0160121337080079
13.29,0.0160846874381139
13.3,0.0161572345345636
13.31,0.0162297722301688
13.32,0.016302297763375
13.33,0.0163748083587005
13.34,0.0164473012295001
13.35,0.0165197735887315
13.36,0.0165922226444171
13.37,0.0166646455998524
13.38,0.0167370396538117
13.39,0.0168094019850405
13.4,0.0168817297808451
13.41,0.0169540202288011
13.42,0.0170262705070113
13.43,0.0170984777894358
13.44,0.017170639246059
13.45,0.017242752043056
13.46,0.0173148133533146
13.47,0.0173868203366864
13.48,0.0174587701486806
13.49,0.017530659944776
13.5,0.0176024868778821
13.51,0.0176742480985304
13.52,0.0177459407550665
13.53,0.0178175620125293
13.54,0.0178891090149464
13.55,0.0179605789056056
13.56,0.0180319688308651
13.57,0.0181032759365332
13.58,0.0181744973680994
13.59,0.0182456302709682
13.6,0.0183166718062605
13.61,0.0183876191180224
13.62,0.018458469353678
13.63,0.0185292196644018
13.64,0.0185998672029715
13.65,0.0186704091240342
13.66,0.0187408425843684
13.67,0.0188111646555017
13.68,0.0188813725171933
13.69,0.0189514633262274
13.7,0.0190214342304297
13.71,0.0190912823782781
13.72,0.0191610049189987
13.73,0.0192305990026624
13.74,0.0193000618772508
13.75,0.0193693906676606
13.76,0.0194385825389024
13.77,0.0195076346664364
13.78,0.0195765442299705
13.79,0.0196453084137311
13.8,0.0197139244067326
13.81,0.0197823894118468
13.82,0.0198507006254097
13.83,0.0199188552537438
13.84,0.0199868505095309
13.85,0.0200546836118428
13.86,0.0201223517864263
13.87,0.0201898522654725
13.88,0.02025718220317
13.89,0.0203243388813599
13.9,0.0203913195405098
13.91,0.0204581214269797
13.92,0.020524741793168
13.93,0.0205911778976589
13.94,0.0206574270062473
13.95,0.0207234864104093
13.96,0.0207893533789182
13.97,0.0208550251995959
13.98,0.0209204991675923
13.99,0.0209857725855568
14,0.0210508427638075
14.01,0.0211157070205004
14.02,0.0211803627046838
14.03,0.0212448071899064
14.04,0.0213090377992413
14.05,0.0213730518945166
14.06,0.0214368468476565
14.07,0.0215004200409303
14.08,0.0215637688672008
14.09,0.0216268907301749
14.1,0.0216897830166063
14.11,0.0217524431495581
14.12,0.0218148685701556
14.13,0.0218770567212676
14.14,0.0219390050569843
14.15,0.0220007110428198
14.16,0.0220621721559132
14.17,0.0221233858841392
14.18,0.02218434966339
14.19,0.0222450610367161
14.2,0.0223055175203232
14.21,0.0223657166417643
14.22,0.0224256559400667
14.23,0.0224853329658585
14.24,0.0225447452814976
14.25,0.022603890474672
14.26,0.0226627661589616
14.27,0.0227213699191532
14.28,0.02277969937265
14.29,0.022837752150132
14.3,0.0228955258957335
14.31,0.0229530182672231
14.32,0.0230102269361822
14.33,0.023067149603547
14.34,0.0231237839721142
14.35,0.0231801277534876
14.36,0.0232361786801509
14.37,0.0232919344997967
14.38,0.0233473929755318
14.39,0.0234025518860844
14.4,0.0234574090260108
14.41,0.0235119621053104
14.42,0.0235662089953559
14.43,0.0236201475258634
14.44,0.0236737755404114
14.45,0.0237270908973645
14.46,0.0237800914699669
14.47,0.0238327751464363
14.48,0.0238851398224342
14.49,0.0239371833984016
14.5,0.0239889038174906
14.51,0.0240402990248345
14.52,0.0240913669805067
14.53,0.0241421056595865
14.54,0.0241925130522255
14.55,0.0242425871637131
14.56,0.0242923260400247
14.57,0.0243417277822499
14.58,0.0243907904074161
14.59,0.0244395119957713
14.6,0.0244878906447947
14.61,0.0245359244693582
14.62,0.02458361160189
14.63,0.0246309501925364
14.64,0.0246779383979425
14.65,0.0247245743724682
14.66,0.0247708563368238
14.67,0.0248167825071841
14.68,0.0248623511174243
14.69,0.0249075604192362
14.7,0.0249524086822454
14.71,0.0249968941941287
14.72,0.0250410152216144
14.73,0.0250847699702009
14.74,0.0251281568435442
14.75,0.0251711741792185
14.76,0.025213820330418
14.77,0.0252560936659099
14.78,0.0252979925699857
14.79,0.0253395154424143
14.8,0.025380660715198
14.81,0.0254214268744999
14.82,0.0254618123377547
14.83,0.0255018155768455
14.84,0.0255414350802677
14.85,0.0255806693531559
14.86,0.0256195169173109
14.87,0.0256579763112278
14.88,0.0256960461223307
14.89,0.0257337250390475
14.9,0.0257710115907685
14.91,0.0258079044048054
14.92,0.0258444021281024
14.93,0.0258805034274169
14.94,0.0259162069895005
14.95,0.0259515115212794
14.96,0.0259864157024261
14.97,0.0260209180920201
14.98,0.026055017554291
14.99,0.0260887128443423
15,0.0261220027339327
15.01,0.0261548860114137
15.02,0.0261873614816692
15.03,0.026219427966053
15.04,0.0262510842795879
15.05,0.0262823291772154
15.06,0.0263131615793687
15.07,0.0263435803550989
15.08,0.0263735843873534
15.09,0.0264031725727899
15.1,0.0264323438215911
15.11,0.026461097057278
15.12,0.0264894312520886
15.13,0.0265173455394772
15.14,0.026544838812801
15.15,0.0265719100903779
15.16,0.0265985584094776
15.17,0.0266247828265534
15.18,0.0266505824174749
15.19,0.0266759562610144
15.2,0.0267009034530879
15.21,0.0267254231361316
15.22,0.0267495144578277
15.23,0.0267731765852271
15.24,0.0267964087049064
15.25,0.0268192100231236
15.26,0.0268415795302915
15.27,0.0268635164491291
15.28,0.0268850200468037
15.29,0.0269060895400579
15.3,0.0269267241560016
15.31,0.0269469231316457
15.32,0.026966685715081
15.33,0.0269860113452767
15.34,0.0270048992175286
15.35,0.027023348640016
15.36,0.0270413589346558
15.37,0.0270589294371026
15.38,0.0270760595110771
15.39,0.0270927486317413
15.4,0.0271089961311775
15.41,0.0271248014201021
15.42,0.0271401639248938
15.43,0.0271550830875939
15.44,0.0271695583654198
15.45,0.0271835892301508
15.46,0.0271971751714567
15.47,0.0272103156936822
15.48,0.0272230103168017
15.49,0.0272352585764197
15.5,0.0272470599498929
15.51,0.0272584138824618
15.52,0.0272693200062772
15.53,0.0272797778847491
15.54,0.0272897870936746
15.55,0.0272993472212379
15.56,0.0273084578271735
15.57,0.0273171184909764
15.58,0.0273253288519246
15.59,0.0273330885336251
15.6,0.0273403971707681
15.61,0.0273472544091274
15.62,0.027353659991357
15.63,0.0273596136124894
15.64,0.0273651149396756
15.65,0.0273701636862684
15.66,0.0273747595788239
15.67,0.0273789023571018
15.68,0.0273825917776693
15.69,0.0273858276065232
15.7,0.0273886096229791
15.71,0.0273909376203548
15.72,0.0273928114052372
15.73,0.0273942307974822
15.74,0.0273951954386555
15.75,0.0273957051495018
15.76,0.0273957598073662
15.77,0.0273953592408511
15.78,0.0273945032879128
15.79,0.0273931917958616
15.8,0.0273914245926442
15.81,0.0273892015340177
15.82,0.027386522500721
15.83,0.0273833873699425
15.84,0.0273797960275545
15.85,0.0273757483681132
15.86,0.0273712443432572
15.87,0.0273662838958873
15.88,0.0273608669317954
15.89,0.0273549933948895
15.9,0.0273486632390693
15.91,0.0273418764282267
15.92,0.0273346329182256
15.93,0.0273269326747497
15.94,0.0273187756999831
15.95,0.0273101619914098
15.96,0.0273010915559308
15.97,0.0272915644098648
15.98,0.0272815804940779
15.99,0.0272711397152618
16,0.0272602421750968
16.01,0.0272488878915157
16.02,0.0272370768885977
16.03,0.0272248091965682
16.04,0.0272120848477589
16.05,0.0271989038756265
16.0599999999999,0.0271852663327876
16.07,0.0271711722719207
16.08,0.0271566217516563
16.09,0.0271416148365765
16.1,0.0271261516066695
16.11,0.0271102321704843
16.12,0.0270938565966778
16.13,0.027077024980168
16.14,0.0270597374224249
16.15,0.0270419940314709
16.16,0.0270237949053558
16.17,0.0270051400776047
16.1799999999999,0.0269860297179066
16.19,0.0269664639467496
16.2,0.0269464428899859
16.21,0.0269259666788316
16.22,0.026905035449867
16.23,0.0268836492404607
16.24,0.0268618081529454
16.25,0.0268395123707219
16.26,0.0268167620268221
16.27,0.0267935572575546
16.28,0.0267698982025043
16.29,0.0267457850042118
16.3,0.0267212177606168
16.3099999999999,0.0266961966433432
16.32,0.0266707217991296
16.33,0.0266447933774693
16.34,0.0266184115306091
16.35,0.02659157641355
16.36,0.0265642881671995
16.37,0.0265365469293253
16.38,0.0265083528753222
16.39,0.0264797061653061
16.4,0.0264506069616472
16.41,0.0264210554289697
16.42,0.0263910517341518
16.4299999999999,0.0263605959752409
16.44,0.0263296883373787
16.45,0.0262983289944205
16.46,0.026266518110566
16.47,0.0262342558513122
16.48,0.0262015423834528
16.49,0.0261683778518218
16.5,0.0261347623422871
16.51,0.0261006960663344
16.52,0.0260661791814551
16.53,0.026031211845191
16.54,0.0259957942151341
16.55,0.0259599264489272
16.5599999999999,0.0259236086564034
16.57,0.0258868409850427
16.58,0.0258496236028407
16.59,0.025811956657831
16.6,0.025773840297299
16.61,0.0257352746677824
16.62,0.0256962599150697
16.63,0.025656796079154
16.64,0.0256168833395711
16.65,0.0255765218345483
16.66,0.0255357116919308
16.67,0.0254944530376221
16.6799999999999,0.0254527459955845
16.69,0.0254105906764254
16.7,0.0253679871249857
16.71,0.0253249354963356
16.72,0.025281435895868
16.73,0.0252374884261184
16.74,0.0251930931867627
16.75,0.0251482502746188
16.76,0.0251029597762332
16.77,0.0250572217719969
16.78,0.0250110363560732
16.79,0.024964403611274
16.8,0.0249173236173385
16.8099999999999,0.024869796450934
16.82,0.0248218221856549
16.83,0.0247734008685464
16.84,0.0247245325619166
16.85,0.0246752173351987
16.86,0.0246254552448741
16.87,0.0245752463439581
16.88,0.0245245906820013
16.89,0.024473488305089
16.9,0.0244219390947121
16.91,0.0243699431436968
16.92,0.0243175004797651
16.9299999999999,0.0242646111121659
16.94,0.0242112750448487
16.95,0.0241574922764652
16.96,0.0241032627760714
16.97,0.0240485863578052
16.98,0.0239934630680057
16.99,0.0239378928495133
17,0.0238818756364198
17.01,0.0238254113540681
17.02,0.0237684999996477
17.03,0.0237111415362523
17.04,0.0236533358443608
17.05,0.023595082842766
17.0599999999999,0.0235363824442352
17.07,0.0234772345555087
17.08,0.0234176393194228
17.09,0.0233575965482997
17.1,0.0232971061686544
17.11,0.0232361681085421
17.12,0.0231747822941727
17.13,0.0231129485347469
17.14,0.0230506665525784
17.15,0.0229879363399951
17.16,0.022924757755274
17.17,0.0228611306489545
17.1799999999999,0.0227970548638373
17.19,0.0227325300026109
17.2,0.0226675559016199
17.21,0.0226021323708539
17.22,0.022536259167418
17.23,0.0224699360355583
17.24,0.0224031627774824
17.25,0.0223359394241622
17.26,0.0222682655674004
17.27,0.0222001409685873
17.28,0.0221315653830424
17.29,0.0220625385600146
17.3,0.021993060366549
17.3099999999999,0.0219231305921447
17.32,0.0218527489513925
17.33,0.0217819152076805
17.34,0.0217106291219785
17.35,0.02163889043996
17.36,0.0215666985912689
17.37,0.0214940534492917
17.38,0.0214209547079825
17.39,0.0213474020531028
17.4,0.0212733951622214
17.41,0.0211989336613721
17.42,0.0211240171475691
17.4299999999999,0.0210486452811025
17.44,0.0209728176774436
17.45,0.0208965339405261
17.46,0.0208197939189273
17.47,0.0207425971639487
17.48,0.0206649433004115
17.49,0.020586831962882
17.5,0.020508262874662
17.51,0.0204292358480929
17.52,0.0203497504813846
17.53,0.0202698064700194
17.54,0.0201894035147443
17.55,0.0201085411472342
17.5599999999999,0.0200272190775703
17.57,0.0199454369898976
17.58,0.019863194548868
17.59,0.019780491329707
17.6,0.0196973267534451
17.61,0.0196137005224145
17.62,0.0195296122107968
17.63,0.0194450613817714
17.64,0.019360047843233
17.65,0.019274571174403
17.66,0.0191886309439275
17.67,0.0191022267632188
17.6799999999999,0.0190153584004134
17.69,0.0189280260672573
17.7,0.0188402292608551
17.71,0.0187519677850631
17.72,0.0186632414657436
17.73,0.0185740501579328
17.74,0.0184843937337678
17.75,0.0183942720859126
17.76,0.0183036851311183
17.77,0.0182126327094411
17.78,0.0181211141638745
17.79,0.0180291294936193
17.8,0.0179366784519516
17.8099999999999,0.017843760874433
17.82,0.0177503766516024
17.83,0.0176565255167776
17.84,0.0175622072673498
17.85,0.0174674226289687
17.86,0.0173721718453476
17.87,0.0172764549833785
17.88,0.0171802723751234
17.89,0.0170836244299211
17.9,0.0169865116155571
17.91,0.0168889344718773
17.92,0.016790893396051
17.9299999999999,0.0166923882686812
17.94,0.0165934198310092
17.95,0.0164939885395062
17.96,0.016394094970607
17.97,0.0162937397372903
17.98,0.0161929233791899
17.99,0.0160916465136096
18,0.0159899108030529
18.01,0.015887717173042
18.02,0.015785066652075
18.03,0.0156819605209134
18.04,0.0155784005567439
18.05,0.0154743881733523
18.0599999999999,0.0153699250651434
18.07,0.0152650129030094
18.08,0.0151596532670608
18.09,0.0150538481871001
18.1,0.0149475996510819
18.11,0.0148409097973961
18.12,0.0147337808610004
18.13,0.0146262151432264
18.14,0.0145182154678494
18.15,0.0144097848620578
18.16,0.0143009261845091
18.17,0.0141916428826285
18.1799999999999,0.0140819387073939
18.19,0.0139718173323376
18.2,0.013861282688449
18.21,0.0137503388652122
18.22,0.0136389902613909
18.23,0.0135272413630634
18.24,0.0134150967770387
18.25,0.0133025614207965
18.26,0.0131896405918597
18.27,0.0130763401319225
18.28,0.012962665638578
18.29,0.012848623456536
18.3,0.0127342208246051
18.3099999999999,0.0126194645049379
18.32,0.0125043619654331
18.33,0.0123889212196353
18.34,0.0122731504130456
18.35,0.0121570580736852
18.36,0.01204065285632
18.37,0.0119239440384347
18.38,0.0118069412162414
18.39,0.0116896546487774
18.4,0.0115720946215766
18.41,0.0114542721032266
18.42,0.011336199650998
18.4299999999999,0.0112178890407699
18.44,0.0110993530600856
18.45,0.0109806058908258
18.46,0.0108616613847944
18.47,0.0107425342567883
18.48,0.0106232395811259
18.49,0.0105037932285119
18.5,0.0103842115598214
18.51,0.0102645113244183
18.52,0.0101447099572407
18.53,0.0100248258366046
18.54,0.00990487831088955
18.55,0.00978488692845822
18.5599999999999,0.00966487309955401
18.57,0.00954485825665144
18.58,0.00942486473289791
18.59,0.00930491553023138
18.6,0.00918503458642351
18.61,0.00906524574835967
18.62,0.00894557416369266
18.63,0.00882604562817058
18.64,0.00870668678450671
18.65,0.00858752479860973
18.66,0.00846858876197308
18.67,0.008349907741923
18.6799999999999,0.00823151185448046
18.69,0.00811343199718941
18.7,0.00799570000656817
18.71,0.00787834681291117
18.72,0.0077614053129393
18.73,0.00764490855029207
18.74,0.00752889006967922
18.75,0.00741338412448806
18.76,0.0072984257467625
18.77,0.00718405039642258
18.78,0.00707029399663508
18.79,0.00695719278577966
18.8,0.00684478386091872
18.8099999999999,0.00673310264229003
18.82,0.00662218628933012
18.83,0.0065120714943355
18.84,0.00640279439474661
18.85,0.00629439195922832
18.86,0.00618689997666179
18.87,0.00608035478425352
18.88,0.00597479210574232
18.89,0.00587024645652672
18.9,0.00576675310209535
18.91,0.00566434480718089
18.92,0.00556305478254514
18.9299999999999,0.00546291524718419
18.94,0.00536395607170016
18.95,0.00526620777718386
18.96,0.00516969822693363
18.97,0.00507445436499613
18.98,0.00498050235779339
18.99,0.00488786521769952
19,0.00479656610392644
19.01,0.00470662551380129
19.02,0.00461806198208319
19.03,0.00453089323345207
19.04,0.00444513360541004
19.05,0.00436079684355798
19.0599999999999,0.00427789421265806
19.07,0.00419643460316307
19.08,0.00411642563799744
19.09,0.00403787240100799
19.1,0.00396077810994187
19.11,0.00388514411656574
19.12,0.00381096972316635
19.13,0.00373825224080984
19.14,0.0036669871858573
19.15,0.00359716846380408
19.16,0.00352878765645914
19.17,0.00346183535581463
19.1799999999999,0.00339630020809465
19.19,0.00333216884318171
19.2,0.00326942790377477
19.21,0.00320806104284904
19.22,0.00314805129743642
19.23,0.00308938137740272
19.24,0.00303203132311342
19.25,0.00297598136478353
19.26,0.00292121083916994
19.27,0.00286769777817527
19.28,0.00281542002933341
19.29,0.00276435470069555
19.3,0.00271447847719461
19.3099999999999,0.00266576745993032
19.32,0.00261819765924847
19.33,0.0025717447207652
19.34,0.00252638403596696
19.35,0.00248209102653399
19.36,0.00243884101000793
19.37,0.00239660936538057
19.38,0.00235537160469475
19.39,0.00231510326126864
19.4,0.00227578023072005
19.41,0.00223737859901896
19.42,0.00219987453597926
19.4299999999999,0.00216324478339104
19.44,0.00212746623485392
19.45,0.0020925160928994
19.46,0.00205837212955093
19.47,0.00202501234866279
19.48,0.0019924151727098
19.49,0.0019605595804566
19.5,0.00192942484976696
19.51,0.00189899075032465
19.52,0.00186923759303852
19.53,0.00184014600207219
19.54,0.0018116971418652
19.55,0.00178387269550996
19.5599999999999,0.00175665465844974
19.57,0.00173002558713605
19.58,0.0017039685123871
19.59,0.00167846681357758
19.6,0.00165350440497759
19.61,0.00162906563770339
19.62,0.00160513525065893
19.63,0.00158169847066081
19.64,0.00155874094018514
19.65,0.00153624864545601
19.66,0.00151420808836771
19.67,0.00149260615404398
19.6799999999999,0.00147143011780169
19.69,0.00145066755226193
19.7,0.00143030654410311
19.71,0.0014103355167165
19.72,0.00139074323621563
19.73,0.00137151875958125
19.74,0.00135265159260068
19.75,0.00133413154388018
19.76,0.00131594875865639
19.77,0.00129809371133874
19.78,0.00128055718446541
19.79,0.0012633302734926
19.8,0.00124640441114081
19.8099999999999,0.00122977133590992
19.82,0.0012134230451291
19.83,0.00119735183961493
19.84,0.00118155029955925
19.85,0.00116601127956781
19.86,0.00115072790203851
19.87,0.00113569354919903
19.88,0.00112090187804591
19.89,0.00110634678085289
19.9,0.00109202239115738
19.91,0.00107792308215133
19.92,0.00106404345078903
19.9299999999999,0.00105037832376657
19.94,0.0010369227429633
19.95,0.00102367196019005
19.96,0.00101062146513105
19.97,0.000997766947851383
19.98,0.000985104263833253
19.99,0.00097262947431629
20,0.000960338829694122
20.01,0.000948228776574711
20.02,0.000936295913692051
20.03,0.000924537017604917
20.04,0.000912949028673234
20.05,0.000901529016771555
20.0599999999999,0.000890274228629695
20.07,0.000879182050392173
20.08,0.000868250004075313
20.09,0.000857475736920419
20.1,0.000846857020443396
20.11,0.000836391752762929
20.12,0.000826077941341965
20.13,0.000815913704913675
20.14,0.000805897286070287
20.15,0.000796026994843813
20.16,0.000786301243267069
20.17,0.000776718528896459
20.1799999999999,0.000767277444567258
20.19,0.000757976645010107
20.2,0.000748814855847815
20.21,0.000739790868496602
20.22,0.000730903532688827
20.23,0.000722151750954218
20.24,0.000713534473329344
20.25,0.000705050691325783
20.26,0.000696699439889083
20.27,0.000688479834822924
20.28,0.000680390957728253
20.29,0.000672431937482897
20.3,0.000664601922345673
20.3099999999999,0.000656900166312568
20.32,0.000649325888797926
20.33,0.000641878298298244
20.34,0.000634556635926636
20.35,0.000627360172115841
20.36,0.000620288238388281
20.37,0.000613340089438282
20.38,0.000606515015742479
20.39,0.000599812308763525
20.4,0.000593231280951218
20.41,0.000586771220855836
20.42,0.000580431413209181
20.4299999999999,0.000574211136201574
20.44,0.000568109716330517
20.45,0.000562126527255109
20.46,0.000556260818098329
20.47,0.000550511882465615
20.48,0.000544879007570781
20.49,0.00053936163202359
20.5,0.000533959017592481
20.51,0.000528670489023848
20.52,0.000523495374152835
20.53,0.000518432971244025
20.54,0.000513482575515053
20.55,0.000508643512622627
20.5599999999999,0.000503915088948012
20.57,0.000499296614093249
20.58,0.000494787463550917
20.59,0.000490386927268939
20.6,0.000486094326805542
20.61,0.000481908984869222
20.62,0.000477830297724157
20.63,0.000473857637065794
20.64,0.000469990354703998
20.65,0.00046622783466551
20.66,0.00046256946783647
20.67,0.000459014638123153
20.6799999999999,0.000455562771381382
20.69,0.000452213296138566
20.7,0.000448965655238289
20.71,0.000445819260936443
20.72,0.000442773574448489
20.73,0.000439828069136396
20.74,0.000436982224394997
20.75,0.000434235558776902
20.76,0.000431587640644372
20.77,0.000429037993784752
20.78,0.000426586188694345
20.79,0.000424231817932648
20.8,0.000421974352789693
20.8099999999999,0.000419813431429759
20.82,0.000417748660850224
20.83,0.000415779656217265
20.84,0.000413906056543128
20.85,0.000412127517196014
20.86,0.000410443692418717
20.87,0.000408854256941036
20.88,0.000407358903930119
20.89,0.000405957418115174
20.9,0.000404649530526338
20.91,0.000403435023693445
20.92,0.000402313614071972
20.9299999999999,0.000401284955291808
20.94,0.000400348839334644
20.95,0.000399504997459319
20.96,0.000398753259075586
20.97,0.000398093375619603
20.98,0.000397525110802631
20.99,0.000397048245240494
21,0.000396662582963204
21.01,0.000396367909479347
21.02,0.000396164024171518
21.03,0.000396050663937897
21.04,0.000396027573932264
21.05,0.000396094522233004
21.0599999999999,0.000396251245448936
21.07,0.000396497449965595
21.08,0.000396832838163353
21.09,0.000397257085770393
21.1,0.000397769857392017
21.11,0.0003983708040808
21.12,0.000399059532756692
21.13,0.000399835631932875
21.14,0.000400698635393565
21.15,0.000401648063698114
21.16,0.000402683399288959
21.17,0.000403804077121177
21.1799999999999,0.000405009466832222
21.19,0.000406298918029526
21.2,0.000407671719830931
21.21,0.000409127114794877
21.22,0.00041066428836468
21.23,0.000412282364151614
21.24,0.000413980407560295
21.25,0.00041575743433857
21.26,0.000417612381598748
21.27,0.000419544123978508
21.28,0.000421551467941728
21.29,0.000423633149289827
21.3,0.000425787827590079
21.3099999999999,0.000428014086705328
21.32,0.000430310451464701
21.33,0.000432675353111783
21.34,0.000435107143807681
21.35,0.000437604103934231
21.36,0.000440164461925434
21.37,0.00044278632886362
21.38,0.00044546774700645
21.39,0.000448206706649666
21.4,0.000451001113334744
21.41,0.000453848778856057
21.42,0.000456747447948793
21.4299999999999,0.000459694840102599
21.44,0.000462688550103169
21.45,0.000465726119399368
21.46,0.000468805043865692
21.47,0.000471922775421223
21.48,0.000475076668362335
21.49,0.000478264033980565
21.5,0.000481482184252502
21.51,0.000484728343152666
21.52,0.000487999695923404
21.53,0.000491293401763997
21.54,0.000494606622191044
21.55,0.000497936462568888
21.5599999999999,0.000501280023145516
21.57,0.000504634397123489
21.58,0.000507996666303149
21.59,0.000511363913546516
21.6,0.000514733226832918
21.61,0.00051810170257978
21.62,0.000521466457796546
21.63,0.000524824638598635
21.64,0.000528173410688046
21.65,0.000531509979718977
21.66,0.000534831594321566
21.67,0.000538135547578402
21.6799999999999,0.000541419177379197
21.69,0.000544679873348696
21.7,0.000547915094375217
21.71,0.000551122352853126
21.72,0.000554299227877277
21.73,0.000557443376696209
21.74,0.000560552531296154
21.75,0.000563624505247677
21.76,0.000566657198269898
21.77,0.000569648581520478
21.78,0.000572596721768862
21.79,0.000575499784310793
21.8,0.000578355984406729
21.8099999999999,0.000581163646383081
21.82,0.000583921189566212
21.83,0.000586627115747253
21.84,0.000589280021994898
21.85,0.000591878598875704
21.86,0.000594421636594962
21.87,0.000596908019281344
21.88,0.000599336730335618
21.89,0.000601706804117512
21.9,0.000604017406266136
21.91,0.0006062677801753
21.92,0.000608457220821049
21.9299999999999,0.000610585137438807
21.94,0.000612651010087591
21.95,0.000614654398093492
21.96,0.00061659493744163
21.97,0.00061847233987067
21.98,0.000620286392042429
21.99,0.000622036951937138
22,0.000623723946096811
22.01,0.000625347351579925
22.02,0.000626907224651657
22.03,0.000628403675499836
22.04,0.000629836857591048
22.05,0.000631206990059275
22.0599999999999,0.000632514338018603
22.07,0.000633759216619176
22.08,0.000634941982847404
22.09,0.00063606303693918
22.1,0.000637122824011364
22.11,0.000638121821779811
22.12,0.000639060544365339
22.13,0.000639939536755485
22.14,0.000640759374784646
22.15,0.000641520660921957
22.16,0.000642224024069114
22.17,0.000642870113393589
22.1799999999999,0.000643459598828231
22.19,0.000643993177895542
22.2,0.000644471555112379
22.21,0.000644895452129565
22.22,0.000645265610599765
22.23,0.00064558277764397
22.24,0.000645847710551258
22.25,0.000646061177092996
22.26,0.000646223950201068
22.27,0.000646336806000824
22.28,0.000646400528951791
22.29,0.00064641590799206
22.3,0.000646383727191906
22.3099999999999,0.000646304776619973
22.32,0.000646179853995464
22.33,0.000646009745851411
22.34,0.000645795240317374
22.35,0.000645537122108093
22.36,0.000645236172151705
22.37,0.000644893166011441
22.38,0.00064450887543653
22.39,0.000644084062859074
22.4,0.000643619483309697
22.41,0.000643115900031068
22.42,0.000642574059480844
22.4299999999999,0.000641994700775072
22.44,0.00064137855798199
22.45,0.000640726357468554
22.46,0.000640038817140566
22.47,0.00063931664451853
22.48,0.00063856053583983
22.49,0.00063777117999447
22.5,0.000636949256860977
22.51,0.000636095443975556
22.52,0.000635210400175445
22.53,0.000634294778265076
22.54,0.000633349227987653
22.55,0.000632374383628791
22.5599999999999,0.000631370872630314
22.57,0.000630339310418083
22.58,0.000629280304937043
22.59,0.000628194454386769
22.6,0.000627082347384084
22.61,0.000625944562880103
22.62,0.00062478166970711
22.63,0.000623594228419543
22.64,0.000622382793761439
22.65,0.000621147907117968
22.66,0.000619890102480357
22.67,0.000618609905949778
22.6799999999999,0.000617307834147021
22.69,0.00061598439544981
22.7,0.000614640089246261
22.71,0.000613275406750398
22.72,0.000611890830903998
22.73,0.00061048683708839
22.74,0.000609063893215825
22.75,0.000607622458394471
22.76,0.000606162984499758
22.77,0.000604685916067416
22.78,0.000603191690029322
22.79,0.000601680736145714
22.8,0.000600153476256405
22.8099999999999,0.000598610325093994
22.82,0.000597051690887976
22.83,0.00059547797466056
22.84,0.000593889571779696
22.85,0.000592286869841345
22.86,0.000590670250346442
22.87,0.000589040088909938
22.88,0.000587396755750181
22.89,0.000585740614130952
22.9,0.000584072021970931
22.91,0.000582391329752683
22.92,0.000580698883163083
22.9299999999999,0.000578995022623301
22.94,0.000577280082541558
22.95,0.000575554390501981
22.96,0.000573818270011671
22.97,0.000572072038639417
22.98,0.000570316009948237
22.99,0.000568550493109272
23,0.000566775790853758
23.01,0.000564992201931018
23.02,0.000563200020047497
23.03,0.000561399534977655
23.04,0.000559591032086201
23.05,0.000557774792529447
23.0599999999999,0.000555951088755359
23.07,0.000554120190383855
23.08,0.000552282364907803
23.09,0.000550437873966585
23.1,0.000548586975591857
23.11,0.000546729924325064
23.12,0.000544866969027404
23.13,0.000542998355170121
23.14,0.000541124324719717
23.15,0.000539245118302813
23.16,0.000537360969870642
23.17,0.000535472111080582
23.1799999999999,0.000533578770281692
23.19,0.000531681166722224
23.2,0.000529779522066396
23.21,0.000527874052778325
23.22,0.000525964971600819
23.23,0.000524052490422348
23.24,0.000522136816749582
23.25,0.000520218154086139
23.26,0.00051829670366807
23.27,0.000516372662679648
23.28,0.000514446224581143
23.29,0.000512517581869983
23.3,0.000510586923306778
23.3099999999999,0.000508654433774091
23.32,0.000506720290892638
23.33,0.00050478467472563
23.34,0.000502847759977795
23.35,0.000500909718050235
23.36,0.000498970724583032
23.37,0.000497030943433034
23.38,0.000495090538621396
23.39,0.000493149671439428
23.4,0.000491208500997897
23.41,0.00048926718819213
23.42,0.000487325885616669
23.4299999999999,0.000485384745773852
23.44,0.000483443918969317
23.45,0.000481503552119124
23.46,0.000479563787047025
23.47,0.000477624768138575
23.48,0.000475686635596975
23.49,0.00047374952738505
23.5,0.000471813578908565
23.51,0.000469878923167995
23.52,0.000467945691614215
23.53,0.000466014013270576
23.54,0.000464084015041842
23.55,0.000462155818186475
23.5599999999999,0.000460229542500425
23.57,0.000458305308052078
23.58,0.000456383230969984
23.59,0.000454463424921434
23.6,0.000452546008414884
23.61,0.000450631092569109
23.62,0.000448718785580948
23.63,0.000446809195352221
23.64,0.000444902428070492
23.65,0.000442998586035788
23.66,0.000441097772192414
23.67,0.000439200087194687
23.6799999999999,0.000437305629900826
23.69,0.00043541449722679
23.7,0.000433526779269128
23.71,0.000431642570803752
23.72,0.000429761962361212
23.73,0.00042788504258412
23.74,0.000426011898878113
23.75,0.000424142619242787
23.76,0.00042227728643184
23.77,0.000420415982937883
23.78,0.000418558789659615
23.79,0.000416705786027469
23.8,0.000414857050052016
23.8099999999999,0.000413012658007722
23.82,0.000411172684805243
23.83,0.000409337203919847
23.84,0.000407506285970872
23.85,0.00040567999936133
23.86,0.000403858413371324
23.87,0.000402041594627597
23.88,0.000400229608197166
23.89,0.00039842251914122
23.9,0.000396620391163872
23.91,0.000394823284877715
23.92,0.000393031260441094
23.9299999999999,0.000391244376729258
23.94,0.00038946269199951
23.95,0.000387686263137137
23.96,0.000385915145438914
23.97,0.000384149393361489
23.98,0.000382389060296448
23.99,0.000380634194463118
24,0.000378884845118166
24.01,0.000377141061750752
24.02,0.000375402891283981
24.03,0.000373670379264011
24.04,0.00037194357161656
24.05,0.000370222511634253
24.0599999999999,0.000368507241154629
24.07,0.00036679780112694
24.08,0.000365094231278867
24.09,0.000363396576174964
24.1,0.000361704873821112
24.11,0.000360019162071302
24.12,0.000358339478809104
24.13,0.000356665861290518
24.14,0.000354998336535714
24.15,0.000353336940682595
24.16,0.00035168170610601
24.17,0.000350032663457959
24.1799999999999,0.000348389843073308
24.19,0.000346753278691755
24.2,0.000345122996575666
24.21,0.000343499024407244
24.22,0.00034188138889989
24.23,0.000340270116484754
24.24,0.000338665231840248
24.25,0.000337066758961429
24.26,0.000335474720908232
24.27,0.000333889139133471
24.28,0.000332310034614314
24.29,0.000330737427456111
24.3,0.000329171336654259
24.3099999999999,0.000327611782505011
24.32,0.000326058784467961
24.33,0.000324512358701507
24.34,0.000322972521756888
24.35,0.000321439290797512
24.36,0.000319912684710419
24.37,0.000318392717261746
24.38,0.000316879403372111
24.39,0.000315372756823934
24.4,0.000313872785805271
24.41,0.000312379504248619
24.42,0.000310892922922939
24.4299999999999,0.000309413051772315
24.44,0.000307939903026448
24.45,0.000306473484652166
24.46,0.000305013804706019
24.47,0.000303560870728111
24.48,0.000302114690295077
24.49,0.00030067527338861
24.5,0.000299242624473889
24.51,0.000297816749290599
24.52,0.000296397652976172
24.53,0.000294985339885424
24.54,0.000293579813750228
24.55,0.000292181077925939
24.5599999999999,0.000290789135040401
24.57,0.0002894039871081
24.58,0.000288025635008374
24.59,0.000286654079491968
24.6,0.00028528932066006
24.61,0.00028393135790356
24.62,0.000282580190849139
24.63,0.000281235826264688
24.64,0.000279898259577223
24.65,0.000278567489886396
24.66,0.000277243515918143
24.67,0.000275926334260477
24.6799999999999,0.00027461593989045
24.69,0.000273312330922704
24.7,0.000272015503371378
24.71,0.000270725452741239
24.72,0.000269442175723703
24.73,0.000268165667295884
24.74,0.00026689592157234
24.75,0.000265632932654811
24.76,0.000264376694231526
24.77,0.000263127200624089
24.78,0.000261884444337084
24.79,0.000260648417969211
24.8,0.000259419113708607
24.8099999999999,0.00025819652419
24.82,0.000256980642795853
24.83,0.000255771459790534
24.84,0.000254568966275081
24.85,0.000253373152995164
24.86,0.000252184010341103
24.87,0.000251001529704083
24.88,0.000249825700596933
24.89,0.000248656512460955
24.9,0.000247493954574811
24.91,0.000246338015891086
24.92,0.000245188685601684
24.9299999999999,0.000244045953095611
24.94,0.000242909805976886
24.95,0.000241780232218778
24.96,0.00024065721950064
24.97,0.000239540755207929
24.98,0.000238430827570543
24.99,0.000237327423164561
25,0.000236230528622271
25.01,0.000235140130400129
25.02,0.000234056214683915
25.03,0.000232978768246149
25.04,0.000231907778085845
25.05,0.00023084322912139
25.0599999999999,0.000229785106898121
25.07,0.000228733396734324
25.08,0.000227688083721254
25.09,0.000226649153931848
25.1,0.000225616591688455
25.11,0.000224590381567183
25.12,0.000223570507999836
25.13,0.00022255695521452
25.14,0.000221549708111055
25.15,0.000220548751527303
25.16,0.000219554068595588
25.17,0.000218565643046497
25.1799999999999,0.000217583458435088
25.19,0.000216607498140884
25.2,0.000215637745738273
25.21,0.000214674185546657
25.22,0.000213716799844278
25.23,0.000212765571559919
25.24,0.000211820483469553
25.25,0.000210881518196359
25.26,0.000209948658289037
25.27,0.000209021887972814
25.28,0.000208101188591578
25.29,0.000207186542434166
25.3,0.000206277931662124
25.3099999999999,0.000205375338309701
25.32,0.000204478744283851
25.33,0.000203588133067382
25.34,0.000202703485995938
25.35,0.000201824784646888
25.36,0.000200952010727024
25.37,0.000200085145842349
25.38,0.000199224171498094
25.39,0.000198369070139213
25.4,0.000197519823392739
25.41,0.000196676412268316
25.42,0.000195838818125761
25.4299999999999,0.000195007022246623
25.44,0.000194181005834179
25.45,0.000193360750683352
25.46,0.000192546238684067
25.47,0.000191737450405988
25.48,0.000190934366990925
25.49,0.000190136969524777
25.5,0.00018934523903755
25.51,0.000188559156634605
25.52,0.000187778703816871
25.53,0.000187003861346323
25.54,0.00018623461023939
25.55,0.000185470931493304
25.5599999999999,0.000184712806088764
25.57,0.000183960214992594
25.58,0.000183213139160417
25.59,0.000182471559657135
25.6,0.000181735457402832
25.61,0.000181004813339855
25.62,0.000180279608430483
25.63,0.00017955982364239
25.64,0.000178845439951485
25.65,0.000178136438344761
25.66,0.000177432799757449
25.67,0.000176734505123801
25.6799999999999,0.000176041535520625
25.69,0.000175353871979557
25.7,0.000174671495553732
25.71,0.000173994387320382
25.72,0.000173322528383477
25.73,0.000172655899866023
25.74,0.00017199448255819
25.75,0.000171338257824259
25.76,0.000170687206842024
25.77,0.000170041310820797
25.78,0.000169400551003546
25.79,0.000168764908669019
25.8,0.000168134365133877
25.8099999999999,0.000167508901650975
25.82,0.00016688849958482
25.83,0.000166273140398121
25.84,0.000165662805550633
25.85,0.000165057476546664
25.86,0.000164457134936987
25.87,0.000163861762320715
25.88,0.000163271340390324
25.89,0.00016268585101671
25.9,0.000162105275879376
25.91,0.000161529596825675
25.92,0.00016095879576577
25.9299999999999,0.000160392854674825
25.94,0.000159831755595188
25.95,0.000159275480638603
25.96,0.000158724011343193
25.97,0.000158177330072212
25.98,0.000157635419138755
25.99,0.000157098260816255
26,0.000156565837440252
26.01,0.000156038131409545
26.02,0.00015551512518735
26.03,0.000154996801364373
26.04,0.000154483142600146
26.05,0.00015397413150271
26.0599999999999,0.000153469750817879
26.07,0.000152969983363013
26.08,0.000152474812028252
26.09,0.000151984219777709
26.1,0.000151498189650696
26.11,0.000151016704762946
26.12,0.000150539748307818
26.13,0.000150067303630512
26.14,0.000149599354737073
26.15,0.000149135884651122
26.16,0.000148676876950269
26.17,0.00014822231530217
26.1799999999999,0.000147772183466022
26.19,0.000147326465294055
26.2,0.000146885144733035
26.21,0.000146448205825745
26.22,0.000146015632712485
26.23,0.000145587409632574
26.24,0.000145163520226574
26.25,0.000144743949135544
26.26,0.000144328680979468
26.27,0.000143917700330443
26.28,0.000143510991859297
26.29,0.000143108540336754
26.3,0.000142710330634595
26.3099999999999,0.000142316347726823
26.32,0.000141926576690824
26.33,0.000141541002708538
26.34,0.000141159610497175
26.35,0.000140782385043009
26.36,0.000140409312250415
26.37,0.000140040377622398
26.38,0.000139675566761366
26.39,0.000139314865369814
26.4,0.000138958259251011
26.41,0.000138605734309692
26.42,0.000138257276552744
26.4299999999999,0.000137912872089898
26.44,0.000137572507222606
26.45,0.000137236168751696
26.46,0.000136903842786946
26.47,0.000136575515906434
26.48,0.000136251174799672
26.49,0.000135930806268509
26.5,0.00013561439722805
26.51,0.000135301934707575
26.52,0.000134993405851446
26.53,0.000134688797920027
26.54,0.000134388098290595
26.55,0.000134091294378131
26.5599999999999,0.000133798373827104
26.57,0.000133509324374915
26.58,0.000133224133867292
26.59,0.000132942790270623
26.6,0.000132665281672833
26.61,0.000132391596284274
26.62,0.00013212172243859
26.63,0.000131855648593602
26.64,0.000131593363332194
26.65,0.000131334854603462
26.66,0.000131080110892519
26.67,0.000130829121582537
26.6799999999999,0.000130581875635826
26.69,0.000130338362131117
26.7,0.000130098570263887
26.71,0.000129862489346667
26.72,0.000129630108809361
26.73,0.000129401418199568
26.74,0.000129176407182891
26.75,0.000128955065707804
26.76,0.000128737384255491
26.77,0.000128523352405516
26.78,0.000128312960348327
26.79,0.000128106198398324
26.8,0.000127903056994343
26.8099999999999,0.000127703526700139
26.82,0.00012750759820486
26.83,0.000127315262323541
26.84,0.000127126509997573
26.85,0.000126941332295186
26.86,0.000126759720411942
26.87,0.000126581665742026
26.88,0.000126407160815525
26.89,0.000126236196477806
26.9,0.000126068764507553
26.91,0.000125904856819289
26.92,0.000125744465464093
26.9299999999999,0.000125587582630307
26.94,0.000125434200644252
26.95,0.000125284311970945
26.96,0.000125137909214802
26.97,0.000124994985120361
26.98,0.000124855532572988
26.99,0.000124719544599596
27,0.000124587012269763
27.01,0.000124457930050458
27.02,0.000124332291424634
27.03,0.000124210089848388
27.04,0.000124091318910676
27.05,0.000123975972333575
27.0599999999999,0.000123864043972545
27.07,0.00012375552781669
27.08,0.000123650417989026
27.09,0.00012354870874674
27.1,0.000123450394481452
27.11,0.000123355469719483
27.12,0.000123263929094976
27.13,0.000123175767412403
27.14,0.000123090979608687
27.15,0.000123009560749308
27.16,0.000122931506035565
27.17,0.000122856810804834
27.1799999999999,0.000122785470530819
27.19,0.00012271748082381
27.2,0.000122652837430942
27.21,0.000122591536236445
27.22,0.000122533573261903
27.23,0.000122478944666509
27.24,0.000122427648547985
27.25,0.000122379681501004
27.26,0.000122335039319003
27.27,0.000122293718903366
27.28,0.000122255717310676
27.29,0.000122221031753583
27.3,0.000122189659601663
27.3099999999999,0.000122161598382281
27.32,0.000122136845781449
27.33,0.000122115399644695
27.34,0.000122097257977919
27.35,0.000122082418948254
27.36,0.000122070879551791
27.37,0.000122062637319982
27.38,0.000122057692040493
27.39,0.000122056042345708
27.4,0.000122057687017201
27.41,0.000122062624985982
27.42,0.000122070855332756
27.4299999999999,0.000122082377288165
27.44,0.000122097190233044
27.45,0.000122115293698672
27.46,0.000122136687367018
27.47,0.000122161371070997
27.48,0.000122189344530751
27.49,0.000122220607362324
27.5,0.000122255160293443
27.51,0.000122293003707135
27.52,0.000122334138133708
27.53,0.000122378564250821
27.54,0.000122426282883547
27.55,0.000122477295004441
27.5599999999999,0.000122531601733607
27.57,0.00012258920433876
27.58,0.000122650104235295
27.59,0.000122714302986356
27.6,0.000122781803196906
27.61,0.000122852611454437
27.62,0.000122926725851971
27.63,0.000123004148766804
27.64,0.000123084882739801
27.65,0.000123168930475936
27.66,0.000123256294844814
27.67,0.000123346978881206
27.6799999999999,0.000123440985785582
27.69,0.000123538318924637
27.7,0.000123638981831823
27.71,0.000123742978207884
27.72,0.000123850311921383
27.73,0.000123960987009229
27.74,0.000124075007677217
27.75,0.000124192378300554
27.76,0.000124313105383538
27.77,0.000124437193930417
27.78,0.00012456464763254
27.79,0.000124695471682014
27.8,0.000124829671452198
27.8099999999999,0.000124967252498505
27.82,0.000125108220559206
27.83,0.000125252581556227
27.84,0.000125400341595964
27.85,0.000125551506970074
27.86,0.000125706084156283
27.87,0.000125864079819191
27.88,0.00012602550081107
27.89,0.000126190354172672
27.9,0.000126358647134027
27.91,0.00012653038711525
27.92,0.00012670557626703
27.9299999999999,0.000126884226203785
27.94,0.000127066344867239
27.95,0.000127251940234006
27.96,0.00012744102046049
27.97,0.000127633593883271
27.98,0.000127829669019483
27.99,0.000128029254567207
28,0.000128232359405846
28.01,0.000128438992596516
28.02,0.000128649163382425
28.03,0.000128862881189261
28.04,0.000129080155625574
28.05,0.000129300996483161
28.0599999999999,0.000129525413737448
28.07,0.000129753418870645
28.08,0.000129985023759238
28.09,0.000130220237144412
28.1,0.000130459069877311
28.11,0.000130701533004114
28.12,0.000130947637766706
28.13,0.000131197395603342
28.14,0.000131450818149316
28.15,0.000131707917237625
28.16,0.000131968704899637
28.17,0.000132233193365758
28.1799999999999,0.000132501395066097
28.19,0.000132773322631138
28.2,0.000133048988892397
28.21,0.000133328406883098
28.22,0.000133611589838837
28.23,0.000133898558875456
28.24,0.000134189324456516
28.25,0.000134483898904512
28.26,0.000134782296645208
28.27,0.000135084532335512
28.28,0.000135390620864888
28.29,0.000135700577356776
28.3,0.000136014417170005
28.3099999999999,0.000136332155900208
28.32,0.000136653809381241
28.33,0.00013697939368659
28.34,0.000137308925130798
28.35,0.000137642420270874
28.36,0.000137979895907706
28.37,0.000138321369087483
28.38,0.000138666855925696
28.39,0.000139016369021552
28.4,0.000139369930377972
28.41,0.000139727557788613
28.42,0.000140089269282263
28.4299999999999,0.00014045508312374
28.44,0.000140825017814791
28.45,0.000141199092094986
28.46,0.000141577324942626
28.47,0.000141959735575639
28.48,0.000142346343452468
28.49,0.000142737168272989
28.5,0.000143132229979394
28.51,0.000143531548757096
28.52,0.000143935145035631
28.53,0.000144343039489548
28.54,0.000144755250882485
28.55,0.000145171800274446
28.5599999999999,0.000145592710242039
28.57,0.000146018002308791
28.58,0.000146447698238141
28.59,0.000146881820034066
28.6,0.000147320389941688
28.61,0.000147763430447885
28.62,0.000148210964281917
28.63,0.000148663014416033
28.64,0.000149119604066087
28.65,0.000149580756692153
28.66,0.000150046495999142
28.67,0.000150516845937413
28.6799999999999,0.000150991830703391
28.69,0.000151471474740182
28.7,0.000151955825520305
28.71,0.000152444891307474
28.72,0.00015293869807717
28.73,0.000153437272122439
28.74,0.000153940640043913
28.75,0.000154448828752101
28.76,0.0001549618654697
28.77,0.000155479777733899
28.78,0.000156002593398685
28.79,0.000156530340637153
28.8,0.000157063047943806
28.8099999999999,0.000157600744136868
28.82,0.000158143458360585
28.83,0.000158691220087526
28.84,0.000159244059120906
28.85,0.000159802002994622
28.86,0.000160365079722892
28.87,0.000160933323222184
28.88,0.000161506764390675
28.89,0.000162085434451421
28.9,0.000162669364954138
28.91,0.000163258587777004
28.92,0.000163853135128441
28.9299999999999,0.000164453039548914
28.94,0.000165058333912721
28.95,0.000165669051429773
28.96,0.000166285225647403
28.97,0.000166906890452151
28.98,0.000167534080071543
28.99,0.000168166829075902
29,0.000168805172380127
29.01,0.000169449136894251
29.02,0.000170098761371397
29.03,0.00017075408280469
29.04,0.000171415136840165
29.05,0.000172081959420158
29.0599999999999,0.000172754586782973
29.07,0.000173433055462546
29.08,0.000174117402288103
29.09,0.000174807664383839
29.1,0.000175503879168581
29.11,0.000176206084355433
29.12,0.000176914317951474
29.13,0.000177628634270748
29.14,0.000178349067596221
29.15,0.000179075653707046
29.16,0.000179808433157502
29.17,0.000180547446912766
29.1799999999999,0.000181292736352995
29.19,0.000182044343277405
29.2,0.000182802309908339
29.21,0.000183566678895371
29.22,0.000184337493319375
29.23,0.00018511479669659
29.24,0.00018589863298273
29.25,0.000186689052247489
29.26,0.000187486098514686
29.27,0.00018828981552132
29.28,0.000189100249549317
29.29,0.000189917447386106
29.3,0.000190741456330395
29.3099999999999,0.000191572324197962
29.32,0.000192410099327435
29.33,0.00019325483058606
29.34,0.000194106567375512
29.35,0.000194965359637661
29.36,0.00019583125786034
29.37,0.000196704292000639
29.38,0.000197584511069842
29.39,0.000198471973431335
29.4,0.000199366728318335
29.41,0.000200268825163468
29.42,0.00020117831358724
29.4299999999999,0.000202095243386507
29.44,0.000203019664522954
29.45,0.000203951627111546
29.46,0.000204891184868621
29.47,0.000205838416957395
29.48,0.000206793356917393
29.49,0.000207756058561238
29.5,0.000208726576151756
29.51,0.0002097049644072
29.52,0.000210691278506472
29.53,0.000211685574094347
29.54,0.000212687907286688
29.55,0.000213698334675677
29.5599999999999,0.000214716930711145
29.57,0.000215743757624673
29.58,0.000216778866923809
29.59,0.000217822320273625
29.6,0.000218874180177085
29.61,0.000219934509995746
29.62,0.000221003373970514
29.63,0.000222080837242343
29.64,0.000223166965872956
29.65,0.000224261824846903
29.66,0.000225365451542412
29.67,0.000226477929112488
29.6799999999999,0.000227599322776364
29.69,0.000228729698139059
29.7,0.000229869121175556
29.71,0.000231017658215056
29.72,0.000232175375925172
29.73,0.000233342333526579
29.74,0.000234518584570487
29.75,0.000235704203558354
29.76,0.000236899254713817
29.77,0.000238103802039247
29.78,0.000239317909272926
29.79,0.000240541639846228
29.8,0.000241775056840802
29.8099999999999,0.000243018274030792
29.82,0.000244271364453021
29.83,0.000245534381142723
29.84,0.000246807398204265
29.85,0.000248090490840392
29.86,0.000249383735401339
29.87,0.000250687209434003
29.88,0.000252000991731052
29.89,0.000253325162566879
29.9,0.000254659803299218
29.91,0.000256004996773533
29.92,0.000257360827288316
29.9299999999999,0.000258727380637478
29.94,0.000260104744159707
29.95,0.000261493006787788
29.96,0.000262892236583261
29.97,0.000264302446506113
29.98,0.000265723768756149
29.99,0.000267156283066575
30,0.000268600068869991
30.01,0.000270055205226494
30.02,0.000271521770751778
30.03,0.000272999843545237
30.04,0.000274489529023625
30.05,0.000275990922466237
30.0599999999999,0.000277504089422212
30.07,0.000279029113965668
30.08,0.000280566080437807
30.09,0.000282115073438725
30.1,0.000283676177819147
30.11,0.000285249478672151
30.12,0.000286835123484179
30.13,0.000288433185861913
30.14,0.000290043752568135
30.15,0.000291666921759671
30.16,0.000293302793351052
30.17,0.000294951469091583
30.1799999999999,0.000296613052642407
30.19,0.000298287642158841
30.2,0.000299975279716371
30.21,0.000301676105910234
30.22,0.000303390221970041
30.23,0.000305117729963634
30.24,0.000306858732791027
30.25,0.000308613334178255
30.26,0.000310381638671259
30.27,0.00031216372381273
30.28,0.000313959657562383
30.29,0.000315769566572817
30.3,0.000317593547113794
30.3099999999999,0.000319431694731278
30.32,0.00032128410415647
30.33,0.000323150869214791
30.34,0.000325032082734972
30.35,0.000326927931795309
30.36,0.000328838510818539
30.37,0.000330763895228367
30.38,0.000332704191599483
30.39,0.000334659507128942
30.4,0.000336629949636163
30.41,0.00033861562756293
30.42,0.000340616650033344
30.4299999999999,0.000342633246829205
30.44,0.000344665476920993
30.45,0.000346713467708029
30.46,0.000348777348736537
30.47,0.000350857251699618
30.48,0.000352953310437208
30.49,0.000355065495162114
30.5,0.000357193959003923
30.51,0.000359338844045364
30.52,0.000361500260523836
30.53,0.000363678318048885
30.54,0.000365873125602212
30.55,0.000368084837024939
30.5599999999999,0.000370313581464386
30.57,0.000372559454424636
30.58,0.000374822574625552
30.59,0.000377103061233695
30.6,0.000379401033862293
30.61,0.000381716637007467
30.62,0.000384050030141359
30.63,0.000386401316148047
30.64,0.000388770626723718
30.65,0.000391158094930615
30.66,0.000393563855197031
30.67,0.000395988034648292
30.6799999999999,0.000398430727048085
30.69,0.000400892090012842
30.7,0.00040337225574757
30.71,0.000405871357124384
30.72,0.000408389527682465
30.73,0.000410926901628019
30.74,0.000413483584891739
30.75,0.000416059725204429
30.76,0.00041865545488751
30.77,0.000421270906458736
30.78,0.000423906212733617
30.79,0.000426561506825419
30.8,0.000429236939771586
30.8099999999999,0.000431932642906378
30.82,0.000434648749388125
30.83,0.000437385396415349
30.84,0.000440142721716754
30.85,0.000442920863551183
30.86,0.00044571996078077
30.87,0.00044854015716797
30.88,0.000451381590444963
30.89,0.000454244401519634
30.9,0.000457128731875252
30.91,0.000460034723570466
30.92,0.000462962519239308
30.9299999999999,0.000465912257452435
30.94,0.000468884065829356
30.95,0.00047187809695953
30.96,0.00047489449308501
30.97,0.000477933396797024
30.98,0.000480994951035931
30.99,0.000484079299091315
31,0.00048718657777918
31.01,0.000490316924424252
31.02,0.000493470487323305
31.03,0.00049664740917647
31.04,0.000499847832869368
31.05,0.000503071901473112
31.0599999999999,0.000506319758244309
31.07,0.000509591539703282
31.08,0.000512887388872444
31.09,0.000516207450637415
31.1,0.000519551867685887
31.11,0.00052292078278493
31.12,0.000526314338781103
31.13,0.000529732678600381
31.14,0.000533175926443517
31.15,0.000536644232346473
31.16,0.000540137738245627
31.17,0.000543656584794532
31.1799999999999,0.000547200912520388
31.19,0.000550770861824064
31.2,0.000554366569383176
31.21,0.000557988151144126
31.22,0.000561635759050532
31.23,0.000565309529557514
31.24,0.000569009598702674
31.25,0.000572736102106014
31.26,0.000576489174969956
31.27,0.000580268941844144
31.28,0.000584075520103735
31.29,0.000587909052973436
31.3,0.000591769670200379
31.3099999999999,0.000595657500799736
31.32,0.000599572673054737
31.33,0.000603515314516585
31.34,0.000607485531723373
31.35,0.000611483443091145
31.36,0.000615509179945764
31.37,0.000619562862397424
31.38,0.000623644609456382
31.39,0.00062775453903298
31.4,0.000631892767937645
31.41,0.000636059374464072
31.42,0.000640254481034174
31.4299999999999,0.000644478201623694
31.44,0.000648730642812496
31.45,0.00065301190961369
31.46,0.000657322105473779
31.47,0.000661661330203055
31.48,0.000666029638984576
31.49,0.000670427146847916
31.5,0.000674853942848545
31.51,0.000679310113651604
31.52,0.000683795743531905
31.53,0.000688310904020857
31.54,0.000692855665186194
31.55,0.000697430107274593
31.5599999999999,0.000702034300906843
31.57,0.000706668313917104
31.58,0.000711332211352804
31.59,0.000716026031128018
31.6,0.000720749840954266
31.61,0.000725503693609503
31.62,0.000730287638362806
31.63,0.000735101721267287
31.64,0.000739945966459434
31.65,0.00074482038833837
31.66,0.000749725031988893
31.67,0.000754659921840984
31.6799999999999,0.000759625078254305
31.69,0.000764620517518232
31.7,0.000769646197888829
31.71,0.000774702139528159
31.72,0.00077978834021199
31.73,0.000784904788677015
31.74,0.000790051468537805
31.75,0.000795228344428399
31.76,0.000800435362548206
31.77,0.000805672500672368
31.78,0.000810939714015496
31.79,0.000816236951892731
31.8,0.000821564157719741
31.8099999999999,0.000826921240589222
31.82,0.000832308134583144
31.83,0.000837724763551603
31.84,0.000843171040749546
31.85,0.000848646872915699
31.86,0.00085415214611068
31.87,0.000859686710126264
31.88,0.000865250461272298
31.89,0.000870843263882273
31.9,0.00087646497291785
31.91,0.000882115433758503
31.92,0.00088779446403226
31.9299999999999,0.000893501872877737
31.94,0.000899237477340752
31.95,0.000905001071980335
31.96,0.000910792438977102
31.97,0.000916611347798649
31.98,0.000922457585974191
31.99,0.000928330899686559
32,0.000934231022559078
32.01,0.000940157681720277
32.02,0.000946110591860942
32.03,0.000952089456454764
32.04,0.000958094013222492
32.05,0.000964123925193598
32.0599999999999,0.000970178867822755
32.07,0.000976258505335733
32.08,0.00098236249069341
32.09,0.000988490442434224
32.1,0.000994641905098719
32.11,0.00100081649963295
32.12,0.00100701379130569
32.13,0.00101323332526091
32.14,0.00101947465115076
32.15,0.00102573729506699
32.16,0.00103202074716286
32.17,0.00103832449083217
32.1799999999999,0.00104464801233465
32.19,0.00105099078596798
32.2,0.00105735224472468
32.21,0.00106373181789713
32.22,0.00107012891552679
32.23,0.00107654292895979
32.24,0.00108297324146463
32.25,0.00108941921729764
32.26,0.00109588018101074
32.27,0.00110235539942342
32.28,0.00110884419351404
32.29,0.00111534583648889
32.3,0.00112185957455829
32.3099999999999,0.00112838460946852
32.32,0.00113492015963149
32.33,0.00114146540869186
32.34,0.00114801952375166
32.35,0.00115458167861789
32.36,0.00116115099059188
32.37,0.00116772657074572
32.38,0.00117430751006354
32.39,0.00118089287045139
32.4,0.00118748170690964
32.41,0.00119407305000789
32.42,0.00120066591053629
32.4299999999999,0.00120725925489613
32.44,0.00121385202084155
32.45,0.00122044316389539
32.46,0.00122703160014914
32.47,0.00123361622416012
32.48,0.00124019589936622
32.49,0.0012467694775693
32.5,0.00125333578695559
32.51,0.00125989363295132
32.52,0.00126644181087529
32.53,0.00127297912400821
32.54,0.00127950430407143
32.55,0.00128601608252827
32.5599999999999,0.00129251317053657
32.57,0.00129899429337036
32.58,0.00130545813750001
32.59,0.00131190335514655
32.6,0.00131832859087409
32.61,0.00132473247348414
32.62,0.00133111365918338
32.63,0.00133747072523005
32.64,0.00134380225396896
32.65,0.00135010681053162
32.66,0.00135638297601293
32.67,0.00136262933221244
32.6799999999999,0.00136884439661947
32.69,0.00137502669885809
32.7,0.0013811747579521
32.71,0.00138728712379514
32.72,0.00139336234560543
32.73,0.00139939891760251
32.74,0.00140539535611978
32.75,0.00141135017617168
32.76,0.0014172619130958
32.77,0.00142312910288474
32.78,0.00142895026568452
32.79,0.00143472393769096
32.8,0.0014404486621428
32.8099999999999,0.00144612300139695
32.82,0.00145174552532418
32.83,0.00145731480791079
32.84,0.00146282944126414
32.85,0.00146828803253676
32.86,0.00147368925174847
32.87,0.00147903176979664
32.88,0.00148431425631422
32.89,0.00148953542297332
32.9,0.00149469400929013
32.91,0.00149978886371665
32.92,0.00150481882571553
32.9299999999999,0.00150978274657896
32.94,0.00151467954360439
32.95,0.00151950818024646
32.96,0.00152426768449248
32.97,0.00152895712554207
32.98,0.00153357562457513
32.99,0.00153812236438103
33,0.0015425965884861
33.01,0.00154699760053137
33.02,0.00155132477284788
33.03,0.00155557754661383
33.04,0.00155975543371831
33.05,0.00156385802004469
33.0599999999999,0.00156788505335193
33.07,0.00157183628776763
33.08,0.00157571157073545
33.09,0.00157951085290398
33.1,0.00158323418011064
33.11,0.0015868817055838
33.12,0.00159045367588718
33.13,0.00159395044481022
33.14,0.001597372476046
33.15,0.00160072034572509
33.16,0.00160399469132566
33.17,0.00160719632568293
33.1799999999999,0.00161032616567841
33.19,0.00161338524700197
33.2,0.00161637473021398
33.21,0.00161929580730526
33.22,0.00162214990805795
33.23,0.00162493855481015
33.24,0.00162766339796954
33.25,0.00163032621983442
33.26,0.00163292884042082
33.27,0.00163547333102803
33.28,0.00163796185479787
33.29,0.0016403967107877
33.3,0.00164278032938681
33.3099999999999,0.00164511512723247
33.32,0.00164740384631712
33.33,0.00164964929283486
33.34,0.00165185440727385
33.35,0.0016540222473473
33.36,0.00165615578871637
33.37,0.00165825841347947
33.38,0.00166033352340894
33.39,0.00166238464235974
33.4,0.00166441538677896
33.41,0.00166642927346333
33.42,0.00166843022192416
33.4299999999999,0.00167042214512067
33.44,0.00167240905704981
33.45,0.00167439503362304
33.46,0.00167638405431004
33.47,0.00167838045098018
33.48,0.00168038852988311
33.49,0.00168241267013164
33.5,0.00168445729185602
33.51,0.0016865267754031
33.52,0.00168862571113792
33.53,0.00169075867830527
33.54,0.00169293030042191
33.55,0.00169514517485802
33.5599999999999,0.00169740775520764
33.57,0.00169972279242989
33.58,0.00170209493390247
33.59,0.00170452882785461
33.6,0.00170702909601651
33.61,0.0017096003066738
33.62,0.00171224707786175
33.63,0.0017149739696431
33.64,0.00171778550627324
33.65,0.00172068618564126
33.66,0.00172368048664348
33.67,0.0017267727952202
33.6799999999999,0.00172996745779613
33.69,0.00173326874371438
33.7,0.0017366808261566
33.71,0.00174020784019059
33.72,0.00174385381963749
33.73,0.00174762273146296
33.74,0.00175151849046925
33.75,0.00175554484761304
33.76,0.00175970547749376
33.77,0.00176400400056495
33.78,0.00176844402091368
33.79,0.00177302890437779
33.8,0.00177776196718242
33.8099999999999,0.00178264643392466
33.82,0.00178768544524543
33.83,0.00179288199960924
33.84,0.00179823899958769
33.85,0.00180375923755022
33.86,0.00180944539436338
33.87,0.00181530003016659
33.88,0.00182132558775489
33.89,0.00182752443699556
33.9,0.00183389890916838
33.91,0.0018404511019644
33.92,0.0018471830505623
33.9299999999999,0.00185409674341337
33.94,0.00186119415948622
33.95,0.00186847702361173
33.96,0.00187594703314717
33.97,0.00188360579267272
33.98,0.00189145476683886
33.99,0.00189949537972649
34,0.00190772894554206
34.01,0.00191615674506099
34.02,0.00192477999593245
34.03,0.00193359978484929
34.04,0.00194261715447772
34.05,0.00195183314710343
34.0599999999999,0.0019612486855116
34.07,0.00197086466239367
34.08,0.00198068188478527
34.09,0.00199070108178757
34.1,0.00200092298524847
34.11,0.00201134825574753
34.12,0.00202197755832455
34.13,0.00203281147312438
34.14,0.00204385055829035
34.15,0.00205509534377748
34.16,0.00206654633471384
34.17,0.00207820400856177
34.1799999999999,0.00209006882415124
34.19,0.00210214124179263
34.2,0.00211442169742674
34.21,0.00212691062227136
34.22,0.00213960843348238
34.23,0.00215251552191955
34.24,0.0021656323116692
34.25,0.00217895921646167
34.26,0.00219249663537758
34.27,0.00220624497966278
34.28,0.00222020467434805
34.29,0.00223437615100288
34.3,0.0022487598713929
34.3099999999999,0.00226335629593729
34.32,0.0022781659110793
34.33,0.00229318920021555
34.34,0.00230842664290995
34.35,0.00232387878152888
34.36,0.00233954616238008
34.37,0.0023554293718038
34.38,0.00237152901126016
34.39,0.00238784571012238
34.4,0.00240438011835997
34.41,0.0024211328447851
34.42,0.0024381046010069
34.4299999999999,0.00245529609531584
34.44,0.00247270806124695
34.45,0.00249034125734979
34.46,0.00250819646607723
34.47,0.00252627449616475
34.48,0.00254457616943969
34.49,0.00256310234473145
34.5,0.00258185390365295
34.51,0.00260083174724751
34.52,0.00262003674614471
34.53,0.00263946985093917
34.54,0.00265913201001914
34.55,0.00267902418169679
34.5599999999999,0.00269914732243461
34.57,0.00271950242531274
34.58,0.00274009048623237
34.59,0.00276091251048144
34.6,0.00278196951202609
34.61,0.00280326251386044
34.62,0.00282479254517202
34.63,0.00284656062751814
34.64,0.00286856779059503
34.65,0.00289081506905151
34.66,0.00291330349403678
34.67,0.00293603408201379
34.6799999999999,0.0029590078556811
34.69,0.00298222582844734
34.7,0.00300568900589507
34.71,0.00302939839448645
34.72,0.00305335497854985
34.73,0.00307755973462772
34.74,0.00310201362897731
34.75,0.00312671761937382
34.76,0.00315167263903828
34.77,0.00317687960819081
34.78,0.00320233942916163
34.79,0.00322805300308236
34.8,0.00325402119162515
34.8099999999999,0.0032802448429049
34.82,0.00330672478342344
34.83,0.0033334618391174
34.84,0.00336045680626184
34.85,0.00338771044769021
34.86,0.00341522351021673
34.87,0.00344299672497296
34.88,0.00347103081900435
34.89,0.00349932647454196
34.9,0.00352788436119723
34.91,0.00355670512128213
34.92,0.003585789377784
34.9299999999999,0.00361513773163009
34.94,0.00364475076168133
34.95,0.00367462903270702
34.96,0.00370477307657208
34.97,0.0037351834061663
34.98,0.00376586052585573
34.99,0.00379680491599026
35,0.00382801703111756
35.01,0.00385949730993472
35.02,0.0038912461730712
35.03,0.00392326402151443
35.04,0.00395555123826886
35.05,0.0039881081864368
35.0599999999999,0.00402093521087379
35.07,0.00405403263999585
35.08,0.00408740078397478
35.09,0.0041210399384466
35.1,0.00415495037933343
35.11,0.00418913236695224
35.12,0.00422358614444046
35.13,0.00425831193848206
35.14,0.00429330996107523
35.15,0.00432858040809069
35.16,0.00436412345944824
35.17,0.00439993927956386
35.1799999999999,0.00443602801874689
35.19,0.0044723898122215
35.2,0.00450902478312524
35.21,0.004545933042458
35.22,0.00458311468397026
35.23,0.00462056978999008
35.24,0.00465829842904957
35.25,0.00469630065612792
35.26,0.00473457651590061
35.27,0.00477312604015442
35.28,0.00481194923290914
35.29,0.00485104606601525
35.3,0.0048904165284749
35.3099999999999,0.00493006057983721
35.32,0.00496997817643452
35.33,0.00501016927844342
35.34,0.00505063380130531
35.35,0.00509137166005766
35.36,0.00513238275445983
35.37,0.0051736669668331
35.38,0.005215224174246
35.39,0.00525705423802634
35.4,0.00529915700032159
35.41,0.00534153227947496
35.42,0.00538417989962277
35.4299999999999,0.00542709966298527
35.44,0.00547029135775262
35.45,0.00551375475261685
35.46,0.0055574895995545
35.47,0.00560149564400089
35.48,0.00564577261252107
35.49,0.00569032021647834
35.5,0.00573513815329934
35.51,0.0057802261046803
35.52,0.00582558373594863
35.53,0.00587121069749332
35.54,0.00591710662411306
35.55,0.00596327113765423
35.5599999999999,0.00600970384236568
35.57,0.00605640432639301
35.58,0.00610337216273297
35.59,0.00615060690858708
35.6,0.00619810810322372
35.61,0.00624587527195921
35.62,0.00629390792350213
35.63,0.00634220555013768
35.64,0.00639076762774484
35.65,0.00643959361397157
35.66,0.00648868295200213
35.67,0.00653803506749406
35.6799999999999,0.00658764936925055
35.69,0.0066375252494971
35.7,0.00668766208563788
35.71,0.00673805923503317
35.72,0.00678871603910842
35.73,0.00683963182213668
35.74,0.0068908058918401
35.75,0.00694223754009389
35.76,0.00699392603910113
35.77,0.00704587064472602
35.78,0.0070980705954662
35.79,0.00715052511263055
35.8,0.00720323340019645
35.8099999999999,0.00725619464417254
35.82,0.00730940801316999
35.83,0.007362872658146
35.84,0.00741658771381041
35.85,0.007470552296962
35.86,0.00752476550547413
35.87,0.00757922642017733
35.88,0.00763393410414804
35.89,0.00768888760529741
35.9,0.00774408595217263
35.91,0.00779952815497158
35.92,0.00785521320687432
35.9299999999999,0.0079111400833778
35.94,0.0079673077421128
35.95,0.00802371512312985
35.96,0.00808036114869787
35.97,0.0081372447232862
35.98,0.00819436473355579
35.99,0.00825172004805813
36,0.00830930951782004
36.01,0.0083671319758552
36.02,0.00842518623726098
36.03,0.00848347109941961
36.04,0.00854198534728675
36.05,0.00860072774120877
36.0599999999999,0.00865969702637426
36.07,0.00871889193033492
36.08,0.00877831116327019
36.09,0.00883795342078982
36.1,0.0088978173771318
36.11,0.00895790169058994
36.12,0.00901820500210699
36.13,0.00907872593466494
36.14,0.00913946308932396
36.15,0.00920041505581099
36.16,0.00926158040394144
36.17,0.00932295768592535
36.1799999999999,0.00938454543638147
36.19,0.00944634217240397
36.2,0.00950834639334991
36.21,0.00957055658101095
36.22,0.00963297119956186
36.23,0.00969558869885585
36.24,0.00975840752240484
36.25,0.00982142608009152
36.26,0.00988464277181219
36.27,0.00994805598105195
36.28,0.0100116640708219
36.29,0.0100754653777858
36.3,0.0101394582379113
36.3099999999999,0.0102036409635123
36.32,0.0102680118497083
36.33,0.0103325691772092
36.34,0.0103973112143397
36.35,0.0104622362041545
36.36,0.0105273423766383
36.37,0.0105926279452701
36.38,0.0106580911070118
36.39,0.0107237300423491
36.4,0.0107895429155572
36.41,0.0108555278745373
36.42,0.0109216830509306
36.4299999999999,0.010988006562669
36.44,0.0110544965125076
36.45,0.0111211509824815
36.46,0.0111879680410953
36.47,0.0112549457410605
36.48,0.0113220821193588
36.49,0.011389375197309
36.5,0.0114568229790355
36.51,0.0115244234550619
36.52,0.0115921745998835
36.53,0.0116600743724077
36.54,0.0117281207161428
36.55,0.0117963115592583
36.5599999999999,0.011864644817148
36.57,0.0119331183924837
36.58,0.012001730166101
36.59,0.0120704780071103
36.6,0.0121393597698459
36.61,0.0122083732939426
36.62,0.0122775164044152
36.63,0.0123467869124996
36.64,0.0124161826141392
36.65,0.01248570129102
36.66,0.0125553407106611
36.67,0.0126250986263802
36.6799999999999,0.0126949727773732
36.69,0.0127649608927195
36.7,0.0128350606949695
36.71,0.0129052698775083
36.72,0.0129755861271618
36.73,0.0130460071175415
36.74,0.0131165305091596
36.75,0.0131871539495405
36.76,0.013257875069332
36.77,0.0133286914901267
36.78,0.0133996008210385
36.79,0.0134706006575462
36.8,0.0135416885825244
36.8099999999999,0.0136128621663442
36.82,0.0136841189687904
36.83,0.0137554565434466
36.84,0.0138268724210028
36.85,0.0138983641248812
36.86,0.0139699291668236
36.87,0.014041565047016
36.88,0.0141132692542088
36.89,0.0141850392694411
36.9,0.0142568725598173
36.91,0.0143287665803115
36.92,0.0144007187763138
36.9299999999999,0.0144727265825583
36.94,0.0145447874232559
36.95,0.0146168987122253
36.96,0.0146890578633614
36.97,0.0147612622666577
36.98,0.0148335093072604
36.99,0.0149057963610204
37,0.0149781207943831
37.01,0.0150504799645403
37.02,0.0151228712202272
37.03,0.0151952919030043
37.04,0.0152677393423154
37.05,0.015340210860481
37.0599999999999,0.0154127037714228
37.07,0.0154852153808222
37.08,0.0155577429862767
37.09,0.0156302838802767
37.1,0.0157028353471162
37.11,0.0157753946602749
37.12,0.0158479590878188
37.13,0.0159205258907004
37.14,0.0159930923229289
37.15,0.0160656556317395
37.16,0.0161382130625838
37.17,0.0162107618494257
37.1799999999999,0.0162832992204547
37.19,0.0163558223988076
37.2,0.0164283286018802
37.21,0.0165008150415113
37.22,0.0165732789244665
37.23,0.0166457174563852
37.24,0.0167181278318613
37.25,0.0167905072431928
37.26,0.016862852878159
37.27,0.0169351619202096
37.28,0.017007431548655
37.29,0.0170796589408251
37.3,0.0171518412722551
37.3099999999999,0.0172239757095346
37.32,0.0172960594185744
37.33,0.0173680895622804
37.34,0.0174400633007583
37.35,0.0175119777915136
37.36,0.0175838301920611
37.37,0.017655617656034
37.38,0.0177273373339216
37.39,0.0177989863755232
37.4,0.0178705619291365
37.41,0.0179420611417646
37.42,0.0180134811593225
37.4299999999999,0.0180848191270058
37.44,0.0181560721898244
37.45,0.0182272374913764
37.46,0.0182983121754293
37.47,0.018369293385715
37.48,0.0184401782661364
37.49,0.0185109639609784
37.5,0.0185816476151131
37.51,0.0186522263786336
37.52,0.0187226973976258
37.53,0.018793057820042
37.54,0.0188633047961483
37.55,0.018933435477966
37.5599999999999,0.0190034470194861
37.57,0.0190733365768849
37.58,0.0191431013103912
37.59,0.0192127383837618
37.6,0.0192822449598162
37.61,0.0193516182063968
37.62,0.0194208552947136
37.63,0.0194899533995635
37.64,0.0195589096995521
37.65,0.0196277213773152
37.66,0.0196963856147049
37.67,0.0197648996051752
37.6799999999999,0.0198332605440655
37.69,0.0199014656314587
37.7,0.0199695120724571
37.71,0.0200373970773991
37.72,0.0201051178620731
37.73,0.0201726716463593
37.74,0.0202400556567082
37.75,0.0203072671270032
37.76,0.0203743032964743
37.77,0.0204411614108069
37.78,0.020507838722353
37.79,0.0205743324903415
37.8,0.0206406399813682
37.8099999999999,0.0207067584709203
37.82,0.0207726852392902
37.83,0.0208384175756711
37.84,0.0209039527772371
37.85,0.0209692881493556
37.86,0.0210344210057998
37.87,0.0210993486689648
37.88,0.0211640684634862
37.89,0.0212285777295617
37.9,0.0212928738171601
37.91,0.021356954083774
37.92,0.0214208158963864
37.9299999999999,0.0214844566316731
37.94,0.0215478736762057
37.95,0.0216110644245999
37.96,0.0216740262714094
37.97,0.0217367566398257
37.98,0.0217992529557612
37.99,0.0218615126557287
38,0.0219235331870254
38.01,0.0219853120079175
38.02,0.0220468465878252
38.03,0.0221081344068235
38.04,0.0221691729568874
38.05,0.0222299597421876
38.0599999999999,0.0222904922784068
38.07,0.0223507680932792
38.08,0.0224107847267725
38.09,0.022470539731273
38.1,0.0225300306716706
38.11,0.0225892551197765
38.12,0.0226482106690145
38.13,0.0227068949223865
38.14,0.0227653054961063
38.15,0.0228234400197754
38.16,0.0228812961365594
38.17,0.0229388715033641
38.1799999999999,0.0229961637803433
38.19,0.023053170639921
38.2,0.023109889787571
38.21,0.0231663189326838
38.22,0.0232224557987056
38.23,0.0232782981232811
38.24,0.0233338436583996
38.25,0.0233890901705376
38.26,0.0234440354285914
38.27,0.0234986772316095
38.28,0.023553013389684
38.29,0.0236070417263354
38.3,0.023660760079988
38.3099999999999,0.0237141663040973
38.32,0.0237672582672774
38.33,0.0238200338550252
38.34,0.0238724909707971
38.35,0.023924627527478
38.36,0.0239764414565491
38.37,0.0240279307054167
38.38,0.0240790932375452
38.39,0.0241299270325924
38.4,0.0241804300865436
38.41,0.0242306003941452
38.42,0.0242804359844814
38.4299999999999,0.02432993490531
38.44,0.0243790952156793
38.45,0.0244279149911951
38.46,0.0244763923241344
38.47,0.0245245253235555
38.48,0.0245723121154086
38.49,0.0246197508120716
38.5,0.0246668395624023
38.51,0.0247135765526496
38.52,0.0247599599698281
38.53,0.024805988017457
38.54,0.0248516589156208
38.55,0.0248969709010309
38.5599999999999,0.0249419222270865
38.57,0.0249865111619727
38.58,0.0250307359908242
38.59,0.025074595018586
38.6,0.0251180865653933
38.61,0.0251612089682959
38.62,0.0252039605813167
38.63,0.0252463397755079
38.64,0.0252883449390077
38.65,0.0253299744843519
38.66,0.0253712268477339
38.67,0.0254121004613705
38.6799999999999,0.0254525937855134
38.69,0.0254927052981892
38.7,0.0255324334952773
38.71,0.0255717768905898
38.72,0.0256107340159495
38.73,0.0256493034093798
38.74,0.0256874835923837
38.75,0.0257252731753682
38.76,0.0257626707547011
38.77,0.0257996749441002
38.78,0.0258362843746548
38.79,0.0258724976948474
38.8,0.0259083135705754
38.8099999999999,0.0259437306773314
38.82,0.0259787476295541
38.83,0.0260133631884909
38.84,0.0260475760774138
38.85,0.0260813850355127
38.86,0.0261147888178294
38.87,0.0261477861951927
38.88,0.0261803759541518
38.89,0.0262125568969106
38.9,0.0262443279405823
38.91,0.0262756878734587
38.92,0.0263066355552415
38.9299999999999,0.0263371698647031
38.94,0.0263672896977085
38.95,0.026396993967241
38.96,0.0264262816034288
38.97,0.0264551515535713
38.98,0.0264836028155608
38.99,0.0265116343625269
39,0.0265392451938837
39.01,0.0265664343315967
39.02,0.0265932008156306
39.03,0.0266195437040118
39.04,0.026645462072891
39.05,0.026670955016606
39.0599999999999,0.026696021463038
39.07,0.0267206605419526
39.08,0.0267448714240579
39.09,0.026768653239363
39.1,0.0267920051317394
39.11,0.0268149262587397
39.12,0.0268374157914163
39.13,0.0268594729141388
39.14,0.0268810968486567
39.15,0.0269022868188056
39.16,0.0269230420441139
39.17,0.026943361769909
39.1799999999999,0.0269632452553441
39.19,0.0269826917733067
39.2,0.0270017006129568
39.21,0.0270202712540119
39.22,0.0270384029443001
39.23,0.0270560950457668
39.24,0.0270733469391138
39.25,0.0270901580240686
39.26,0.0271065277196539
39.27,0.0271224553799151
39.28,0.0271379403474821
39.29,0.0271529821393883
39.3,0.0271675802083291
39.3099999999999,0.0271817340206644
39.32,0.0271954430562405
39.33,0.0272087068082119
39.34,0.0272215246495573
39.35,0.0272338961187175
39.36,0.0272458207334362
39.37,0.0272572980034037
39.38,0.0272683274456305
39.39,0.0272789085839521
39.4,0.0272890410218034
39.41,0.02729872452272
39.42,0.0273079585469262
39.4299999999999,0.0273167427025938
39.44,0.0273250766110645
39.45,0.0273329599068504
39.46,0.0273403922765424
39.47,0.0273473733962006
39.48,0.0273539029348016
39.49,0.0273599805912346
39.5,0.0273656060786627
39.51,0.0273707791238858
39.52,0.0273754993231025
39.53,0.0273797664864723
39.54,0.0273835803602862
39.55,0.0273869407027033
39.5599999999999,0.0273898472837506
39.57,0.0273922998340099
39.58,0.0273942980455887
39.59,0.0273958417615517
39.6,0.027396930770809
39.61,0.0273975648713692
39.62,0.0273977438703405
39.63,0.0273974676259302
39.64,0.0273967359692578
39.65,0.0273955487333264
39.66,0.0273939057725779
39.67,0.0273918069515762
39.6799999999999,0.0273892521490482
39.69,0.0273862413023956
39.7,0.0273827742869682
39.71,0.0273788510173539
39.72,0.0273744714192117
39.73,0.0273696354292718
39.74,0.0273643429453104
39.75,0.0273585938650244
39.76,0.0273523881841761
39.77,0.0273457258637667
39.78,0.0273386068740226
39.79,0.0273310311943961
39.8,0.0273229987260304
39.8099999999999,0.0273145093961342
39.82,0.0273055632422505
39.83,0.0272961602510619
39.84,0.0272863004157582
39.85,0.0272759837360373
39.86,0.0272652102131551
39.87,0.0272539798573802
39.88,0.0272422926890202
39.89,0.0272301487323533
39.9,0.0272175480180333
39.91,0.0272044905830897
39.92,0.0271909765558071
39.9299999999999,0.0271770060070401
39.94,0.0271625789828252
39.95,0.0271476955675231
39.96,0.0271323558538422
39.97,0.0271165599428393
39.98,0.0271003078327326
39.99,0.027083599635635
40,0.0270664354818905
40.01,0.0270488154805445
40.02,0.0270307397467102
40.03,0.0270122084015685
40.04,0.0269932213845318
40.05,0.0269737788499008
40.0599999999999,0.0269538809316522
40.07,0.026933527736726
40.08,0.0269127193746958
40.09,0.0268914559577682
40.1,0.0268697376346274
40.11,0.0268475645134331
40.12,0.0268249367166703
40.13,0.026801854372827
40.14,0.0267783176135159
40.15,0.0267543265734744
40.16,0.0267298814595347
40.17,0.0267049824228306
40.1799999999999,0.0266796295996085
40.19,0.0266538231526926
40.2,0.0266275632493884
40.21,0.0266008500614815
40.22,0.0265736836983548
40.23,0.0265460642806392
40.24,0.026517992022941
40.25,0.0264894670930795
40.26,0.0264604896614171
40.27,0.0264310599008595
40.28,0.0264011779297777
40.29,0.0263708437763754
40.3,0.0263400576885792
40.3099999999999,0.0263088198173931
40.32,0.0262771303134747
40.33,0.0262449893271361
40.34,0.0262123970088678
40.35,0.026179353513962
40.36,0.026145858989236
40.37,0.0261119135845004
40.38,0.026077517449301
40.39,0.0260426707329184
40.4,0.0260073735843685
40.41,0.025971626223313
40.42,0.0259354287777131
40.4299999999999,0.0258987814012161
40.44,0.0258616842536874
40.45,0.0258241374957454
40.46,0.0257861412887603
40.47,0.0257476957004989
40.48,0.0257088008850751
40.49,0.0256694570178605
40.5,0.0256296642439948
40.51,0.0255894227077572
40.52,0.0255487325525664
40.53,0.0255075938774651
40.54,0.0254660066507261
40.55,0.0254239710954476
40.5599999999999,0.0253814873215349
40.57,0.0253385554354066
40.58,0.0252951755399947
40.59,0.0252513477347439
40.6,0.0252070720969119
40.61,0.0251623487190489
40.62,0.0251171776916342
40.63,0.0250715590965752
40.64,0.0250254930119926
40.65,0.0249789795122202
40.66,0.0249320186893873
40.67,0.0248846106782518
40.6799999999999,0.0248367555091368
40.69,0.0247884532538778
40.7,0.0247397039816255
40.71,0.024690507758844
40.72,0.0246408646493115
40.73,0.024590774619152
40.74,0.0245402377354872
40.75,0.0244892540578151
40.76,0.0244378236219616
40.77,0.0243859464596337
40.78,0.0243336225984194
40.79,0.0242808520027263
40.8,0.0242276345426067
40.8099999999999,0.024173970305994
40.82,0.0241198592740045
40.83,0.0240653014210348
40.84,0.024010296714759
40.85,0.0239548451161303
40.86,0.0238989465720288
40.87,0.023842601031224
40.88,0.02378580843453
40.89,0.0237285687147548
40.9,0.0236708817978808
40.91,0.0236127476030646
40.92,0.0235541660776723
40.9299999999999,0.0234951372076348
40.94,0.0234356608656461
40.95,0.0233757369667343
40.96,0.0233153654214435
40.97,0.0232545461358349
40.98,0.0231932789590105
40.99,0.023131563804531
41,0.0230694005561126
41.01,0.0230067890912278
41.02,0.0229437292818537
41.03,0.0228802208704203
41.04,0.0228162636520719
41.05,0.022751857498424
41.0599999999999,0.0226870022161607
41.07,0.0226216976022086
41.08,0.0225559434333902
41.09,0.0224897394479447
41.1,0.0224230854265022
41.11,0.0223559811173664
41.12,0.0222884262581034
41.13,0.0222204205755433
41.14,0.0221519641353058
41.15,0.022083056586102
41.16,0.0220136976627365
41.17,0.0219438871291133
41.1799999999999,0.0218736247460692
41.19,0.0218029102465104
41.2,0.0217317433618819
41.21,0.0216601238505621
41.22,0.0215880514506695
41.23,0.0215155258962188
41.24,0.0214425468779701
41.25,0.0213691138461413
41.26,0.0212952266151545
41.27,0.021220884843496
41.28,0.0211460881794566
41.29,0.0210708362611314
41.3,0.0209951288258388
41.3099999999999,0.0209189654939947
41.32,0.0208423458783964
41.33,0.0207652696049242
41.34,0.0206877362920244
41.35,0.0206097456385823
41.36,0.0205312974064634
41.37,0.0204523911776864
41.38,0.020373026611535
41.39,0.0202932033701218
41.4,0.0202129211496259
41.41,0.0201321796055066
41.42,0.0200509784105306
41.4299999999999,0.0199693172395877
41.44,0.0198871956351844
41.45,0.0198046132235698
41.46,0.0197215696681491
41.47,0.0196380645927808
41.48,0.0195540976203086
41.49,0.0194696683740383
41.5,0.0193847764627577
41.51,0.0192994214951261
41.52,0.019213603078452
41.53,0.0191273212091562
41.54,0.019040575405976
41.55,0.018953365365915
41.5599999999999,0.0188656907948205
41.57,0.0187775515829517
41.58,0.0186889475583374
41.59,0.0185998784690606
41.6,0.0185103441429946
41.61,0.0184203443936167
41.62,0.0183298789781961
41.63,0.0182389477961574
41.64,0.0181475507113752
41.65,0.0180556876018292
41.66,0.0179633581598926
41.67,0.0178705623139145
41.6799999999999,0.0177772999354207
41.69,0.0176835708954637
41.7,0.0175893753222511
41.71,0.0174947133725981
41.72,0.0173995850116242
41.73,0.0173039903428122
41.74,0.0172079300117158
41.75,0.0171114041757279
41.76,0.0170144132301849
41.77,0.016916957508097
41.78,0.0168190372279356
41.79,0.0167206529442516
41.8,0.0166218051390908
41.8099999999999,0.0165224942707104
41.82,0.0164227208770196
41.83,0.016322485537564
41.84,0.0162217889494054
41.85,0.0161206323226056
41.86,0.0160190163378395
41.87,0.015916941952479
41.88,0.0158144104708489
41.89,0.0157114232715008
41.9,0.0156079816033525
41.91,0.0155040869227873
41.92,0.0153997408177334
41.9299999999999,0.0152949449414031
41.94,0.0151897010594829
41.95,0.0150840110629585
41.96,0.0149778769742858
41.97,0.0148713008673631
41.98,0.0147642849415736
41.99,0.0146568319315047
42,0.0145489443888585
42.01,0.0144406249751616
42.02,0.0143318766333733
42.03,0.0142227029054775
42.04,0.0141131070345428
42.05,0.0140030926548526
42.0599999999999,0.0138926637947176
42.07,0.0137818244733872
42.08,0.0136705789803108
42.09,0.0135589317665219
42.1,0.0134468875457242
42.11,0.0133344512687085
42.12,0.0132216282393554
42.13,0.0131084238200949
42.14,0.0129948438472373
42.15,0.0128808948580525
42.16,0.012766583124136
42.17,0.0126519155904059
42.1799999999999,0.0125368998858415
42.19,0.0124215435171829
42.2,0.0123058545393738
42.21,0.0121898414124683
42.22,0.0120735128973578
42.23,0.0119568781562417
42.24,0.0118399467363406
42.25,0.01172272852493
42.26,0.0116052340644799
42.27,0.0114874745754348
42.28,0.0113694612625971
42.29,0.0112512064448762
42.3,0.0111327233332082
42.3099999999999,0.0110140249646335
42.32,0.010895125184396
42.33,0.0107760383810808
42.34,0.0106567795059857
42.35,0.0105373641695026
42.36,0.0104178085882882
42.37,0.0102981294304581
42.38,0.010178344365192
42.39,0.0100584717603127
42.4,0.00993853028774149
42.41,0.00981853984766388
42.42,0.00969852121012827
42.4299999999999,0.00957849556388085
42.44,0.00945848494304622
42.45,0.00933851217199736
42.46,0.00921860060272939
42.47,0.00909877428632292
42.48,0.00897905812757509
42.49,0.00885947789406514
42.5,0.00874005991461848
42.51,0.00862083169798807
42.52,0.00850182150660412
42.53,0.00838305827669739
42.54,0.00826457180683491
42.55,0.00814639273351365
42.5599999999999,0.00802855197299732
42.57,0.00791108133419781
42.58,0.00779401332516527
42.59,0.00767738069142723
42.6,0.00756121718635617
42.61,0.00744555694353179
42.62,0.00733043477582607
42.63,0.00721588599507755
42.64,0.00710194621211309
42.65,0.00698865186865679
42.66,0.00687603879575766
42.67,0.00676414385237423
42.6799999999999,0.00665300371992047
42.69,0.00654265453793736
42.7,0.00643313353704811
42.71,0.00632447681220683
42.72,0.00621672107941741
42.73,0.00610990265236277
42.74,0.00600405655581843
42.75,0.00589921879835414
42.76,0.00579542333263449
42.77,0.00569270412644337
42.78,0.00559109471186579
42.79,0.00549062627091592
42.8,0.0053913307356583
42.8099999999999,0.00529323769255341
42.82,0.00519637573410362
42.83,0.00510077292805136
42.84,0.00500645419644281
42.85,0.00491344484667017
42.86,0.00482176761944192
42.87,0.00473144313815268
42.88,0.00464249159959976
42.89,0.00455492975836128
42.9,0.00446877366964502
42.91,0.00438403730899337
42.92,0.0043007319066857
42.9299999999999,0.00421886771846182
42.94,0.00413845240722938
42.95,0.0040594916861327
42.96,0.00398198952504099
42.97,0.00390594760762767
42.98,0.00383136580680235
42.99,0.00375824205554168
43,0.00368657245302258
43.01,0.00361635095899565
43.02,0.0035475703306915
43.03,0.0034802211096277
43.04,0.00341429215643846
43.05,0.00334977163254173
43.0599999999999,0.00328664501053745
43.07,0.00322489727253223
43.08,0.00316451208514011
43.09,0.00310547098549068
43.1,0.00304775595007621
43.11,0.00299134679108329
43.12,0.00293622279184315
43.13,0.00288236266006379
43.14,0.00282974423565892
43.15,0.0027783447589339
43.16,0.00272814095170615
43.17,0.00267910919735117
43.1799999999999,0.00263122536400973
43.19,0.00258446517355973
43.2,0.00253880412912565
43.21,0.00249421759820576
43.22,0.00245068095598524
43.23,0.00240816955607947
43.24,0.00236665883528475
43.25,0.00232612447027718
43.26,0.00228654208474039
43.27,0.00224788772803902
43.28,0.00221013767763558
43.29,0.0021732682872654
43.3,0.00213725650802988
43.3099999999999,0.00210207953940044
43.32,0.00206771480400979
43.33,0.00203414034715956
43.34,0.00200133451958355
43.35,0.00196927600869672
43.36,0.00193794411733262
43.37,0.00190731848449613
43.38,0.00187737915839949
43.39,0.00184810678573766
43.4,0.00181948235749078
43.41,0.00179148732443082
43.42,0.00176410369333304
43.4299999999999,0.00173731383058729
43.44,0.0017111005900713
43.45,0.00168544732670863
43.46,0.00166033777240612
43.47,0.00163575614844409
43.48,0.00161168713332201
43.49,0.00158811575686241
43.5,0.00156502756729873
43.51,0.00154240852783157
43.52,0.0015202449871196
43.53,0.00149852359143023
43.54,0.00147723154056133
43.55,0.00145635637447461
43.5599999999999,0.00143588602878189
43.57,0.00141580882078321
43.58,0.0013961134403278
43.59,0.00137678894814981
43.6,0.00135782458193908
43.61,0.00133921010119024
43.62,0.00132093553209009
43.63,0.0013029912607675
43.64,0.00128536806369479
43.65,0.0012680569304648
43.66,0.00125104920097026
43.67,0.00123433650379488
43.6799999999999,0.00121791077036168
43.69,0.00120176422584886
43.7,0.00118588937456123
43.71,0.00117027900800194
43.72,0.00115492617396571
43.73,0.00113982418689489
43.74,0.00112496661587714
43.75,0.00111034727777343
43.76,0.00109596023274884
43.77,0.00108179977512567
43.78,0.00106786045649788
43.79,0.00105413705404168
43.8,0.00104062454253694
43.8099999999999,0.00102731812247128
43.82,0.00101421322061808
43.83,0.00100130545951691
43.84,0.000988590657489016
43.85,0.000976064829998855
43.86,0.000963724171287732
43.87,0.000951565065346172
43.88,0.000939584070107473
43.89,0.0009277779122564
43.9,0.000916143473217341
43.91,0.000904677800981896
43.92,0.000893378091307878
43.9299999999999,0.000882241685904019
43.94,0.000871266070290031
43.95,0.000860448858080562
43.96,0.000849787792641388
43.97,0.000839280740810924
43.98,0.000828925688376278
43.99,0.000818720727839312
44,0.000808664058126058
44.01,0.000798753974458389
44.02,0.000788988864189447
44.03,0.000779367205090644
44.04,0.000769887554407115
44.05,0.000760548546207525
44.0599999999999,0.000751348890188793
44.07,0.0007422873518123
44.08,0.000733362757982941
44.09,0.000724573988196165
44.1,0.000715920017232501
44.11,0.000707399813654327
44.12,0.000699012401029098
44.13,0.000690756838415186
44.14,0.000682632259146846
44.15,0.000674637806922391
44.16,0.000666772630297272
44.17,0.000659035911007643
44.1799999999999,0.000651426868544102
44.19,0.000643944761510768
44.2,0.000636588812874483
44.21,0.000629358273397687
44.22,0.000622252405428402
44.23,0.000615270537465734
44.24,0.000608411923134499
44.25,0.000601675843349494
44.26,0.00059506157583054
44.27,0.000588568485415211
44.28,0.000582195857782483
44.29,0.000575942981097721
44.3,0.000569809149344465
44.3099999999999,0.000563793711072368
44.32,0.000557896013395615
44.33,0.000552115342912573
44.34,0.000546451013165281
44.35,0.000540902333382552
44.36,0.000535468594369668
44.37,0.000530149098507059
44.38,0.000524943134488519
44.39,0.000519849982420133
44.4,0.000514869037988173
44.41,0.000509999647950059
44.42,0.000505241101916814
44.4299999999999,0.000500592732801396
44.44,0.00049605386497797
44.45,0.000491623768529495
44.46,0.000487301795149163
44.47,0.000483087266918184
44.48,0.000478979505919304
44.49,0.000474977968221567
44.5,0.000471082027289476
44.51,0.000467291053159463
44.52,0.000463604456080613
44.53,0.000460021627334342
44.54,0.000456541900622641
44.55,0.000453164736732431
44.5599999999999,0.000449889560376079
44.57,0.000446715805739623
44.58,0.000443642940515198
44.59,0.000440670421943391
44.6,0.00043779772300823
44.61,0.000435024331499309
44.62,0.000432349771679983
44.63,0.000429773604247678
44.64,0.00042729536349751
44.65,0.000424914622836053
44.66,0.000422630976955442
44.67,0.000420443959785687
44.6799999999999,0.000418353215057834
44.69,0.000416358373700473
44.7,0.000414459083564986
44.71,0.00041265498159942
44.72,0.000410945714663641
44.73,0.00040933097689914
44.74,0.000407810460163923
44.75,0.000406383869379862
44.76,0.00040505092355594
44.77,0.000403811352667437
44.78,0.000402664899622893
44.79,0.000401611319462794
44.8,0.000400650359592282
44.8099999999999,0.000399781782632411
44.82,0.00039900537221861
44.83,0.00039832091324341
44.84,0.000397728190940495
44.85,0.000397226952345642
44.86,0.000396816992753662
44.87,0.000396498089017107
44.88,0.000396270012901341
44.89,0.00039613253029154
44.9,0.00039608540193771
44.91,0.000396128379389338
44.92,0.000396261200276866
44.9299999999999,0.0003964835933247
44.94,0.000396795273102283
44.95,0.000397195932792187
44.96,0.000397685224680156
44.97,0.000398262805329604
44.98,0.000398928297113193
44.99,0.000399681282540922
45,0.00040052131166616
45.01,0.000401447910100229
45.02,0.000402460561421966
45.03,0.000403558706554327
45.04,0.000404741745979642
45.05,0.000406009033961768
45.0599999999999,0.000407359876499161
45.07,0.000408793528725985
45.08,0.000410309192313471
45.09,0.000411906012790626
45.1,0.000413583071665016
45.11,0.000415339389079175
45.12,0.000417173922756262
45.13,0.00041908556117453
45.14,0.00042107314046566
45.15,0.000423135407040179
45.16,0.000425271039386152
45.17,0.000427478645078908
45.1799999999999,0.000429756763382144
45.19,0.000432103841353871
45.2,0.000434518250005592
45.21,0.00043699830849549
45.22,0.000439542243613691
45.23,0.000442148191049818
45.24,0.000444814213791652
45.25,0.000447538341108574
45.26,0.000450318473341593
45.27,0.000453152448789746
45.28,0.000456038045392572
45.29,0.000458972986128077
45.3,0.000461954886462067
45.3099999999999,0.000464981302855883
45.32,0.000468049767634349
45.33,0.000471157722348217
45.34,0.00047430254013414
45.35,0.000477481546425908
45.36,0.000480692061547374
45.37,0.000483931314527275
45.38,0.000487196508758779
45.39,0.000490484833031449
45.4,0.00049379342643939
45.41,0.000497119409412654
45.42,0.000500459891986376
45.4299999999999,0.000503811960722814
45.44,0.000507172695450431
45.45,0.000510539187645366
45.46,0.000513908517542785
45.47,0.00051727777767984
45.48,0.000520644087807882
45.49,0.000524004577273736
45.5,0.000527356405666996
45.51,0.000530696770131128
45.52,0.000534022902987468
45.53,0.000537332082484657
45.54,0.000540621633141297
45.55,0.000543888938325933
45.5599999999999,0.000547131442124946
45.57,0.000550346634627327
45.58,0.000553532087029784
45.59,0.000556685442363729
45.6,0.000559804402462949
45.61,0.000562886757424025
45.62,0.000565930380522754
45.63,0.000568933217257725
45.64,0.000571893307014625
45.65,0.000574808782066437
45.66,0.000577677845769024
45.67,0.000580498802621795
45.6799999999999,0.000583270057109163
45.69,0.000585990086680091
45.7,0.000588657469174282
45.71,0.000591270885122287
45.72,0.000593829089403008
45.73,0.000596330933318839
45.74,0.000598775370097537
45.75,0.000601161429226006
45.76,0.000603488231137097
45.77,0.000605754993980783
45.78,0.000607961007407757
45.79,0.000610105644180378
45.8,0.000612188370508098
45.8099999999999,0.000614208724653288
45.82,0.000616166322307632
45.83,0.000618060861343832
45.84,0.000619892107219879
45.85,0.000621659894587708
45.86,0.000623364134134395
45.87,0.000625004795735825
45.88,0.00062658190866572
45.89,0.000628095570282046
45.9,0.00062954592749012
45.91,0.000630933175302077
45.92,0.000632257567067644
45.9299999999999,0.000633519403622482
45.94,0.000634719035335667
45.95,0.000635856850078496
45.96,0.000636933276002054
45.97,0.000637948773012725
45.98,0.000638903837793617
45.99,0.00063979903146195
46,0.000640634931856529
46.01,0.000641412126312564
46.02,0.000642131251011889
46.03,0.000642792934397423
46.04,0.000643397837719034
46.05,0.000643946642766506
46.0599999999999,0.000644440049873398
46.07,0.000644878780708089
46.08,0.000645263576914537
46.09,0.000645595185425587
46.1,0.000645874362985171
46.11,0.000646101874424644
46.12,0.000646278482453334
46.13,0.000646404969500361
46.14,0.00064648211065841
46.15,0.000646510696301949
46.16,0.000646491513512516
46.17,0.000646425359448752
46.1799999999999,0.000646313021690197
46.19,0.00064615529113017
46.2,0.000645952957026527
46.21,0.000645706794668319
46.22,0.000645417588560744
46.23,0.000645086111435571
46.24,0.000644713137107902
46.25,0.000644299434435763
46.26,0.000643845767310972
46.27,0.000643352894923236
46.28,0.000642821564119141
46.29,0.000642252520713693
46.3,0.000641646500324714
46.3099999999999,0.000641004226401953
46.32,0.000640326415800205
46.33,0.000639613776895791
46.34,0.000638867012125051
46.35,0.000638086808866475
46.36,0.00063727385282559
46.37,0.000636428822549849
46.38,0.00063555238446512
46.39,0.000634645193982862
46.4,0.000633707899742829
46.41,0.000632741141566655
46.42,0.000631745544092561
46.4299999999999,0.00063072172533607
46.44,0.000629670292328021
46.45,0.000628591849354593
46.46,0.000627486984262103
46.47,0.000626356278872605
46.48,0.000625200308059111
46.49,0.00062401963545645
46.5,0.000622814816829897
46.51,0.000621586394877925
46.52,0.000620334907765453
46.53,0.000619060883279691
46.54,0.000617764840061356
46.55,0.000616447287890572
46.5599999999999,0.000615108727604859
46.57,0.000613749653238076
46.58,0.000612370551591982
46.59,0.000610971898963976
46.6,0.000609554164722165
46.61,0.000608117810586259
46.62,0.000606663290530714
46.63,0.000605191051097342
46.64,0.000603701529985121
46.65,0.000602195158734998
46.66,0.00060067236119634
46.67,0.000599133554772712
46.6799999999999,0.00059757914980185
46.69,0.000596009549425362
46.7,0.000594425150339827
46.71,0.000592826342743749
46.72,0.000591213510419767
46.73,0.000589587030918359
46.74,0.000587947274680744
46.75,0.000586294605973661
46.76,0.000584629383813929
46.77,0.000582951960872661
46.78,0.00058126268424053
46.79,0.000579561895118396
46.8,0.000577849929078708
46.8099999999999,0.000576127116252426
46.82,0.000574393782904744
46.83,0.000572650248672543
46.84,0.000570896828730971
46.85,0.000569133833072707
46.86,0.000567361565008337
46.87,0.000565580325255968
46.88,0.000563790409010018
46.89,0.000561992106095995
46.9,0.00056018570065583
46.91,0.00055837147369922
46.92,0.000556549700965609
46.9299999999999,0.000554720655064408
46.94,0.000552884604368087
46.95,0.000551041811893136
46.96,0.00054919253719443
46.97,0.000547337036136456
46.98,0.000545475560622081
46.99,0.000543608358857958
47,0.000541735675513496
47.01,0.000539857748603406
47.02,0.000537974809849897
47.03,0.000536087092905068
47.04,0.00053419482502799
47.05,0.000532298229949988
47.0599999999999,0.000530397533494822
47.07,0.000528492951077691
47.08,0.000526584697306267
47.09,0.000524672983616727
47.1,0.000522758017419563
47.11,0.000520840003559286
47.12,0.000518919144126685
47.13,0.000516995638040435
47.14,0.000515069679593342
47.15,0.000513141457470521
47.16,0.000511211161718277
47.17,0.000509278977386774
47.1799999999999,0.000507345086367854
47.19,0.000505409669720816
47.2,0.000503472902911204
47.21,0.000501534959385754
47.22,0.000499596009716225
47.23,0.000497656223822316
47.24,0.000495715768359824
47.25,0.000493774806318353
47.26,0.000491833499039538
47.27,0.00048989200434063
47.28,0.000487950474903083
47.29,0.000486009065700126
47.3,0.000484067927437045
47.3099999999999,0.000482127208451226
47.32,0.000480187053426326
47.33,0.000478247603650228
47.34,0.000476309000577534
47.35,0.000474371382084623
47.36,0.00047243488361827
47.37,0.00047049963887632
47.38,0.000468565779185229
47.39,0.000466633432925816
47.4,0.000464702726556269
47.41,0.000462773784308412
47.42,0.00046084672870692
47.4299999999999,0.000458921679871625
47.44,0.000456998755640826
47.45,0.000455078071935375
47.46,0.000453159742651421
47.47,0.000451243881122969
47.48,0.000449330597542787
47.49,0.000447420000345241
47.5,0.000445512196396028
47.51,0.000443607290840685
47.52,0.000441705382390088
47.53,0.000439806573270146
47.54,0.000437910962156437
47.55,0.000436018645701385
47.5599999999999,0.000434129718878774
47.57,0.000432244277506352
47.58,0.00043036241227776
47.59,0.000428484213494739
47.6,0.000426609769856046
47.61,0.000424739167413414
47.62,0.000422872486321781
47.63,0.000421009811147363
47.64,0.000419151222181193
47.65,0.000417296797811222
47.66,0.00041544661634995
47.67,0.00041360075709598
47.6799999999999,0.000411759292540845
47.69,0.000409922295821929
47.7,0.000408089838620618
47.71,0.000406261992584627
47.72,0.000404438828589703
47.73,0.000402620414272728
47.74,0.000400806817126777
47.75,0.000398998103608965
47.76,0.000397194333921011
47.77,0.000395395568457257
47.78,0.000393601869891111
47.79,0.000391813297294591
47.8,0.000390029908249666
47.8099999999999,0.000388251759058376
47.82,0.00038647890438608
47.83,0.000384711397372879
47.84,0.000382949289718886
47.85,0.00038119263163493
47.86,0.000379441478739163
47.87,0.000377695878645919
47.88,0.000375955879204944
47.89,0.000374221527931562
47.9,0.000372492871391928
47.91,0.00037076994994857
47.92,0.000369052809342936
47.9299999999999,0.000367341491924051
47.94,0.000365636038949621
47.95,0.000363936490124171
47.96,0.000362242880827332
47.97,0.000360555249519962
47.98,0.000358873631738942
47.99,0.000357198061695542
48,0.00035552857457844
48.01,0.000353865209744459
48.02,0.000352207996906878
48.03,0.0003505569685523
48.04,0.000348912156515204
48.05,0.000347273590712298
48.0599999999999,0.000345641299448796
48.07,0.000344015312642433
48.08,0.000342395658279483
48.09,0.000340782362272274
48.1,0.000339175444918176
48.11,0.000337574932447121
48.12,0.000335980847381911
48.13,0.000334393211219896
48.14,0.000332812050453481
48.15,0.000331237383261301
48.16,0.000329669229509219
48.17,0.000328107608184047
48.1799999999999,0.000326552538569419
48.19,0.000325004038126981
48.2,0.000323462123448664
48.21,0.000321926810489565
48.22,0.000320398115839467
48.23,0.000318876055073497
48.24,0.000317360641792545
48.25,0.000315851889522279
48.26,0.000314349811558511
48.27,0.000312854421097513
48.28,0.0003113657294186
48.29,0.000309883747643516
48.3,0.000308408486030429
48.3099999999999,0.000306939953051197
48.32,0.00030547815819297
48.33,0.000304023109590679
48.34,0.000302574814679537
48.35,0.000301133280106427
48.36,0.000299698511606812
48.37,0.000298270514591846
48.38,0.000296849293609149
48.39,0.000295434852496905
48.4,0.000294027196123891
48.41,0.000292626330344672
48.42,0.000291232256095408
48.4299999999999,0.000289844975600743
48.44,0.000288464490508569
48.45,0.000287090803994848
48.46,0.000285723919025389
48.47,0.0002843638350644
48.48,0.000283010552580573
48.49,0.000281664071586636
48.5,0.000280324389298584
48.51,0.000278991503275033
48.52,0.000277665412315929
48.53,0.000276346113606971
48.54,0.00027503360377168
48.55,0.000273727881568237
48.5599999999999,0.0002724289433012
48.57,0.000271136784013598
48.58,0.000269851399035891
48.59,0.000268572783236389
48.6,0.000267300932909203
48.61,0.000266035842031725
48.62,0.000264777504290384
48.63,0.000263525913251229
48.64,0.000262281062073939
48.65,0.000261042944927287
48.66,0.000259811554131378
48.67,0.000258586881796232
48.6799999999999,0.000257368919855431
48.69,0.000256157659876871
48.7,0.000254953093507937
48.71,0.000253755211561099
48.72,0.000252564004565398
48.73,0.000251379462748586
48.74,0.000250201575985187
48.75,0.000249030334562693
48.76,0.000247865727581913
48.77,0.000246707743965934
48.78,0.00024555637238229
48.79,0.000244411601166202
48.8,0.000243273419993157
48.8099999999999,0.000242141816332586
48.82,0.000241016777775943
48.83,0.000239898291768002
48.84,0.000238786345465677
48.85,0.000237680927496669
48.86,0.000236582024175824
48.87,0.000235489622079956
48.88,0.000234403707665286
48.89,0.000233324267145788
48.9,0.000232251286666233
48.91,0.000231184752223598
48.92,0.000230124649557067
48.9299999999999,0.000229070964229739
48.94,0.000228023681632216
48.95,0.000226982786988745
48.96,0.000225948265109347
48.97,0.000224920100521409
48.98,0.000223898278110226
48.99,0.000222882782347536
49,0.000221873597546693
49.01,0.000220870707867322
49.02,0.000219874097319974
49.03,0.000218883749599367
49.04,0.000217899648472306
49.05,0.000216921777504455
49.0599999999999,0.000215950120113909
49.07,0.000214984659586702
49.08,0.000214025379081093
49.09,0.000213072261571476
49.1,0.000212125289877603
49.11,0.000211184446831008
49.12,0.000210249715085247
49.13,0.000209321077181887
49.14,0.0002083985155544
49.15,0.000207482012532071
49.16,0.000206571551051957
49.17,0.000205667113091798
49.1799999999999,0.000204768680793063
49.19,0.000203876236286158
49.2,0.000202989761643104
49.21,0.000202109238883063
49.22,0.000201234649581031
49.23,0.000200365975003951
49.24,0.000199503197262305
49.25,0.000198646297975034
49.26,0.000197795258698619
49.27,0.000196950060930209
49.28,0.000196110686110753
49.29,0.000195277116005368
49.3,0.000194449331876063
49.3099999999999,0.000193627315065494
49.32,0.000192811046917611
49.33,0.000192000508750009
49.34,0.00019119568185792
49.35,0.000190396547218738
49.36,0.000189603085593121
49.37,0.000188815278434696
49.38,0.000188033106825822
49.39,0.000187256551823
49.4,0.000186485594459448
49.41,0.000185720215747677
49.42,0.000184960396702917
49.4299999999999,0.000184206118332914
49.44,0.000183457361591901
49.45,0.000182714107445676
49.46,0.000181976336853679
49.47,0.000181244030771667
49.48,0.000180517170154398
49.49,0.000179795735873859
49.5,0.000179079708794258
49.51,0.00017836906992188
49.52,0.000177663800195567
49.53,0.000176963880560948
49.54,0.000176269291972771
49.55,0.000175580015397229
49.5599999999999,0.000174896032032542
49.57,0.000174217323078804
49.58,0.000173543869469128
49.59,0.000172875652330609
49.6,0.000172212652826563
49.61,0.000171554852159672
49.62,0.000170902231575085
49.63,0.000170254771986972
49.64,0.000169612454450741
49.65,0.000168975260470707
49.66,0.000168343171346262
49.67,0.000167716168413955
49.6799999999999,0.000167094233049352
49.69,0.000166477346668882
49.7,0.000165865490810174
49.71,0.000165258647023776
49.72,0.000164656796841335
49.73,0.000164059921889846
49.74,0.000163468003850497
49.75,0.000162881024460779
49.76,0.000162298965516589
49.77,0.000161721808392908
49.78,0.000161149534788432
49.79,0.000160582126773377
49.8,0.000160019566234518
49.8099999999999,0.000159461835104314
49.82,0.000158908915361602
49.83,0.000158360789032309
49.84,0.000157817439392613
49.85,0.000157278848694993
49.86,0.000156744998722837
49.87,0.000156215871842396
49.88,0.000155691450475303
49.89,0.000155171717098569
49.9,0.00015465665424458
49.91,0.000154146244501101
49.92,0.000153640471580756
49.9299999999999,0.000153139317857788
49.94,0.000152642766040894
49.95,0.00015215079906355
49.96,0.000151663399923445
49.97,0.000151180551682482
49.98,0.000150702237466792
49.99,0.000150228440501918
50,0.000149759145205853
50.01,0.000149294334259119
50.02,0.000148833991152904
50.03,0.000148378099450781
50.04,0.000147926642788714
50.05,0.000147479604875048
50.0599999999999,0.000147036969490518
50.07,0.000146598720764827
50.08,0.00014616484363343
50.09,0.000145735321487839
50.1,0.000145310138526895
50.11,0.000144889279031401
50.12,0.000144472727364104
50.13,0.00014406046796971
50.14,0.000143652485374876
50.15,0.000143248764668644
50.16,0.00014284929109983
50.17,0.000142454049037023
50.1799999999999,0.000142063023452221
50.19,0.000141676199407996
50.2,0.000141293562057497
50.21,0.000140915096644443
50.22,0.000140540788503127
50.23,0.000140170623764261
50.24,0.000139804588108082
50.25,0.000139442666903863
50.26,0.000139084845963217
50.27,0.000138731111196648
50.28,0.000138381448613553
50.29,0.000138035844322221
50.3,0.000137694284529835
50.3099999999999,0.000137356755928118
50.32,0.000137023244775929
50.33,0.000136693737528242
50.34,0.000136368220814402
50.35,0.000136046681364142
50.36,0.000135729106007583
50.37,0.000135415481675227
50.38,0.000135105795397964
50.39,0.00013480003430707
50.4,0.000134498185634204
50.41,0.000134200237397705
50.42,0.00013390617745658
50.4299999999999,0.000133615992808126
50.44,0.000133329671168263
50.45,0.000133047200358034
50.46,0.000132768568303594
50.47,0.000132493763036217
50.48,0.000132222772692298
50.49,0.000131955585513347
50.5,0.000131692189845993
50.51,0.0001314325745756
50.52,0.000131176730829734
50.53,0.000130924645431384
50.54,0.00013067630731927
50.55,0.000130431705547242
50.5599999999999,0.000130190829284271
50.57,0.000129953667814455
50.58,0.00012972021053702
50.59,0.000129490446966316
50.6,0.000129264366731816
50.61,0.000129041959578124
50.62,0.000128823216395965
50.63,0.000128608126754396
50.64,0.000128396680622642
50.65,0.000128188868276133
50.66,0.00012798468010937
50.67,0.000127784106635927
50.6799999999999,0.000127587138488452
50.69,0.000127393766418663
50.7,0.000127203981297353
50.71,0.000127017774114386
50.72,0.000126835136794529
50.73,0.000126656061039171
50.74,0.000126480537580799
50.75,0.000126308557982154
50.76,0.000126140113930576
50.77,0.000125975197237998
50.78,0.000125813799840951
50.79,0.00012565591380056
50.8,0.000125501531302547
50.8099999999999,0.000125350644657228
50.82,0.000125203246493391
50.83,0.000125059330442866
50.84,0.000124918888417765
50.85,0.000124781913299519
50.86,0.000124648398098398
50.87,0.000124518335953501
50.88,0.000124391720132767
50.89,0.000124268544032966
50.9,0.000124148801179706
50.91,0.000124032485227426
50.92,0.000123919589959405
50.9299999999999,0.00012381010995321
50.94,0.000123704039033915
50.95,0.000123601371331172
50.96,0.000123502101221289
50.97,0.000123406223217315
50.98,0.000123313731969394
50.99,0.000123224622265099
51,0.000123138889029787
51.01,0.000123056527326937
51.02,0.000122977532358499
51.03,0.000122901899465241
51.04,0.000122829624127087
51.05,0.000122760702405108
51.0599999999999,0.000122695129801375
51.07,0.0001226329022227
51.08,0.00012257401573978
51.09,0.000122518466566853
51.1,0.000122466251062148
51.11,0.000122417365728327
51.12,0.000122371807212928
51.13,0.000122329572308815
51.14,0.000122290657954619
51.15,0.000122255061235181
51.16,0.000122222779420184
51.17,0.000122193810531122
51.1799999999999,0.000122168151662933
51.19,0.000122145800532314
51.2,0.000122126755008249
51.21,0.000122111013112597
51.22,0.000122098573020692
51.23,0.000122089433061931
51.24,0.000122083591720372
51.25,0.000122081047635326
51.26,0.000122081799601951
51.27,0.000122085846571845
51.28,0.000122093187377203
51.29,0.00012210381996775
51.3,0.000122117744723108
51.3099999999999,0.000122134961118866
51.32,0.000122155468780336
51.33,0.000122179267482775
51.34,0.00012220635715161
51.35,0.00012223673786265
51.36,0.000122270409842314
51.37,0.000122307373467848
51.38,0.000122347629267546
51.39,0.000122391177920973
51.4,0.000122438020542772
51.41,0.000122488158731923
51.42,0.000122541593120059
51.4299999999999,0.000122598325060457
51.44,0.000122658356064703
51.45,0.00012272168780314
51.46,0.000122788322105319
51.47,0.000122858260960445
51.48,0.000122931506517826
51.49,0.000123008061087322
51.5,0.000123087927139792
51.51,0.000123171107307544
51.52,0.000123257605246249
51.53,0.000123347424811214
51.54,0.000123440568225621
51.55,0.000123537038915528
51.5599999999999,0.000123636840483432
51.57,0.000123739976709209
51.58,0.000123846451551046
51.59,0.000123956269146381
51.6,0.000124069433812835
51.61,0.000124185950049144
51.62,0.000124305822536105
51.63,0.0001244290561375
51.64,0.000124555654253148
51.65,0.000124685621439663
51.66,0.000124818964151875
51.67,0.000124955687782889
51.6799999999999,0.000125095797894738
51.69,0.000125239300218613
51.7,0.000125386200655078
51.71,0.000125536505274302
51.72,0.000125690220316276
51.73,0.000125847352191034
51.74,0.000126007907478885
51.75,0.000126171892930627
51.76,0.00012633931675585
51.77,0.000126510186010554
51.78,0.00012668450746301
51.79,0.000126862288663487
51.8,0.000127043537343321
51.8099999999999,0.000127228261415474
51.82,0.000127416468975094
51.83,0.000127608168300068
51.84,0.000127803367851584
51.85,0.000128002076274692
51.86,0.000128204302398851
51.87,0.000128410055238498
51.88,0.000128619343993601
51.89,0.000128832181482202
51.9,0.000129048575712284
51.91,0.000129268536115163
51.92,0.000129492072870027
51.9299999999999,0.000129719196363216
51.94,0.000129949917189448
51.95,0.000130184246153032
51.96,0.000130422194269095
51.97,0.0001306637727648
51.98,0.000130908993080558
51.99,0.000131157866871261
52,0.000131410406007494
52.01,0.000131666622449862
52.02,0.000131926525172555
52.03,0.000132190128998307
52.04,0.000132457446488428
52.05,0.000132728490410474
52.0599999999999,0.000133003273738904
52.07,0.000133281809655738
52.08,0.00013356411155121
52.09,0.000133850193024434
52.1,0.000134140067884057
52.11,0.00013443375014891
52.12,0.000134731254048679
52.13,0.000135032594024552
52.14,0.000135337784588277
52.15,0.000135646840174417
52.16,0.000135959776210949
52.17,0.000136276607956438
52.1799999999999,0.000136597350881297
52.19,0.000136922020668342
52.2,0.000137250633213334
52.21,0.000137583204625542
52.22,0.00013791975122829
52.23,0.000138260289559506
52.24,0.000138604836372276
52.25,0.000138953408635401
52.26,0.000139306023533939
52.27,0.000139662701621537
52.28,0.000140023463149935
52.29,0.000140388322907445
52.3,0.000140757299372399
52.3099999999999,0.000141130411277178
52.32,0.00014150767761001
52.33,0.000141889117616766
52.34,0.00014227475080277
52.35,0.000142664596934595
52.36,0.00014305867604186
52.37,0.000143457008419037
52.38,0.000143859614627251
52.39,0.000144266515496078
52.4,0.000144677731397241
52.41,0.000145093283702714
52.42,0.000145513194352084
52.4299999999999,0.000145937485200526
52.44,0.000146366178375238
52.45,0.000146799296277036
52.46,0.000147236861581979
52.47,0.00014767889724297
52.48,0.000148125426491357
52.49,0.000148576472838552
52.5,0.000149032060077636
52.51,0.000149492212284965
52.52,0.000149956953821779
52.53,0.000150426302598189
52.54,0.000150900286510879
52.55,0.000151378931505477
52.5599999999999,0.000151862262638631
52.57,0.000152350305222462
52.58,0.000152843084824845
52.59,0.000153340627269714
52.6,0.000153842958637349
52.61,0.000154350105264655
52.62,0.00015486209374547
52.63,0.000155378950930848
52.64,0.000155900703929351
52.65,0.000156427380399132
52.66,0.000156959018156368
52.67,0.00015749563809356
52.6799999999999,0.00015803726890716
52.69,0.00015858393959944
52.7,0.000159135679480464
52.71,0.000159692518170097
52.72,0.000160254485599981
52.73,0.00016082161201551
52.74,0.000161393927977837
52.75,0.00016197146436585
52.76,0.000162554252378158
52.77,0.000163142323535078
52.78,0.000163735711451936
52.79,0.000164334454068117
52.8,0.00016493857927378
52.8099999999999,0.000165548120355716
52.82,0.000166163110970823
52.83,0.000166783585149463
52.84,0.000167409577298846
52.85,0.000168041122206393
52.86,0.000168678255043091
52.87,0.000169321011366882
52.88,0.00016996942712602
52.89,0.000170623538662442
52.9,0.000171283382715133
52.91,0.00017194898952113
52.92,0.000172620390432958
52.9299999999999,0.000173297630365
52.94,0.000173980746730384
52.95,0.000174669777277557
52.96,0.000175364760090869
52.97,0.00017606573359113
52.98,0.000176772736536161
52.99,0.000177485808021386
53,0.000178204987480382
53.01,0.000178930314685444
53.02,0.000179661829748158
53.03,0.000180399573119959
53.04,0.000181143589205571
53.05,0.000181893919242364
53.0599999999999,0.000182650603175769
53.07,0.000183413683156282
53.08,0.000184183201704503
53.09,0.000184959201712702
53.1,0.000185741726446345
53.11,0.000186530819545615
53.12,0.000187326525026978
53.13,0.000188128887284702
53.14,0.0001889379510924
53.15,0.000189753761604569
53.16,0.000190576364358122
53.17,0.00019140581852878
53.1799999999999,0.000192242166352271
53.19,0.000193085453675473
53.2,0.000193935729190812
53.21,0.000194793042148519
53.22,0.000195657442365669
53.23,0.000196528980235222
53.24,0.000197407706735101
53.25,0.000198293673437226
53.26,0.000199186930993954
53.27,0.000200087511254929
53.28,0.000200995479977803
53.29,0.000201910889120374
53.3,0.000202833791053431
53.3099999999999,0.000203764238559316
53.32,0.000204702284830491
53.33,0.000205647983468079
53.34,0.000206601388480459
53.35,0.000207562554281807
53.36,0.000208531534553044
53.37,0.0002095083823699
53.38,0.000210493154858559
53.39,0.000211485907683768
53.4,0.000212486696870507
53.41,0.000213495578800796
53.42,0.000214512610210495
53.4299999999999,0.000215537848186113
53.44,0.000216571350161609
53.45,0.000217613173915178
53.46,0.000218663390705111
53.47,0.000219722065391355
53.48,0.000220789253433465
53.49,0.000221865018061639
53.5,0.000222949423389124
53.51,0.000224042534441003
53.52,0.000225144417182983
53.53,0.000226255135124009
53.54,0.000227374740844019
53.55,0.00022850331014147
53.5599999999999,0.000229640909880068
53.57,0.000230787607570038
53.58,0.000231943471371069
53.59,0.000233108570095328
53.6,0.000234282973210405
53.61,0.000235466727601294
53.62,0.000236659907960521
53.63,0.000237862584935536
53.64,0.000239074825670093
53.65,0.000240296697317952
53.66,0.000241528267008314
53.67,0.000242769601811251
53.6799999999999,0.000244020785365256
53.69,0.000245281903969649
53.7,0.000246553015267276
53.71,0.000247834192424926
53.72,0.00024912550918177
53.73,0.000250427039849343
53.74,0.000251738866658604
53.75,0.000253061078316513
53.76,0.000254393745010552
53.77,0.000255736946761144
53.78,0.000257090764472135
53.79,0.00025845527993079
53.8,0.000259830570534783
53.8099999999999,0.000261216705463883
53.82,0.000262613775382152
53.83,0.000264021862468799
53.84,0.000265441049498657
53.85,0.000266871419842158
53.86,0.000268313053109545
53.87,0.000269766015146219
53.88,0.000271230399108867
53.89,0.000272706287185339
53.9,0.000274193761830144
53.91,0.000275692905764445
53.92,0.000277203805463745
53.9299999999999,0.000278726570600093
53.94,0.000280261273524757
53.95,0.00028180800250334
53.96,0.000283366846484286
53.97,0.000284937895098861
53.98,0.000286521240015178
53.99,0.000288116997512011
54,0.000289725248675846
54.01,0.000291346089744226
54.02,0.000292979618000275
54.03,0.000294625931772695
54.04,0.00029628513043577
54.05,0.000297957285763979
54.0599999999999,0.000299642511247768
54.07,0.000301340905820009
54.08,0.000303052568828605
54.09,0.000304777600314925
54.1,0.000306516101013771
54.11,0.000308268145151333
54.12,0.000310033829483866
54.13,0.000311813260918987
54.14,0.000313606536810566
54.15,0.000315413754677248
54.16,0.000317235012202456
54.17,0.000319070425783343
54.1799999999999,0.00032092012750663
54.19,0.000322784199354572
54.2,0.000324662747850274
54.21,0.000326555880403508
54.22,0.000328463705310686
54.23,0.000330386332693015
54.24,0.00033232389191329
54.25,0.000334276485425043
54.26,0.000336244227812729
54.27,0.000338227234796146
54.28,0.00034022562323043
54.29,0.00034223951110606
54.3,0.000344268984674207
54.3099999999999,0.000346314163883318
54.32,0.000348375172334178
54.33,0.000350452125919359
54.34,0.000352545141100017
54.35,0.000354654334905863
54.36,0.000356779806703876
54.37,0.000358921651817843
54.38,0.000361080000221984
54.39,0.000363254964580096
54.4,0.00036544665754228
54.41,0.000367655191744947
54.42,0.000369880690501108
54.4299999999999,0.000372123355577215
54.44,0.000374383259802629
54.45,0.000376660529670897
54.46,0.00037895529291581
54.47,0.000381267678511373
54.48,0.000383597816671761
54.49,0.000385945832557983
54.5,0.000388311859787347
54.51,0.000390696032284271
54.52,0.000393098484081776
54.53,0.000395519350356298
54.54,0.000397958767427686
54.55,0.000400416832649317
54.5599999999999,0.000402893649547102
54.57,0.000405389375978763
54.58,0.000407904140247581
54.59,0.000410438070703613
54.6,0.000412991295743651
54.61,0.000415563946266974
54.62,0.000418156163948975
54.63,0.000420768071370731
54.64,0.00042339979933994
54.65,0.000426051478910272
54.66,0.000428723241381375
54.67,0.00043141521829887
54.6799999999999,0.000434127602921874
54.69,0.00043686051296686
54.7,0.000439614083195093
54.71,0.000442388456610513
54.72,0.000445183777347372
54.73,0.000448000190670189
54.74,0.000450837822444882
54.75,0.000453696806770923
54.76,0.000456577299570363
54.77,0.000459479444776078
54.78,0.00046240338694347
54.79,0.000465349271250471
54.8,0.000468317230138692
54.8099999999999,0.000471307357208113
54.82,0.000474319823616764
54.83,0.000477354767429636
54.84,0.000480412326477528
54.85,0.000483492638357
54.86,0.000486595840430318
54.87,0.000489722097203491
54.88,0.000492871537062359
54.89,0.000496044298725086
54.9,0.000499240523010665
54.91,0.000502460350873358
54.92,0.000505703923402699
54.9299999999999,0.000508971404822382
54.94,0.000512262947240114
54.95,0.000515578685910391
54.96,0.000518918768462081
54.97,0.000522283343177644
54.98,0.000525672558993072
54.99,0.000529086546634091
55,0.000532525399588303
55.01,0.000535989294976558
55.02,0.000539478373140452
55.03,0.000542992774079235
55.04,0.000546532637449804
55.05,0.000550098102566707
55.0599999999999,0.000553689284513758
55.07,0.000557306331195335
55.08,0.000560949378427515
55.09,0.000564618560624465
55.1,0.000568314011565155
55.11,0.000572035864393299
55.12,0.000575784255077419
55.13,0.000579559317546811
55.14,0.000583361181861449
55.15,0.000587189979564071
55.16,0.000591045841642828
55.17,0.000594928898531279
55.1799999999999,0.000598839276083771
55.19,0.000602777078052589
55.2,0.000606742444915297
55.21,0.000610735500813207
55.22,0.000614756368971242
55.23,0.000618805171697871
55.24,0.000622882030385245
55.25,0.000626987029037716
55.26,0.000631120288385096
55.27,0.000635281929198182
55.28,0.000639472062189055
55.29,0.000643690796562046
55.3,0.000647938240013731
55.3099999999999,0.000652214486043063
55.32,0.000656519615773675
55.33,0.000660853743868967
55.34,0.000665216966499626
55.35,0.000669609377849218
55.36,0.000674031070114117
55.37,0.000678482133503653
55.38,0.000682962614587092
55.39,0.000687472616167958
55.4,0.00069201221800374
55.41,0.000696581496247682
55.42,0.000701180524559654
55.4299999999999,0.000705809374106152
55.44,0.000710468083092877
55.45,0.000715156700431744
55.46,0.000719875299808478
55.47,0.000724623934247121
55.48,0.00072940265357799
55.49,0.000734211504437842
55.5,0.000739050522547804
55.51,0.00074391969786114
55.52,0.000748819083794974
55.53,0.000753748702999202
55.54,0.000758708573762222
55.55,0.000763698710010935
55.5599999999999,0.000768719095827958
55.57,0.000773769740008178
55.58,0.000778850640408457
55.59,0.000783961787459383
55.6,0.000789103166643363
55.61,0.00079427474085339
55.62,0.00079947647450985
55.63,0.00080470834088461
55.64,0.000809970299044821
55.65,0.000815262302448846
55.66,0.000820584285064239
55.67,0.0008259361495939
55.6799999999999,0.000831317845102502
55.69,0.000836729291803144
55.7,0.000842170403189817
55.71,0.000847641085272863
55.72,0.000853141177279448
55.73,0.000858670592732332
55.74,0.000864229206842441
55.75,0.000869816886894423
55.76,0.000875433492246678
55.77,0.000881078839479173
55.78,0.000886752765413666
55.79,0.000892455105567675
55.8,0.000898185677266482
55.8099999999999,0.000903944288892676
55.82,0.000909730722064434
55.83,0.000915544738116694
55.84,0.000921386121047626
55.85,0.000927254628130709
55.86,0.000933150004919374
55.87,0.000939071985034985
55.88,0.00094502027976201
55.89,0.000950994596819074
55.9,0.000956994631290932
55.91,0.000963020062869214
55.92,0.000969070557572464
55.9299999999999,0.000975145767046639
55.94,0.000981245324904643
55.95,0.000987368855640187
55.96,0.000993515966726726
55.97,0.00099968625044125
55.98,0.00100587928358728
55.99,0.00101209462824527
56,0.00101833183085867
56.01,0.00102459041995137
56.02,0.00103086990839552
56.03,0.00103716979233088
56.04,0.00104348955089701
56.05,0.00104982864621712
56.0599999999999,0.00105618652264735
56.07,0.00106256260676005
56.08,0.00106895630711311
56.09,0.00107536701394153
56.1,0.00108179409851802
56.11,0.00108823691070666
56.12,0.00109469478488438
56.13,0.00110116703444843
56.14,0.00110765295298438
56.15,0.00111415181398798
56.16,0.00112066287209823
56.17,0.00112718536164846
56.1799999999999,0.00113371849396663
56.19,0.00114026146042376
56.2,0.00114681343108397
56.21,0.00115337355443911
56.22,0.00115994097701755
56.23,0.00116651480268512
56.24,0.00117309411613298
56.25,0.00117967798321475
56.26,0.00118626544786545
56.27,0.00119285553190102
56.28,0.00119944726161622
56.29,0.00120603962011659
56.3,0.0012126315627302
56.3099999999999,0.00121922203080867
56.32,0.00122580994415645
56.33,0.00123239420093554
56.34,0.00123897368868536
56.35,0.00124554726853459
56.36,0.001252113772292
56.37,0.00125867201561559
56.38,0.00126522079284133
56.39,0.00127175887694182
56.4,0.00127828502713829
56.41,0.00128479798204237
56.42,0.0012912964484087
56.4299999999999,0.00129777911766177
56.44,0.0013042446603476
56.45,0.00131069172613911
56.46,0.00131711897944435
56.47,0.00132352509710497
56.48,0.00132990864801506
56.49,0.00133626822492228
56.5,0.001342602404018
56.51,0.00134890974523657
56.52,0.00135518884811577
56.53,0.00136143843248167
56.54,0.00136765695602803
56.55,0.00137384297642654
56.5599999999999,0.00137999504635441
56.57,0.0013861117144673
56.58,0.00139219151526501
56.59,0.00139823290425095
56.6,0.00140423443295619
56.61,0.00141019460844193
56.62,0.00141611193148637
56.63,0.00142198490949119
56.64,0.00142781207645324
56.65,0.00143359192371197
56.66,0.00143932295961041
56.67,0.00144500373021853
56.6799999999999,0.00145063287892294
56.69,0.00145620894447919
56.7,0.00146173053408304
56.71,0.0014671962775229
56.72,0.0014726048244304
56.73,0.00147795486632833
56.74,0.00148324512338259
56.75,0.00148847432602628
56.76,0.00149364117090919
56.77,0.00149874447852179
56.78,0.0015037830657989
56.79,0.00150875579054
56.8,0.00151366156983058
56.8099999999999,0.00151849932594493
56.82,0.00152326803402968
56.83,0.00152796674235396
56.84,0.00153259463686518
56.85,0.00153715084371418
56.86,0.00154163459707865
56.87,0.00154604520252941
56.88,0.00155038204791287
56.89,0.00155464458422323
56.9,0.00155883234803973
56.91,0.00156294494186664
56.92,0.00156698199593099
56.9299999999999,0.00157094330044005
56.94,0.00157482870324141
56.95,0.00157863813928694
56.96,0.00158237163102988
56.97,0.00158602929820472
56.98,0.00158961135458647
56.99,0.00159311811976662
57,0.0015965500840058
57.01,0.0015999077670798
57.02,0.00160319183138335
57.03,0.00160640305727696
57.04,0.00160954232681393
57.05,0.00161261066663873
57.0599999999999,0.00161560922283618
57.07,0.00161853927129606
57.08,0.00162140212312392
57.09,0.00162419929705216
57.1,0.00162693243339079
57.11,0.00162960329252694
57.12,0.00163221373047155
57.13,0.00163476575042763
57.14,0.00163726149821366
57.15,0.0016397032429708
57.16,0.0016420933573187
57.17,0.00164443434371768
57.1799999999999,0.00164672886211529
57.19,0.00164897969064331
57.2,0.00165118972075625
57.21,0.00165336195782872
57.22,0.00165549956941525
57.23,0.00165760583791692
57.24,0.00165968413065035
57.25,0.00166173783018638
57.26,0.00166377058650861
57.27,0.00166578610130784
57.28,0.00166778816948516
57.29,0.00166978059568972
57.3,0.00167176739214248
57.3099999999999,0.001673752620516
57.32,0.00167574042771116
57.33,0.0016777349947249
57.34,0.00167974063702706
57.35,0.00168176172291815
57.36,0.00168380269008977
57.37,0.00168586796715581
57.38,0.00168796199321554
57.39,0.00169008937790061
57.4,0.00169225471595769
57.41,0.00169446263627906
57.42,0.00169671766967102
57.4299999999999,0.00169902448654782
57.44,0.00170138774145277
57.45,0.00170381208120659
57.46,0.0017063021347622
57.47,0.00170886249279037
57.48,0.00171149776915371
57.49,0.0017142125334601
57.5,0.00171701132150013
57.51,0.00171989863332264
57.52,0.00172287891924156
57.53,0.0017259565756684
57.54,0.00172913594038457
57.55,0.00173242129219219
57.5599999999999,0.00173581687565734
57.57,0.00173932680901501
57.58,0.00174295514738075
57.59,0.00174670585808683
57.6,0.0017505828778238
57.61,0.00175459003411263
57.62,0.00175873101192262
57.63,0.00176300941783244
57.64,0.00176742875699728
57.65,0.00177199258823311
57.66,0.00177670416508391
57.67,0.00178156670055368
57.6799999999999,0.0017865832936771
57.69,0.0017917569954516
57.7,0.00179709077394711
57.71,0.00180258737760957
57.72,0.0018082494860838
57.73,0.00181407966098923
57.74,0.00182008051867778
57.75,0.00182625438630811
57.76,0.00183260352070632
57.77,0.00183913007696365
57.78,0.00184583614784819
57.79,0.00185272380333893
57.8,0.00185979486080773
57.8099999999999,0.00186705109549316
57.82,0.00187449418161591
57.83,0.00188212580005203
57.84,0.00188994746193462
57.85,0.00189796057638817
57.86,0.00190616648461824
57.87,0.00191456645955522
57.88,0.00192316177163722
57.89,0.00193195350574598
57.9,0.00194094271487747
57.91,0.00195013038181352
57.92,0.00195951747162118
57.9299999999999,0.00196910487273637
57.94,0.00197889338579179
57.95,0.00198888377559191
57.96,0.0019990767578045
57.97,0.00200947302925977
57.98,0.00202007321550082
57.99,0.00203087791434831
58,0.00204188769350102
58.01,0.00205310310431061
58.02,0.00206452465596288
58.03,0.00207615284261059
58.04,0.00208798813444516
58.05,0.00210003098170664
58.0599999999999,0.00211228183334553
58.07,0.00212474112570343
58.08,0.00213740925872794
58.09,0.00215028663368363
58.1,0.00216337366398694
58.11,0.0021766707524989
58.12,0.00219017830544923
58.13,0.00220389673125114
58.14,0.00221782644529459
58.15,0.00223196787434027
58.16,0.00224632148828359
58.17,0.00226088774346732
58.1799999999999,0.00227566712894677
58.19,0.00229066014161675
58.2,0.00230586724625758
58.21,0.00232128900198316
58.22,0.00233692596571052
58.23,0.00235277870014182
58.24,0.00236884777670101
58.25,0.00238513382112455
58.26,0.00240163747105102
58.27,0.00241835937973695
58.28,0.00243530022795394
58.29,0.00245246072731639
58.3,0.00246984161338334
58.3099999999999,0.00248744363219519
58.32,0.00250526756974382
58.33,0.00252331423762072
58.34,0.00254158447106734
58.35,0.00256007908703735
58.36,0.00257879897453487
58.37,0.00259774502954597
58.38,0.00261691816052616
58.39,0.00263631926259274
58.4,0.00265594929114612
58.41,0.00267580920199287
58.42,0.002695899968326
58.4299999999999,0.00271622257968296
58.44,0.00273677803558199
58.45,0.00275756735022952
58.46,0.00277859152562346
58.47,0.0027998515777793
58.48,0.00282134854101304
58.49,0.00284308344718157
58.5,0.00286505730352035
58.51,0.0028872711372838
58.52,0.00290972596954283
58.53,0.00293242281583238
58.54,0.00295536272843268
58.55,0.00297854670675377
58.5599999999999,0.00300197576045837
58.57,0.00302565089502992
58.58,0.00304957313699801
58.59,0.00307374347376599
58.6,0.00309816289691838
58.61,0.0031228323707548
58.62,0.00314775272643506
58.63,0.00317292491345236
58.64,0.00319834980323553
58.65,0.00322402827445055
58.66,0.00324996134265899
58.67,0.00327614980521882
58.6799999999999,0.0033025945194812
58.69,0.00332929630078137
58.7,0.00335625585709358
58.71,0.00338347399004107
58.72,0.00341095142928797
58.73,0.00343868891233528
58.74,0.00346668723319171
58.75,0.00349494704921439
58.76,0.0035234690442606
58.77,0.0035522538683233
58.78,0.00358130212642754
58.79,0.00361061444232814
58.8,0.0036401914012522
58.8099999999999,0.00367003356383444
58.82,0.00370014146545201
58.83,0.00373051561908562
58.84,0.00376115651164888
58.85,0.00379206463239535
58.86,0.00382324046646754
58.87,0.00385468443787898
58.88,0.00388639696928244
58.89,0.00391837846584477
58.9,0.00395062931533007
58.91,0.00398314988763384
58.92,0.00401594053628677
58.9299999999999,0.00404900158593928
58.94,0.00408233334284844
58.95,0.00411593610636181
58.96,0.00414981015263498
58.97,0.00418395574680637
58.98,0.00421837313610074
58.99,0.00425306254694078
59,0.00428802419198928
59.01,0.00432325827400094
59.02,0.00435876497901828
59.03,0.0043945444762878
59.04,0.00443059692283315
59.05,0.004466922452575
59.0599999999999,0.00450352119008296
59.07,0.00454039324840301
59.08,0.0045775387246088
59.09,0.00461495769566756
59.1,0.0046526502284526
59.11,0.00469061637630886
59.12,0.00472885617745875
59.13,0.00476736966122069
59.14,0.00480615684075632
59.15,0.0048452177150277
59.16,0.00488455227116238
59.17,0.00492416047553053
59.1799999999999,0.00496404228466234
59.19,0.0050041976444276
59.2,0.00504462648525476
59.21,0.00508532871906554
59.22,0.00512630424531827
59.23,0.00516755295174314
59.24,0.00520907471033551
59.25,0.00525086938306369
59.26,0.00529293681731338
59.27,0.00533527684397983
59.28,0.00537788928181291
59.29,0.00542077393175893
59.3,0.00546393058071205
59.3099999999999,0.00550735900476839
59.32,0.0055510589639386
59.33,0.00559503019941725
59.34,0.00563927243652331
59.35,0.00568378538957651
59.36,0.00572856875517128
59.37,0.00577362221942342
59.38,0.00581894545394981
59.39,0.00586453810821076
59.4,0.00591039981935771
59.41,0.00595653020900335
59.42,0.00600292888721372
59.4299999999999,0.00604959544520285
59.44,0.00609652945874868
59.45,0.00614373048874503
59.46,0.00619119807955281
59.47,0.00623893174914072
59.48,0.00628693101274118
59.49,0.0063351953640996
59.5,0.00638372428025138
59.51,0.00643251722178827
59.52,0.00648157363276465
59.53,0.00653089293930906
59.54,0.00658047455076103
59.55,0.00663031785917497
59.5599999999999,0.00668042224797717
59.57,0.00673078707898357
59.58,0.00678141169405041
59.59,0.00683229542069437
59.6,0.00688343756966028
59.61,0.00693483743354191
59.62,0.00698649428959702
59.63,0.00703840739757203
59.64,0.00709057600020924
59.65,0.00714299932059027
59.66,0.00719567655802832
59.67,0.00724860690425586
59.6799999999999,0.00730178952900929
59.69,0.00735522358388179
59.7,0.00740890820527337
59.71,0.00746284251108151
59.72,0.00751702559841974
59.73,0.0075714565476115
59.74,0.00762613442073003
59.75,0.00768105828362832
59.76,0.00773622716188025
59.77,0.00779164006828064
59.78,0.00784729600059032
59.79,0.00790319393962145
59.8,0.00795933283758833
59.8099999999999,0.00801571163834894
59.82,0.00807232926964888
59.83,0.00812918463906894
59.84,0.00818627663641639
59.85,0.0082436041297896
59.86,0.00830116597087976
59.87,0.00835896099541294
59.88,0.00841698801937076
59.89,0.00847524584035669
59.9,0.0085337332457761
59.91,0.00859244900576483
59.92,0.00865139186274116
59.9299999999999,0.00871056054649709
59.94,0.00876995376929448
59.95,0.00882957022617322
59.96,0.00888940859496994
59.97,0.00894946753547681
59.98,0.00900974569038017
59.99,0.00907024168502
60,0.00913095412630009
60.01,0.00919188160109162
60.02,0.00925302268331605
60.03,0.00931437592756892
60.04,0.00937593987093399
60.05,0.0094377130334068
60.0599999999999,0.0094996939199994
60.07,0.0095618810148444
60.08,0.00962427278610735
60.09,0.00968686768467562
60.1,0.00974966414429436
60.11,0.00981266058449696
60.12,0.00987585540390605
60.13,0.00993924698552906
60.14,0.0100028336954014
60.15,0.0100666138826246
60.16,0.0101305858792388
60.17,0.0101947480006205
60.1799999999999,0.0102590985452617
60.19,0.0103236357948554
60.2,0.0103883580143412
60.21,0.0104532634521652
60.22,0.0105183503426952
60.23,0.0105836169000595
60.24,0.0106490613233146
60.25,0.0107146817950803
60.26,0.0107804764815875
60.27,0.0108464435334558
60.28,0.0109125810869597
60.29,0.0109788872587792
60.3,0.0110453601509507
60.3099999999999,0.0111119978495077
60.32,0.0111787984245389
60.33,0.011245759930693
60.34,0.0113128804070608
60.35,0.0113801578761004
60.36,0.0114475903450228
60.37,0.0115151758054377
60.38,0.0115829122334147
60.39,0.0116507975910086
60.4,0.0117188298243969
60.41,0.0117870068633289
60.42,0.0118553266230765
60.4299999999999,0.0119237870038027
60.44,0.0119923858906327
60.45,0.0120611211568857
60.46,0.0121299906583438
60.47,0.0121989922357734
60.48,0.0122681237160744
60.49,0.0123373829116604
60.5,0.0124067676205413
60.51,0.0124762756290554
60.52,0.012545904706207
60.53,0.0126156526078472
60.54,0.0126855170760339
60.55,0.0127554958389738
60.5599999999999,0.0128255866112924
60.57,0.0128957870961702
60.58,0.0129660949801064
60.59,0.0130365079374387
60.6,0.0131070236292212
60.61,0.0131776397033238
60.62,0.0132483537948405
60.63,0.0133191635297849
60.64,0.0133900665158287
60.65,0.0134610603501721
60.66,0.0135321426175128
60.67,0.0136033108901588
60.6799999999999,0.0136745627284329
60.69,0.0137458956842665
60.7,0.0138173072922677
60.71,0.0138887950773379
60.72,0.0139603565527266
60.73,0.0140319892201553
60.74,0.0141036905701564
60.75,0.0141754580847601
60.76,0.0142472892309718
60.77,0.0143191814664089
60.78,0.014391132237915
60.79,0.0144631389816941
60.8,0.0145351991237101
60.8099999999999,0.0146073100830925
60.82,0.0146794692638008
60.83,0.0147516740617756
60.84,0.0148239218631513
60.85,0.0148962100444004
60.86,0.0149685359727815
60.87,0.0150408970102901
60.88,0.0151132905039746
60.89,0.015185713794221
60.9,0.0152581642126689
60.91,0.0153306390823694
60.92,0.0154031357181586
60.9299999999999,0.0154756514295438
60.94,0.0155481835138264
60.95,0.015620729262083
60.96,0.0156932859577314
60.97,0.0157658508766974
60.98,0.0158384212878078
60.99,0.0159109944557636
61,0.0159835676338046
61.01,0.016056138070236
61.02,0.0161287030068143
61.03,0.0162012596789229
61.04,0.0162738053157464
61.05,0.0163463371422925
61.0599999999999,0.0164188523790406
61.07,0.016491348236496
61.08,0.0165638219218951
61.09,0.0166362706373157
61.1,0.0167086915798611
61.11,0.0167810819418442
61.12,0.0168534389145672
61.13,0.0169257596820364
61.14,0.016998041423176
61.15,0.0170702813141349
61.16,0.0171424765273653
61.17,0.0172146242318187
61.1799999999999,0.0172867215931837
61.19,0.0173587657783151
61.2,0.0174307539452083
61.21,0.0175026832515779
61.22,0.0175745508527403
61.23,0.0176463539018168
61.24,0.0177180895499395
61.25,0.0177897549472297
61.26,0.0178613472433615
61.27,0.0179328635840216
61.28,0.018004301114986
61.29,0.0180756569811445
61.3,0.0181469283267098
61.3099999999999,0.0182181122954268
61.32,0.0182892060330865
61.33,0.0183602066840792
61.34,0.0184311113917265
61.35,0.0185019173008149
61.36,0.0185726215568283
61.37,0.0186432213061668
61.38,0.0187137136963618
61.39,0.0187840958666915
61.4,0.0188543649704182
61.41,0.0189245181583055
61.42,0.0189945525823873
61.4299999999999,0.0190644653965991
61.44,0.0191342537569765
61.45,0.0192039148266635
61.46,0.0192734457839499
61.47,0.0193428437859138
61.48,0.0194121060035161
61.49,0.0194812296114935
61.5,0.0195502117885991
61.51,0.0196190497178442
61.52,0.019687740583617
61.53,0.0197562815761975
61.54,0.0198246698936588
61.55,0.0198929027373369
61.5599999999999,0.0199609773138757
61.57,0.0200288908354596
61.58,0.0200966405200442
61.59,0.0201642235758344
61.6,0.0202316372174629
61.61,0.0202988786881476
61.62,0.0203659452246662
61.63,0.0204328340697985
61.64,0.0204995424725023
61.65,0.0205660676880901
61.66,0.0206324069832663
61.67,0.0206985576337251
61.6799999999999,0.0207645169119102
61.69,0.0208302821027324
61.7,0.0208958504986799
61.71,0.0209612194000177
61.72,0.0210263861149833
61.73,0.0210913479724039
61.74,0.0211561023238574
61.75,0.0212206464915172
61.76,0.0212849778250688
61.77,0.021349093684239
61.78,0.0214129914390581
61.79,0.0214766684701227
61.8,0.0215401221577071
61.8099999999999,0.0216033498683933
61.82,0.0216663490309618
61.83,0.0217291170621248
61.84,0.0217916513892143
61.85,0.021853949450367
61.86,0.0219160086947089
61.87,0.021977826575033
61.88,0.02203940052478
61.89,0.0221007280429706
61.9,0.0221618066163208
61.91,0.0222226337422765
61.92,0.0222832069291275
61.9299999999999,0.0223435236961197
61.94,0.0224035815781518
61.95,0.0224633781589679
61.96,0.0225229109739417
61.97,0.0225821775954343
61.98,0.0226411756085129
61.99,0.0226999026111393
62,0.0227583562143542
62.01,0.0228165340441018
62.02,0.0228744337808547
62.03,0.0229320530584405
62.04,0.0229893895495722
62.05,0.0230464409420674
62.0599999999999,0.0231032049391021
62.07,0.0231596792594647
62.08,0.0232158616378084
62.09,0.0232717496976735
62.1,0.0233273412538958
62.11,0.0233826340710568
62.12,0.0234376259248776
62.13,0.0234923146048178
62.14,0.0235466979141318
62.15,0.0236007736699236
62.16,0.0236545397274109
62.17,0.0237079939252196
62.1799999999999,0.0237611341248399
62.19,0.0238139582045119
62.2,0.0238664640573107
62.21,0.0239186495912456
62.22,0.0239705127293557
62.23,0.0240220514510773
62.24,0.024073263704456
62.25,0.0241241474601821
62.26,0.0241747007121049
62.27,0.024224921470926
62.28,0.0242748077643759
62.29,0.0243243576373895
62.3,0.0243735691254965
62.3099999999999,0.0244224403087775
62.32,0.02447096928601
62.33,0.0245191541664333
62.34,0.0245669930765409
62.35,0.0246144841602089
62.36,0.0246616255788238
62.37,0.0247084154796418
62.38,0.0247548519764931
62.39,0.0248009333223133
62.4,0.0248466577300125
62.41,0.0248920234279465
62.42,0.0249370286598877
62.4299999999999,0.0249816716849967
62.44,0.0250259507777939
62.45,0.0250698643007748
62.46,0.0251134105443126
62.47,0.025156587831996
62.48,0.0251993945144163
62.49,0.0252418289593425
62.5,0.0252838895518024
62.51,0.0253255746941641
62.52,0.0253668828235628
62.53,0.0254078124045225
62.54,0.0254483618790268
62.55,0.0254885297277436
62.5599999999999,0.0255283144501932
62.57,0.0255677145648937
62.58,0.0256067286095063
62.59,0.0256453551409814
62.6,0.0256835925963906
62.61,0.0257214396218783
62.62,0.0257588948172887
62.63,0.0257959567927597
62.64,0.0258326241751269
62.65,0.025868895607883
62.66,0.0259047697511375
62.67,0.0259402452522371
62.6799999999999,0.0259753207771232
62.69,0.0260099950490191
62.7,0.0260442667831566
62.71,0.0260781347097073
62.72,0.0261115975736568
62.73,0.0261446541346783
62.74,0.0261773031724501
62.75,0.0262095436554522
62.76,0.0262413743071516
62.77,0.0262727939729173
62.78,0.0263038015161143
62.79,0.0263343958182108
62.8,0.0263645757788854
62.8099999999999,0.0263943403161333
62.82,0.026423688355984
62.83,0.0264526188461672
62.84,0.0264811307611765
62.85,0.0265092230882597
62.86,0.026536894832695
62.87,0.0265641450178419
62.88,0.0265909726267346
62.89,0.0266173766785039
62.9,0.0266433562561239
62.91,0.0266689104271926
62.92,0.026694038273025
62.9299999999999,0.0267187388883874
62.94,0.0267430113599955
62.95,0.0267668547914227
62.96,0.0267902683190482
62.97,0.026813251082155
62.98,0.0268358022328023
62.99,0.0268579210490915
63,0.0268796067685098
63.01,0.0269008585768163
63.02,0.0269216757218976
63.03,0.0269420574690949
63.04,0.0269620031303456
63.05,0.0269815120163405
63.0599999999999,0.0270005834450866
63.07,0.027019216762248
63.08,0.0270374113320359
63.09,0.0270551663708772
63.1,0.0270724812448754
63.11,0.0270893553647875
63.12,0.0271057881139615
63.13,0.0271217788885962
63.14,0.0271373270325898
63.15,0.0271524319623645
63.16,0.0271670931065795
63.17,0.0271813098929341
63.1799999999999,0.0271950817599306
63.19,0.0272084083094995
63.2,0.0272212889974821
63.21,0.0272337233142965
63.22,0.027245710784878
63.23,0.0272572509493889
63.24,0.0272683434152085
63.25,0.0272789877447265
63.26,0.027289183531018
63.27,0.0272989303877571
63.28,0.0273082279450869
63.29,0.0273170756970579
63.3,0.0273254732771547
63.3099999999999,0.02733342036159
63.32,0.0273409165994854
63.33,0.0273479616517333
63.34,0.0273545551226925
63.35,0.0273606966458828
63.36,0.0273663859283508
63.37,0.0273716226500264
63.38,0.0273764064997531
63.39,0.0273807372269385
63.4,0.0273846146279559
63.41,0.0273880383936483
63.42,0.0273910082794239
63.4299999999999,0.0273935240528067
63.44,0.0273955855113631
63.45,0.02739719251963
63.46,0.0273983448595745
63.47,0.0273990423658756
63.48,0.0273992848872975
63.49,0.0273990722747268
63.5,0.027398404212875
63.51,0.0273972806529981
63.52,0.0273957014600935
63.53,0.0273936665089427
63.54,0.0273911756841116
63.55,0.027388228703408
63.5599999999999,0.0273848255097167
63.57,0.0273809659946996
63.58,0.0273766500442
63.59,0.027371877550268
63.6,0.0273666484765887
63.61,0.0273609628077502
63.62,0.0273548204286371
63.63,0.0273482212862215
63.64,0.0273411653366513
63.65,0.0273336525469546
63.66,0.027325682992248
63.67,0.0273172566209259
63.6799999999999,0.0273083734438138
63.69,0.0272990334827678
63.7,0.0272892367706745
63.71,0.0272789832395573
63.72,0.0272682728693157
63.73,0.027257105747894
63.74,0.0272454819114655
63.75,0.027233401403248
63.76,0.0272208642520412
63.77,0.0272078703265074
63.78,0.027194419756686
63.79,0.0271805125758742
63.8,0.0271661488205261
63.8099999999999,0.0271513285302527
63.82,0.0271360518285499
63.83,0.027120318784813
63.84,0.0271041294433069
63.85,0.0270874838805079
63.86,0.0270703821783905
63.87,0.0270528244592707
63.88,0.0270348109556575
63.89,0.0270163417160043
63.9,0.0269974168760615
63.91,0.0269780365802372
63.92,0.0269582009815973
63.9299999999999,0.0269379100708122
63.94,0.0269171639750445
63.95,0.0268959628840014
63.96,0.0268743069365112
63.97,0.026852196275411
63.98,0.0268296310233308
63.99,0.0268066111470057
64,0.0267831368677044
64.01,0.0267592083075392
64.02,0.0267348255889425
64.03,0.0267099888346673
64.04,0.0266846982123888
64.05,0.0266589538704391
64.0599999999999,0.0266327559246805
64.07,0.0266061045141387
64.08,0.0265789997795995
64.09,0.0265514418704683
64.1,0.0265234310919883
64.11,0.0264949675319778
64.12,0.0264660513670225
64.13,0.02643668277838
64.14,0.0264068619519808
64.15,0.0263765890220382
64.16,0.0263458641287892
64.17,0.0263146874907784
64.1799999999999,0.0262830592897795
64.19,0.0262509797100264
64.2,0.0262184489382136
64.21,0.0261854668206331
64.22,0.0261520336699718
64.23,0.0261181496379076
64.24,0.0260838148633468
64.25,0.026049029482617
64.26,0.0260137936294669
64.27,0.0259781074869671
64.28,0.0259419711641104
64.29,0.0259053847938629
64.3,0.0258683485082036
64.3099999999999,0.0258308624372787
64.32,0.0257929267094017
64.33,0.0257545416665765
64.34,0.025715707346966
64.35,0.0256764239044165
64.36,0.0256366914946851
64.37,0.0255965102747275
64.38,0.0255558804010564
64.39,0.025514801860857
64.4,0.025473274884875
64.41,0.0254312996092919
64.42,0.0253888761690502
64.4299999999999,0.0253460046978529
64.44,0.0253026853207317
64.45,0.0252589178446403
64.46,0.025214702531951
64.47,0.0251700394623397
64.48,0.0251249287095723
64.49,0.0250793703415031
64.5,0.0250333644261226
64.51,0.0249869111832431
64.52,0.0249400105960282
64.53,0.0248926627339547
64.54,0.0248448676629904
64.55,0.0247966254455936
64.5599999999999,0.0247479361422243
64.57,0.0246987998376162
64.58,0.0246492165717064
64.59,0.024599186397525
64.6,0.0245487093650303
64.61,0.0244977855211097
64.62,0.0244464148995297
64.63,0.0243945973909608
64.64,0.0243423330946082
64.65,0.0242896220209703
64.66,0.02423646417519
64.67,0.024182859557055
64.6799999999999,0.0241288081542904
64.69,0.0240743098752481
64.7,0.0240193647368007
64.71,0.0239639727040751
64.72,0.0239081337355909
64.73,0.0238518477832607
64.74,0.0237951147947392
64.75,0.023737934732215
64.76,0.0236803075181155
64.77,0.0236222330818593
64.78,0.0235637113466295
64.79,0.0235047422293731
64.8,0.0234453256402927
64.8099999999999,0.0233854614795466
64.82,0.0233251496471528
64.83,0.0232643900343761
64.84,0.0232031825261748
64.85,0.0231415270012016
64.86,0.0230794233243703
64.87,0.0230168713073429
64.88,0.0229538708322952
64.89,0.0228904217431213
64.9,0.0228265238765123
64.91,0.0227621770619556
64.92,0.0226973811178585
64.9299999999999,0.0226321358345386
64.94,0.022566441030109
64.95,0.0225002965007974
64.96,0.0224337020352092
64.97,0.0223666574143282
64.98,0.0222991624153804
64.99,0.0222312168278485
65,0.0221628204035995
65.01,0.0220939728992738
65.02,0.0220246740645719
65.03,0.0219549236386542
65.04,0.0218847213460723
65.05,0.0218140669184794
65.0599999999999,0.0217429600743995
65.07,0.0216714005250421
65.08,0.021599387987523
65.09,0.0215269221820763
65.1,0.0214540027928182
65.11,0.0213806295105053
65.12,0.0213068020195312
65.13,0.0212325200125744
65.14,0.0211577831763938
65.15,0.0210825911737767
65.16,0.0210069436710921
65.17,0.020930840329141
65.1799999999999,0.0208542808118655
65.19,0.0207772647736404
65.2,0.0206997918582976
65.21,0.020621861707892
65.22,0.0205434739592829
65.23,0.0204646282860917
65.24,0.0203853243231134
65.25,0.0203055616945571
65.26,0.0202253400305308
65.27,0.0201446589574116
65.28,0.0200635181706009
65.29,0.0199819172943061
65.3,0.0198998559643995
65.3099999999999,0.0198173338263241
65.32,0.0197343505280393
65.33,0.019650905722257
65.34,0.0195669990639077
65.35,0.0194826302118166
65.36,0.0193977988297843
65.37,0.019312504586729
65.38,0.0192267471655213
65.39,0.0191405262514406
65.4,0.0190538415331408
65.41,0.0189666927099859
65.42,0.0188790794898727
65.4299999999999,0.0187910016228709
65.44,0.01870245886655
65.45,0.0186134509608556
65.46,0.0185239776770519
65.47,0.0184340388021534
65.48,0.018343634163409
65.49,0.0182527636166983
65.5,0.0181614270015122
65.51,0.0180696241976314
65.52,0.0179773551090139
65.53,0.0178846196710827
65.54,0.017791417853645
65.55,0.0176977496395068
65.5599999999999,0.0176036150483488
65.57,0.0175090141314097
65.58,0.0174139469869137
65.59,0.0173184137847933
65.6,0.0172224146729669
65.61,0.0171259498640365
65.62,0.01702901961295
65.63,0.0169316242381914
65.64,0.016833764211958
65.65,0.0167354399076428
65.66,0.016636651813988
65.67,0.0165374004795938
65.6799999999999,0.0164376865220703
65.69,0.0163375107265273
65.7,0.0162368738171524
65.71,0.0161357766429926
65.72,0.0160342201321738
65.73,0.0159322052948919
65.74,0.0158297332650731
65.75,0.0157268052265879
65.76,0.0156234224711624
65.77,0.0155195863890706
65.78,0.0154152985206317
65.79,0.0153105604853308
65.8,0.0152053740090574
65.8099999999999,0.0150997409453879
65.82,0.0149936633470802
65.83,0.0148871434134857
65.84,0.0147801834099006
65.85,0.0146727857899226
65.86,0.01456495322226
65.87,0.0144566886534943
65.88,0.014347995047891
65.89,0.0142388756309071
65.9,0.014129333809974
65.91,0.014019373002581
65.92,0.0139089970651002
65.9299999999999,0.0137982099755545
65.94,0.0136870159224817
65.95,0.0135754193130605
65.96,0.013463424773772
65.97,0.0133510371590449
65.98,0.013238261556388
65.99,0.013125103722885
66,0.0130115696694915
66.01,0.0128976656011376
66.02,0.0127833981153794
66.03,0.0126687740828989
66.04,0.0125538009440758
66.05,0.0124384863911076
66.0599999999999,0.0123228379047295
66.07,0.0122068638869553
66.08,0.0120905728538564
66.09,0.0119739740948858
66.1,0.0118570769248355
66.11,0.0117398911238261
66.12,0.0116224273852907
66.13,0.0115046970842081
66.14,0.0113867119997051
66.15,0.0112684839270874
66.16,0.0111500258149407
66.17,0.0110313509051927
66.1799999999999,0.0109124724863762
66.19,0.0107934046920835
66.2,0.0106741623122851
66.21,0.0105547608230098
66.22,0.0104352159937309
66.23,0.0103155451931715
66.24,0.0101957661238933
66.25,0.0100758973291448
66.26,0.00995595739655866
66.27,0.00983596641196284
66.28,0.00971594461874812
66.29,0.00959591262095166
66.3,0.00947589191503627
66.3099999999999,0.00935590525823777
66.32,0.00923597569624663
66.33,0.00911612712804553
66.34,0.00899638502217341
66.35,0.00887677530522131
66.36,0.00875732468702238
66.37,0.00863806035453802
66.38,0.00851901091567156
66.39,0.00840020473441336
66.4,0.00828167107855777
66.41,0.00816343989715633
66.42,0.00804554231830608
66.4299999999999,0.00792800948778282
66.44,0.00781087370202214
66.45,0.00769416852432122
66.46,0.00757792784926445
66.47,0.00746218587273137
66.48,0.00734697766862392
66.49,0.00723233905285309
66.5,0.00711830457696796
66.51,0.00700491023029361
66.52,0.00689219198444983
66.53,0.00678018654942067
66.54,0.00666893009529657
66.55,0.00655845940905805
66.5599999999999,0.00644881140569635
66.57,0.00634002298818168
66.58,0.0062321302277701
66.59,0.00612516973056546
66.6,0.00601917739048293
66.61,0.005914188052924
66.62,0.00581023651570941
66.63,0.00570735670287384
66.64,0.00560558174496318
66.65,0.00550494372528557
66.66,0.00540547395601674
66.67,0.00530720260991579
66.6799999999999,0.00521015861455126
66.69,0.00511436956671988
66.7,0.005019861754002
66.71,0.00492665994685427
66.72,0.00483478711514673
66.73,0.00474426467543702
66.74,0.00465511223312057
66.75,0.00456734768741664
66.76,0.00448098676843123
66.77,0.00439604352768169
66.78,0.00431253020572199
66.79,0.00423045665159683
66.8,0.00414983114962426
66.8099999999999,0.0040706598436816
66.82,0.00399294666732962
66.83,0.00391669390553895
66.84,0.00384190158678518
66.85,0.00376856766896527
66.86,0.00369668887817823
66.87,0.00362625939225978
66.88,0.00355727170952139
66.89,0.00348971719386058
66.9,0.003423584902343
66.91,0.00335886250626747
66.92,0.00329553659911144
66.9299999999999,0.0032335919026495
66.94,0.00317301201289844
66.95,0.00311377952808398
66.96,0.00305587566208282
66.97,0.00299928074870938
66.98,0.00294397430032788
66.99,0.00288993487544144
67,0.00283714040776463
67.01,0.0027855682292638
67.02,0.00273519509596176
67.03,0.00268599735102342
67.04,0.00263795097835763
67.05,0.00259103174980929
67.0599999999999,0.00254521527051636
67.07,0.00250047676691313
67.08,0.00245679174652331
67.09,0.00241413569881521
67.1,0.0023724838642052
67.11,0.00233181181176571
67.12,0.00229209542543933
67.13,0.00225331057523416
67.14,0.00221543324603573
67.15,0.0021784400869898
67.16,0.00214230792339744
67.17,0.00210701360406067
67.1799999999999,0.00207253480023398
67.19,0.00203884950030913
67.2,0.00200593571982563
67.21,0.0019737723311574
67.22,0.00194233859088473
67.23,0.0019116139680268
67.24,0.00188157847345591
67.25,0.00185221274622863
67.26,0.0018234977313543
67.27,0.00179541468187017
67.28,0.00176794558756652
67.29,0.00174107280558207
67.3,0.00171477899437948
67.3099999999999,0.001689047456818
67.32,0.00166386190364536
67.33,0.00163920644634954
67.34,0.00161506570588128
67.35,0.00159142475676217
67.36,0.00156826905124762
67.37,0.00154558443639248
67.38,0.00152335728902201
67.39,0.00150157434907945
67.4,0.00148022253795907
67.41,0.00145928939214613
67.42,0.00143876274068445
67.4299999999999,0.00141863086395087
67.44,0.00139888236933041
67.45,0.00137950620609393
67.46,0.00136049169237881
67.47,0.00134182849283868
67.48,0.0013235066156075
67.49,0.0013055164024965
67.5,0.00128784852941456
67.51,0.00127049398802454
67.52,0.00125344408698666
67.53,0.00123669040799705
67.54,0.00122022482724414
67.55,0.00120403952826108
67.5599999999999,0.00118812697071096
67.57,0.00117247992072436
67.58,0.00115709136991151
67.59,0.00114195458480871
67.6,0.00112706310711932
67.61,0.00111241072073787
67.62,0.00109799144660242
67.63,0.00108379955205099
67.64,0.00106982956212045
67.65,0.00105607620334278
67.66,0.0010425344348806
67.67,0.0010291994339877
67.6799999999999,0.0010160665896615
67.69,0.00100313149656587
67.7,0.000990389948730512
67.71,0.000977837923543717
67.72,0.000965471596279744
67.73,0.000953287319400771
67.74,0.000941281623662229
67.75,0.000929451210009629
67.76,0.000917792939738036
67.77,0.000906303833683168
67.78,0.000894981076912646
67.79,0.000883821990072634
67.8,0.000872824039618616
67.8099999999999,0.00086198482230699
67.82,0.000851302062358352
67.83,0.000840773615833631
67.84,0.000830397453096885
67.85,0.000820171652745524
67.86,0.000810094384367289
67.87,0.000800163935961701
67.88,0.000790378680812805
67.89,0.000780737078669037
67.9,0.000771237685230841
67.91,0.000761879115468473
67.92,0.000752660059114172
67.9299999999999,0.000743579270168698
67.94,0.000734635593679455
67.95,0.00072582791580698
67.96,0.000717155160456915
67.97,0.000708616305966239
67.98,0.000700210386055394
67.99,0.000691936485623272
68,0.000683793693143361
68.01,0.000675781137638005
68.02,0.000667897975207285
68.03,0.000660143405507575
68.04,0.000652516614066469
68.05,0.000645016808798975
68.0599999999999,0.000637643204641039
68.07,0.000630395167814448
68.08,0.000623271938399293
68.09,0.000616272788257244
68.1,0.000609397006239025
68.11,0.000602643883197806
68.12,0.00059601270995139
68.13,0.000589502774748817
68.14,0.00058311335932115
68.15,0.000576843784413923
68.16,0.000570693448506987
68.17,0.000564661612318113
68.1799999999999,0.00055874758833403
68.19,0.000552950686389569
68.2,0.000547270208229324
68.21,0.000541705455456693
68.22,0.000536255721275628
68.23,0.000530920290958014
68.24,0.000525698551543607
68.25,0.000520589805953639
68.26,0.000515593354220186
68.27,0.000510708513289855
68.28,0.000505934604617868
68.29,0.000501270952110558
68.3,0.0004967168784841
68.3099999999999,0.000492271710384055
68.32,0.00048793478076164
68.33,0.000483705437363298
68.34,0.000479583015944082
68.35,0.0004755668630942
68.36,0.000471656330528897
68.37,0.000467850866140976
68.38,0.000464149830929519
68.39,0.00046055263375026
68.4,0.000457058699222177
68.41,0.000453667403435593
68.42,0.000450378166891416
68.4299999999999,0.000447190441941243
68.44,0.000444103675695068
68.45,0.00044111733966916
68.46,0.000438230929446236
68.47,0.000435443929673154
68.48,0.000432755850500349
68.49,0.000430166219158928
68.5,0.000427674588239291
68.51,0.000425280517118385
68.52,0.000422983587705219
68.53,0.000420783401228925
68.54,0.00041867953059989
68.55,0.000416671609926774
68.5599999999999,0.000414759282072094
68.57,0.000412942202905808
68.58,0.000411220026874016
68.59,0.000409592426063658
68.6,0.000408059100109197
68.61,0.000406619755688988
68.62,0.000405274108864203
68.63,0.000404021880490353
68.64,0.000402862816789672
68.65,0.00040179667063575
68.66,0.000400823204569782
68.67,0.00039994215685595
68.6799999999999,0.000399153314004185
68.69,0.000398456455542191
68.7,0.000397851367270913
68.71,0.000397337806966373
68.72,0.000396915557653549
68.73,0.000396584405980578
68.74,0.000396344132113205
68.75,0.000396194501455965
68.76,0.000396135266047283
68.77,0.000396166185746702
68.78,0.000396287003464622
68.79,0.000396497438081952
68.8,0.000396797203747841
68.8099999999999,0.000397185994501639
68.82,0.000397663481191132
68.83,0.000398229307132392
68.84,0.000398883098951908
68.85,0.000399624453386753
68.86,0.000400452922822841
68.87,0.000401368036215475
68.88,0.000402369286563142
68.89,0.000403456123613927
68.9,0.000404627945815989
68.91,0.000405884117278937
68.92,0.000407223949719947
68.9299999999999,0.00040864670331297
68.94,0.000410151584272253
68.95,0.000411737742058775
68.96,0.000413404267344116
68.97,0.000415150194894748
68.98,0.000416974488566715
68.99,0.000418876047684019
69,0.000420853707388451
69.01,0.000422906232072911
69.02,0.000425032308885963
69.03,0.000427230551871979
69.04,0.000429499516030047
69.05,0.000431837659639687
69.0599999999999,0.00043424336701316
69.07,0.00043671495550068
69.08,0.000439250671553995
69.09,0.000441848659829984
69.1,0.000444506990907523
69.11,0.000447223699313034
69.12,0.000449996699523163
69.13,0.00045282383714653
69.14,0.000455702895847537
69.15,0.000458631609158544
69.16,0.000461607600897682
69.17,0.000464628436332417
69.1799999999999,0.000467691655142809
69.19,0.000470794704062918
69.2,0.000473934966140782
69.21,0.000477109782062756
69.22,0.000480316479594938
69.23,0.000483552287997864
69.24,0.000486814408864778
69.25,0.000490100031639161
69.26,0.000493406311286245
69.27,0.000496730365295766
69.28,0.000500069302843444
69.29,0.000503420216994493
69.3,0.000506780189752773
69.3099999999999,0.000510146304386318
69.32,0.000513515643925046
69.33,0.000516885297548394
69.34,0.000520252381478427
69.35,0.000523614024956155
69.36,0.000526967383168347
69.37,0.000530309648497331
69.38,0.000533638049793672
69.39,0.000536949860892379
69.4,0.000540242394483036
69.41,0.000543513025795687
69.42,0.00054675918753803
69.4299999999999,0.000549978366194086
69.44,0.000553168124883733
69.45,0.000556326096795212
69.46,0.00055944997456107
69.47,0.00056253754528356
69.48,0.000565586673707956
69.49,0.000568595286521908
69.5,0.000571561418576752
69.51,0.00057448318631972
69.52,0.00057735877737422
69.53,0.000580186489837906
69.54,0.000582964708178982
69.55,0.000585691896162941
69.5599999999999,0.000588366627756291
69.57,0.000590987564745246
69.58,0.000593553441657146
69.59,0.000596063109715846
69.6,0.00059851550424791
69.61,0.000600909640555722
69.62,0.00060324463973157
69.63,0.000605519703842705
69.64,0.0006077341045059
69.65,0.00060988721925214
69.66,0.000611978499438805
69.67,0.000614007469218453
69.6799999999999,0.000615973741640052
69.69,0.000617876998833884
69.7,0.000619716988487058
69.71,0.000621493539022178
69.72,0.000623206545750341
69.73,0.000624855973796274
69.74,0.00062644185038811
69.75,0.000627964261420573
69.76,0.000629423343413083
69.77,0.000630819299408985
69.78,0.000632152375730413
69.79,0.000633422858825538
69.8,0.000634631089406499
69.8099999999999,0.000635777450293992
69.82,0.000636862369914713
69.83,0.00063788630600764
69.84,0.000638849758810158
69.85,0.000639753268140152
69.86,0.000640597398611067
69.87,0.000641382743595241
69.88,0.000642109918444421
69.89,0.000642779568002055
69.9,0.000643392355200425
69.91,0.000643948960539319
69.92,0.000644450080253902
69.9299999999999,0.000644896429120961
69.94,0.000645288748079264
69.95,0.000645627773709587
69.96,0.000645914259159731
69.97,0.000646148971692866
69.98,0.000646332680466712
69.99,0.000646466162429612
70,0.000646550202248456
70.01,0.000646585584397946
70.02,0.000646573095763819
70.03,0.000646513529005547
70.04,0.000646407671378396
70.05,0.000646256309145346
70.0599999999999,0.000646060232885794
70.07,0.00064582022595821
70.08,0.000645537066620489
70.09,0.000645211535311161
70.1,0.000644844406800935
70.11,0.000644436447082056
70.12,0.000643988419978121
70.13,0.000643501084178682
70.14,0.000642975188894171
70.15,0.000642411476793638
70.16,0.000641810682241933
70.17,0.000641173530996547
70.1799999999999,0.000640500740920466
70.19,0.000639793025776888
70.2,0.000639051084257328
70.21,0.000638275608408825
70.22,0.000637467289570447
70.23,0.000636626802067217
70.24,0.000635754814164111
70.25,0.000634851981957654
70.26,0.000633918954961738
70.27,0.000632956372075839
70.28,0.000631964862812445
70.29,0.00063094504625203
70.3,0.000629897531276126
70.3099999999999,0.00062882292079093
70.32,0.000627721807761296
70.33,0.000626594773389408
70.34,0.000625442391432104
70.35,0.000624265227487081
70.36,0.000623063836734737
70.37,0.000621838765819253
70.38,0.000620590551691594
70.39,0.000619319723197442
70.4,0.000618026800019776
70.41,0.000616712294641986
70.42,0.00061537670953039
70.4299999999999,0.000614020539136973
70.44,0.000612644270506858
70.45,0.000611248382159828
70.46,0.000609833344482283
70.47,0.000608399619862718
70.48,0.000606947662771557
70.49,0.000605477920239869
70.5,0.000603990831822346
70.51,0.000602486830138515
70.52,0.00060096633977979
70.53,0.00059942977842662
70.54,0.000597877557658596
70.55,0.0005963100820889
70.5599999999999,0.000594727749207369
70.57,0.000593130950311631
70.58,0.0005915200690493
70.59,0.000589895484042489
70.6,0.000588257567298446
70.61,0.000586606684392027
70.62,0.000584943193952204
70.63,0.000583267449755956
70.64,0.000581579799230726
70.65,0.000579880584952247
70.66,0.000578170143890164
70.67,0.000576448806921925
70.6799999999999,0.000574716899981925
70.69,0.000572974744093776
70.7,0.000571222655085659
70.71,0.000569460943985981
70.72,0.000567689916359577
70.73,0.000565909870433105
70.74,0.000564121102659976
70.75,0.00056232390351222
70.76,0.000560518558702084
70.77,0.000558705349203904
70.78,0.000556884551279961
70.79,0.000555056436616718
70.8,0.000553221274379076
70.8099999999999,0.000551379331489734
70.82,0.000549530867099836
70.83,0.000547676138216425
70.84,0.000545815397063204
70.85,0.000543948888561429
70.86,0.000542076858876759
70.87,0.000540199548517323
70.88,0.000538317194232817
70.89,0.000536430028773094
70.9,0.00053453828165639
70.91,0.000532642178702603
70.92,0.000530741942233126
70.9299999999999,0.000528837786085492
70.94,0.000526929925428532
70.95,0.000525018570150894
70.96,0.00052310392619129
70.97,0.000521186202804794
70.98,0.000519265601197998
70.99,0.000517342319089134
71,0.000515416552522713
71.01,0.000513488493285435
71.02,0.000511558330781149
71.03,0.000509626252729507
71.04,0.000507692443679659
71.05,0.000505757082878484
71.0599999999999,0.000503820345133937
71.07,0.000501882406415572
71.08,0.000499943437889236
71.09,0.000498003608460972
71.1,0.000496063085581325
71.11,0.000494122031281559
71.12,0.000492180605805205
71.13,0.000490238966618198
71.14,0.0004882972705128
71.15,0.000486355671089604
71.16,0.000484414318147844
71.17,0.000482473359866045
71.1799999999999,0.000480532942080782
71.19,0.00047859320710738
71.2,0.000476654296271103
71.21,0.000474716348254235
71.22,0.000472779499447914
71.23,0.000470843883738759
71.24,0.000468909631785613
71.25,0.000466976873566678
71.26,0.00046504573628434
71.27,0.000463116344977056
71.28,0.000461188822436106
71.29,0.00045926328933584
71.3,0.000457339864382754
71.3099999999999,0.00045541866416464
71.32,0.000453499803238019
71.33,0.000451583393511807
71.34,0.00044966954547834
71.35,0.000447758367559377
71.36,0.000445849966132718
71.37,0.00044394444563723
71.38,0.000442041908671786
71.39,0.000440142455818546
71.4,0.000438246185828716
71.41,0.000436353195603643
71.42,0.000434463580646484
71.4299999999999,0.000432577434828487
71.44,0.000430694849610678
71.45,0.000428815915075846
71.46,0.000426940719639154
71.47,0.000425069349981568
71.48,0.000423201890460244
71.49,0.000421338424818125
71.5,0.000419479034820399
71.51,0.000417623800659128
71.52,0.000415772800978246
71.53,0.000413926111511989
71.54,0.000412083807706796
71.55,0.000410245963428261
71.5599999999999,0.000408412650773573
71.57,0.000406583940311287
71.58,0.000404759901383172
71.59,0.000402940601945531
71.6,0.00040112610806078
71.61,0.00039931648457883
71.62,0.000397511794947161
71.63,0.00039571210130992
71.64,0.00039391746502656
71.65,0.000392127945331786
71.66,0.000390343600484145
71.67,0.000388564487481628
71.6799999999999,0.000386790662085091
71.69,0.000385022177376314
71.7,0.000383259086533058
71.71,0.00038150144144352
71.72,0.000379749292517612
71.73,0.00037800268893412
71.74,0.000376261678531372
71.75,0.000374526307901027
71.76,0.000372796622629198
71.77,0.000371072667024234
71.78,0.000369354484221618
71.79,0.000367642116467178
71.8,0.000365935606709328
71.8099999999999,0.000364234994081081
71.82,0.000362540317766693
71.83,0.000360851615950413
71.84,0.000359168925837776
71.85,0.000357492283258815
71.86,0.000355821722372886
71.87,0.000354157277847099
71.88,0.000352498982764996
71.89,0.000350846869266831
71.9,0.000349200968565802
71.91,0.000347561309287651
71.92,0.00034592791881306
71.9299999999999,0.000344300826004223
71.94,0.000342680057463002
71.95,0.000341065638767571
71.96,0.000339457594476033
71.97,0.00033785595230372
71.98,0.000336260736693153
71.99,0.000334671969249144
72,0.000333089672395102
72.01,0.000331513867866545
72.02,0.000329944576736684
72.03,0.00032838181582917
72.04,0.00032682560432304
72.05,0.000325275960409095
72.0599999999999,0.000323732900893374
72.07,0.000322196441695157
72.08,0.000320666599871633
72.09,0.000319143389360196
72.1,0.000317626824086777
72.11,0.000316116917266103
72.12,0.000314613681638252
72.13,0.000313117131846965
72.14,0.000311627278584948
72.15,0.000310144133282365
72.16,0.000308667706896038
72.17,0.00030719800921509
72.1799999999999,0.000305735047411499
72.19,0.000304278831403803
72.2,0.00030282936922601
72.21,0.00030138666832112
72.22,0.000299950734515841
72.23,0.000298521571995405
72.24,0.000297099186465412
72.25,0.000295683581899418
72.26,0.000294274761484684
72.27,0.000292872730344188
72.28,0.000291477492981957
72.29,0.000290089050567465
72.3,0.000288707405252324
72.3099999999999,0.000287332558773134
72.32,0.000285964511984981
72.33,0.000284603265616843
72.34,0.000283248820182906
72.35,0.000281901175685133
72.36,0.000280560331768151
72.37,0.000279226285458315
72.38,0.000277899035440252
72.39,0.000276578579718251
72.4,0.000275264915545435
72.41,0.000273958039694852
72.42,0.00027265794888378
72.4299999999999,0.000271364638856009
72.44,0.000270078105084534
72.45,0.00026879834259563
72.46,0.000267525345970775
72.47,0.000266259110391575
72.48,0.000264999629536162
72.49,0.000263746896965951
72.5,0.000262500905958575
72.51,0.000261261649443567
72.52,0.000260029120467381
72.53,0.000258803311364143
72.54,0.000257584214188055
72.55,0.000256371820789188
72.5599999999999,0.000255166122756722
72.57,0.000253967110483901
72.58,0.000252774774712227
72.59,0.000251589106133899
72.6,0.000250410094903866
72.61,0.00024923773088475
72.62,0.000248072003492758
72.63,0.00024691290191464
72.64,0.00024576041514462
72.65,0.000244614531827877
72.66,0.000243475240325046
72.67,0.000242342528686313
72.6799999999999,0.000241216384683431
72.69,0.000240096795844222
72.7,0.000238983749407142
72.71,0.000237877232341078
72.72,0.000236777232058348
72.73,0.000235683736119705
72.74,0.000234596730686597
72.75,0.000233516202331835
72.76,0.00023244213749769
72.77,0.000231374521720091
72.78,0.000230313339539341
72.79,0.00022925857745858
72.8,0.000228210220858855
72.8099999999999,0.000227168254943564
72.82,0.000226132664743561
72.83,0.000225103434912352
72.84,0.0002240805499314
72.85,0.000223063994377693
72.86,0.000222053752518628
72.87,0.000221049808453959
72.88,0.000220052146119472
72.89,0.000219060749666569
72.9,0.000218075602879387
72.91,0.000217096689231694
72.92,0.000216123992209144
72.9299999999999,0.000215157495179422
72.94,0.000214197181397823
72.95,0.000213243033669805
72.96,0.0002122950350251
72.97,0.000211353168368407
72.98,0.000210417416438105
72.99,0.000209487761868177
73,0.000208564187192446
73.01,0.000207646674825515
73.02,0.000206735207118632
73.03,0.000205829766325325
73.04,0.000204930334613996
73.05,0.000204036894072849
73.0599999999999,0.000203149426713011
73.07,0.000202267914462216
73.08,0.000201392339196385
73.09,0.000200522682720991
73.1,0.00019965892678143
73.11,0.000198801053067133
73.12,0.000197949043147318
73.13,0.000197102878338139
73.14,0.000196262540255166
73.15,0.000195428010316315
73.16,0.00019459926988895
73.17,0.000193776300292902
73.1799999999999,0.000192959082698555
73.19,0.000192147598187368
73.2,0.000191341828047948
73.21,0.000190541753402902
73.22,0.000189747355337893
73.23,0.00018895861490444
73.24,0.00018817551312268
73.25,0.000187398030984165
73.26,0.000186626149454651
73.27,0.000185859850171367
73.28,0.000185099113810641
73.29,0.000184343921302541
73.3,0.000183594253640135
73.3099999999999,0.000182850091816625
73.32,0.000182111416828734
73.33,0.000181378209680109
73.34,0.000180650451384688
73.35,0.000179928122780323
73.36,0.000179211204631452
73.37,0.000178499678174335
73.38,0.000177793524430066
73.39,0.000177092724438777
73.4,0.000176397259262609
73.41,0.000175707109988675
73.42,0.000175022257732027
73.4299999999999,0.000174342683638622
73.44,0.000173668367770848
73.45,0.000172999291736045
73.46,0.000172335436753271
73.47,0.000171676783955981
73.48,0.00017102331450399
73.49,0.000170375009585437
73.5,0.000169731850418797
73.51,0.000169093818254866
73.52,0.000168460894353758
73.53,0.000167833059999341
73.54,0.000167210296574176
73.55,0.000166592585469235
73.5599999999999,0.000165979908116676
73.57,0.000165372245991781
73.58,0.000164769580614899
73.59,0.000164171893553361
73.6,0.000163579166423429
73.61,0.00016299138114473
73.62,0.000162408519350156
73.63,0.000161830562822184
73.64,0.000161257493429746
73.65,0.000160689293104777
73.66,0.000160125943844373
73.67,0.000159567427712945
73.6799999999999,0.000159013726844378
73.69,0.000158464823147724
73.7,0.000157920698449301
73.71,0.000157381335379322
73.72,0.000156846716263221
73.73,0.000156316823493654
73.74,0.000155791639531967
73.75,0.000155271146909689
73.76,0.000154755328230016
73.77,0.000154244166169294
73.78,0.000153737643171071
73.79,0.000153235742193975
73.8,0.000152738446147496
73.8099999999999,0.000152245737983818
73.82,0.000151757600732539
73.83,0.00015127401750203
73.84,0.000150794971480768
73.85,0.000150320445938691
73.86,0.000149850424228556
73.87,0.00014938488978727
73.88,0.000148923826313024
73.89,0.000148467217407122
73.9,0.000148015046724412
73.91,0.000147567298075388
73.92,0.000147123955363808
73.9299999999999,0.000146685002588145
73.94,0.000146250423843038
73.95,0.00014582020332075
73.96,0.000145394325312604
73.97,0.000144972774210444
73.98,0.000144555533991888
73.99,0.000144142588930915
74,0.000143733924060105
74.01,0.000143329524091
74.02,0.000142929373833042
74.03,0.000142533458194599
74.04,0.000142141762183981
74.05,0.000141754270910463
74.0599999999999,0.000141370969585299
74.07,0.000140991843522747
74.08,0.000140616877875198
74.09,0.00014024605760277
74.1,0.000139879368739695
74.11,0.000139516796940403
74.12,0.000139158327958975
74.13,0.000138803947649793
74.14,0.000138453641968188
74.15,0.000138107396971087
74.16,0.000137765198817661
74.17,0.000137427033769972
74.1799999999999,0.00013709288830365
74.19,0.000136762749804913
74.2,0.000136436604276998
74.21,0.000136114438489414
74.22,0.000135796239327109
74.23,0.000135481993791528
74.24,0.000135171689001667
74.25,0.00013486531219514
74.26,0.000134562850729239
74.27,0.000134264292081994
74.28,0.000133969623853235
74.29,0.000133678833179368
74.3,0.000133391908198847
74.3099999999999,0.000133108836868055
74.32,0.000132829607227655
74.33,0.000132554207439748
74.34,0.000132282625788688
74.35,0.0001320148506819
74.36,0.000131750870650701
74.37,0.000131490674351115
74.38,0.00013123425056469
74.39,0.000130981586837395
74.4,0.00013073267241838
74.41,0.000130487496710631
74.42,0.000130246048836417
74.4299999999999,0.000130008318030578
74.44,0.0001297742936406
74.45,0.000129543965126707
74.46,0.000129317322061931
74.47,0.000129094354132194
74.48,0.000128875051136396
74.49,0.00012865940397884
74.5,0.000128447403053392
74.51,0.000128239037951785
74.52,0.000128034299069066
74.53,0.000127833176927208
74.54,0.000127635662175738
74.55,0.000127441745592373
74.5599999999999,0.000127251418083647
74.57,0.000127064670685542
74.58,0.000126881494564123
74.59,0.000126701881016161
74.6,0.000126525821963655
74.61,0.000126353309235046
74.62,0.000126184334198148
74.63,0.000126018888756136
74.64,0.000125856964953364
74.65,0.000125698554976291
74.66,0.000125543651154408
74.67,0.000125392245961168
74.6799999999999,0.000125244332014912
74.69,0.000125099902079799
74.7,0.000124958949066735
74.71,0.000124821464403201
74.72,0.000124687440082593
74.73,0.000124556870738618
74.74,0.00012442974960066
74.75,0.00012430607002314
74.76,0.000124185825485376
74.77,0.000124069009591432
74.78,0.000123955616069977
74.79,0.000123845638774138
74.8,0.000123739071681357
74.8099999999999,0.000123635908893243
74.82,0.00012353614538088
74.83,0.000123439776225896
74.84,0.000123346795207414
74.85,0.000123257197061492
74.86,0.000123170976660864
74.87,0.000123088129015334
74.88,0.000123008649272172
74.89,0.000122932532716507
74.9,0.000122859774771724
74.91,0.000122790370999857
74.92,0.000122724317101984
74.9299999999999,0.00012266160973402
74.94,0.000122602245910735
74.95,0.000122546220847964
74.96,0.000122493530975371
74.97,0.000122444172879684
74.98,0.000122398143305746
74.99,0.000122355439157563
75,0.000122316057499357
75.01,0.000122279995556613
75.02,0.000122247250717135
75.03,0.000122217820532092
75.04,0.000122191701605998
75.05,0.000122168890019721
75.0599999999999,0.000122149385296939
75.07,0.000122133185396189
75.08,0.000122120288420139
75.09,0.00012211069261563
75.1,0.00012210439637373
75.11,0.000122101398229779
75.12,0.000122101696863438
75.13,0.000122105291098734
75.14,0.000122112179904112
75.15,0.000122122362398178
75.16,0.000122135837850094
75.17,0.000122152605652713
75.1799999999999,0.000122172665354112
75.19,0.000122196016647173
75.2,0.000122222659369626
75.21,0.00012225259350411
75.22,0.000122285819178224
75.23,0.000122322336664581
75.24,0.000122362146380863
75.25,0.000122405248889872
75.26,0.000122451646336376
75.27,0.000122501343013934
75.28,0.000122554336773557
75.29,0.000122610628995823
75.3,0.000122670221224056
75.3099999999999,0.000122733115164925
75.32,0.000122799312689046
75.33,0.000122868815831585
75.34,0.00012294162679286
75.35,0.000123017747938939
75.36,0.000123097181802245
75.37,0.000123179931082157
75.38,0.00012326599864561
75.39,0.000123355387527699
75.4,0.000123448100932279
75.41,0.000123544142427699
75.42,0.000123643515591581
75.4299999999999,0.000123746224020387
75.44,0.000123852271614134
75.45,0.000123961662445699
75.46,0.000124074400761459
75.47,0.000124190490981928
75.48,0.000124309937702382
75.49,0.000124432745693509
75.5,0.000124558919902035
75.51,0.000124688465451364
75.52,0.000124821387642212
75.53,0.000124957691953244
75.54,0.000125097384041709
75.55,0.000125240469744076
75.5599999999999,0.000125386951867685
75.57,0.000125536838289411
75.58,0.000125690135704897
75.59,0.000125846850513655
75.6,0.000126006989286125
75.61,0.000126170558763954
75.62,0.000126337565860282
75.63,0.00012650801766002
75.64,0.000126681921420126
75.65,0.000126859284569893
75.66,0.000127040114711224
75.67,0.000127224419618913
75.6799999999999,0.000127412207240928
75.69,0.000127603485698689
75.7,0.000127798264216482
75.71,0.000127996556643294
75.72,0.000128198367326498
75.73,0.000128403705361628
75.74,0.000128612580039519
75.75,0.000128825000847224
75.76,0.00012904097746895
75.77,0.000129260519786978
75.78,0.000129483637882599
75.79,0.000129710342037037
75.8,0.000129940642732376
75.8099999999999,0.000130174550652493
75.82,0.000130412076683982
75.83,0.000130653231917081
75.84,0.000130898027646605
75.85,0.000131146476510014
75.86,0.000131398591041794
75.87,0.000131654382023109
75.88,0.000131913861689053
75.89,0.000132177042492135
75.9,0.00013244393710347
75.91,0.000132714558413958
75.92,0.000132988919535472
75.9299999999999,0.000133267033802047
75.94,0.00013354891477106
75.95,0.000133834576224416
75.96,0.000134124032169738
75.97,0.000134417296841549
75.98,0.000134714384702456
75.99,0.000135015310444339
76,0.000135320082773825
76.01,0.00013562871874
76.02,0.000135941235319991
76.03,0.000136257647771018
76.04,0.000136577971559345
76.05,0.000136902222360648
76.0599999999999,0.00013723041606039
76.07,0.000137562568754196
76.08,0.000137898696748213
76.09,0.000138238816559495
76.1,0.000138582944916372
76.11,0.000138931098758813
76.12,0.000139283295238808
76.13,0.000139639551720738
76.14,0.000139999885979185
76.15,0.000140364322909982
76.16,0.000140732875332067
76.17,0.000141105561757246
76.1799999999999,0.000141482400933349
76.19,0.000141863411845291
76.2,0.000142248613716134
76.21,0.000142638026008159
76.22,0.000143031668423927
76.23,0.000143429560907334
76.24,0.000143831723644692
76.25,0.000144238177065781
76.26,0.000144648941844917
76.27,0.000145064038902017
76.28,0.000145483489403664
76.29,0.000145907318766635
76.3,0.000146335555405533
76.3099999999999,0.000146768214494998
76.32,0.000147205318746799
76.33,0.000147646891164755
76.34,0.000148092955047079
76.35,0.000148543533988693
76.36,0.000148998651883552
76.37,0.000149458332926983
76.38,0.000149922601618005
76.39,0.000150391482761654
76.4,0.000150865001471314
76.41,0.000151343183171042
76.42,0.000151826053597895
76.4299999999999,0.000152313638804257
76.44,0.000152805956275208
76.45,0.000153303032715196
76.46,0.000153804899342042
76.47,0.000154311582867129
76.48,0.000154823110283575
76.49,0.000155339508867166
76.5,0.000155860806177259
76.51,0.000156387030057701
76.52,0.000156918208637745
76.53,0.000157454370332962
76.54,0.000157995543846161
76.55,0.000158541758168298
76.5599999999999,0.000159093042579398
76.57,0.000159649426649469
76.58,0.000160210940239406
76.59,0.000160777611238235
76.6,0.000161349471456652
76.61,0.000161926551728616
76.62,0.000162508882981817
76.63,0.000163096496431842
76.64,0.000163689423582864
76.65,0.000164287696228318
76.66,0.000164891346451588
76.67,0.000165500406626682
76.6799999999999,0.000166114909418915
76.69,0.000166734887785598
76.7,0.000167360374976698
76.71,0.000167991404535544
76.72,0.000168628010299498
76.73,0.000169270230566168
76.74,0.000169918116575564
76.75,0.000170571690979147
76.76,0.0001712309903603
76.77,0.000171896051745854
76.78,0.000172566912612614
76.79,0.000173243610893886
76.8,0.000173926184985996
76.8099999999999,0.000174614673754819
76.82,0.000175309116542307
76.83,0.000176009553172996
76.84,0.000176716023960555
76.85,0.000177428552414768
76.86,0.000178147186011333
76.87,0.000178871968497069
76.88,0.000179602940662085
76.89,0.000180340143678263
76.9,0.000181083619100314
76.91,0.000181833408866835
76.92,0.000182589555301362
76.9299999999999,0.000183352101113428
76.94,0.000184121089399625
76.95,0.000184896563644638
76.96,0.000185678561927332
76.97,0.000186467122628301
76.98,0.000187262296095045
76.99,0.000188064126341592
77,0.000188872657679869
77.01,0.000189687934716962
77.02,0.000190510002352393
77.03,0.000191338905775381
77.04,0.000192174690462115
77.05,0.000193017402173013
77.0599999999999,0.000193867086949998
77.07,0.000194723791854586
77.08,0.000195587593711764
77.09,0.000196458523069653
77.1,0.000197336630345193
77.11,0.000198221966608919
77.12,0.000199114583601571
77.13,0.000200014533750645
77.14,0.000200921870186988
77.15,0.000201836646761367
77.16,0.000202758917217423
77.17,0.000203688719514333
77.1799999999999,0.000204626119226147
77.19,0.000205571171294461
77.2,0.000206523931233918
77.21,0.000207484455137328
77.22,0.000208452799680749
77.23,0.000209429022128561
77.24,0.00021041318033859
77.25,0.000211405330559319
77.26,0.000212405502259233
77.27,0.000213413771365148
77.28,0.000214430194700851
77.29,0.000215454829303174
77.3,0.000216487732406825
77.3099999999999,0.000217528961429217
77.32,0.000218578573955302
77.33,0.000219636627722381
77.34,0.000220703181810912
77.35,0.000221778306872498
77.36,0.000222862055906003
77.37,0.000223954489569354
77.38,0.000225055668959557
77.39,0.0002261656556201
77.4,0.000227284511548344
77.41,0.000228412303393806
77.42,0.000229549130364605
77.4299999999999,0.000230695041226656
77.44,0.00023185010711626
77.45,0.000233014400726134
77.46,0.000234187996379074
77.47,0.000235370970101549
77.48,0.000236563392995026
77.49,0.000237765295846514
77.5,0.000238976780229272
77.51,0.000240197920056374
77.52,0.00024142878998137
77.53,0.000242669465398285
77.54,0.000243920022441619
77.55,0.000245180467175462
77.5599999999999,0.000246450905594388
77.57,0.000247731406969398
77.58,0.000249022039453896
77.59,0.000250322871008868
77.6,0.000251633969402858
77.61,0.000252955445645784
77.62,0.00025428736168428
77.63,0.000255629785064855
77.64,0.000256982791094629
77.65,0.000258346455606668
77.66,0.000259720854959985
77.67,0.000261106100798312
77.6799999999999,0.000262502280509338
77.69,0.000263909466120492
77.7,0.000265327744676476
77.71,0.000266757204500715
77.72,0.000268197935195338
77.73,0.000269650016045886
77.74,0.000271113527923316
77.75,0.000272588569654117
77.76,0.000274075232007634
77.77,0.000275573606680589
77.78,0.000277083786297073
77.79,0.000278605835085565
77.8,0.000280139778577908
77.8099999999999,0.000281685743049172
77.82,0.000283243809300902
77.83,0.000284814057659105
77.84,0.000286396567974301
77.85,0.000287991432556088
77.86,0.000289598815051099
77.87,0.000291218757171003
77.88,0.000292851351221201
77.89,0.000294496690347896
77.9,0.000296154868538093
77.91,0.000297825980619596
77.92,0.000299510185937729
77.9299999999999,0.000301207550932191
77.94,0.000302918180054396
77.95,0.000304642179445527
77.96,0.000306379656712011
77.97,0.000308130720925493
77.98,0.000309895468979594
77.99,0.000311673933723657
78,0.000313466268210053
78.01,0.000315272575944098
78.02,0.00031709296093668
78.03,0.000318927527704258
78.04,0.000320776381268861
78.05,0.00032263960909048
78.0599999999999,0.000324517281559881
78.07,0.000326409524503582
78.08,0.000328316437727989
78.09,0.000330238120946105
78.1,0.000332174673777502
78.11,0.000334126195748286
78.12,0.00033609284794309
78.13,0.000338074773816746
78.14,0.000340072044036748
78.15,0.000342084773654935
78.16,0.000344113078926709
78.17,0.000346157077311027
78.1799999999999,0.000348216887470409
78.19,0.000350292630937586
78.2,0.00035238442893039
78.21,0.000354492403453389
78.22,0.000356616678295501
78.23,0.000358757378474267
78.24,0.00036091463023593
78.25,0.000363088561055385
78.26,0.000365279207186384
78.27,0.000367486725125839
78.28,0.000369711244060981
78.29,0.000371952882948985
78.3,0.000374211760910446
78.3099999999999,0.000376487997229382
78.32,0.000378781712044431
78.33,0.000381093042189477
78.34,0.000383422099113369
78.35,0.000385769004844272
78.36,0.000388133881751113
78.37,0.000390516852543657
78.38,0.000392918040272457
78.39,0.000395337583636801
78.4,0.000397775667832452
78.41,0.000400232385608411
78.42,0.000402707871075957
78.4299999999999,0.000405202259497955
78.44,0.000407715687288871
78.45,0.000410248292014713
78.46,0.000412800199627846
78.47,0.000415371531136519
78.48,0.000417962438154966
78.49,0.000420573058460696
78.5,0.000423203530620653
78.51,0.000425853993991237
78.52,0.000428524588718302
78.53,0.00043121541464685
78.54,0.000433926593511315
78.55,0.00043665828233817
78.5599999999999,0.00043941061489744
78.57,0.000442183724974254
78.58,0.000444977746368792
78.59,0.000447792812896372
78.6,0.000450629098294707
78.61,0.000453486734696333
78.62,0.0004563658520773
78.63,0.000459266591198359
78.64,0.000462189093386732
78.65,0.000465133500536106
78.66,0.000468099955106635
78.67,0.000471088600998472
78.6799999999999,0.000474099581455624
78.69,0.000477133040682111
78.7,0.000480189123511264
78.71,0.000483267975351068
78.72,0.000486369742184109
78.73,0.000489494570567523
78.74,0.000492642568842771
78.75,0.000495813887170558
78.76,0.000499008678512905
78.77,0.000502227085636472
78.78,0.000505469251414711
78.79,0.000508735318827871
78.8,0.000512025430962991
78.8099999999999,0.000515339721780986
78.82,0.000518678330106779
78.83,0.000522041403030384
78.84,0.000525429082099159
78.85,0.000528841508814022
78.86,0.000532278824629396
78.87,0.000535741170953321
78.88,0.00053922868552332
78.89,0.000542741503348437
78.9,0.000546279768372372
78.91,0.000549843620112116
78.92,0.000553433197880915
78.9299999999999,0.000557048640788266
78.94,0.000560690080507751
78.95,0.000564357644984744
78.96,0.00056805147730829
78.97,0.00057177171263633
78.98,0.000575518485634458
78.99,0.000579291930476051
79,0.000583092172018068
79.01,0.000586919332254135
79.02,0.00059077354869232
79.03,0.00059465494999067
79.04,0.000598563663989639
79.05,0.00060249981771209
79.0599999999999,0.000606463527358113
79.07,0.000610454907532719
79.08,0.000614474087478411
79.09,0.000618521187204667
79.1,0.000622596325560957
79.11,0.000626699620236666
79.12,0.000630831175096705
79.13,0.000634991093993297
79.14,0.000639179496175701
79.15,0.000643396490264759
79.16,0.000647642183317288
79.17,0.000651916680826084
79.1799999999999,0.00065622007086606
79.19,0.000660552443753832
79.2,0.000664913905625792
79.21,0.000669304550518233
79.22,0.000673724470430304
79.23,0.000678173755323928
79.24,0.00068265247571309
79.25,0.00068716070450479
79.26,0.0006916985278614
79.27,0.000696266019175594
79.28,0.000700863248460632
79.29,0.00070549028225935
79.3,0.000710147183553137
79.3099999999999,0.000714834005485034
79.32,0.000719550801906142
79.33,0.000724297625179206
79.34,0.000729074521180996
79.35,0.000733881531494412
79.36,0.000738718693300544
79.37,0.000743586039270975
79.38,0.000748483590455914
79.39,0.000753411370054161
79.4,0.000758369396517007
79.41,0.00076335768150578
79.42,0.000768376231365522
79.4299999999999,0.000773425047000987
79.44,0.000778504123752674
79.45,0.000783613439280203
79.46,0.00078875297962721
79.47,0.000793922721642086
79.48,0.000799122634338444
79.49,0.000804352680149057
79.5,0.000809612814777936
79.51,0.000814902987052564
79.52,0.000820223124093686
79.53,0.00082557316559668
79.54,0.000830953036621345
79.55,0.000836362653946442
79.5599999999999,0.000841801926308834
79.57,0.000847270754230288
79.58,0.000852769029330623
79.59,0.000858296625185591
79.6,0.000863853420588249
79.61,0.000869439279593946
79.62,0.000875054056897126
79.63,0.000880697597640333
79.64,0.000886369737223387
79.65,0.00089207029945018
79.66,0.000897799088825671
79.67,0.000903555914660366
79.6799999999999,0.000909340569153784
79.69,0.000915152833464713
79.7,0.000920992477498682
79.71,0.000926859259695775
79.72,0.000932752922467318
79.73,0.000938673185914521
79.74,0.000944619778630767
79.75,0.000950592407357287
79.76,0.000956590765762284
79.77,0.000962614534194579
79.78,0.000968663379437259
79.79,0.000974736950649478
79.8,0.000980834879166262
79.8099999999999,0.000986956792568528
79.82,0.000993102298589952
79.83,0.000999270989827968
79.84,0.00100546244347667
79.85,0.00101167622105942
79.86,0.00101791187034956
79.87,0.00102416892332387
79.88,0.00103044689188053
79.89,0.00103674527321721
79.9,0.00104306354767336
79.91,0.00104940117847205
79.92,0.00105575761146182
79.9299999999999,0.00106213227280257
79.94,0.00106852457144384
79.95,0.00107493390008504
79.96,0.00108135963171045
79.97,0.00108780112052649
79.98,0.00109425770169662
79.99,0.00110072869107646
80,0.0011072133782513
80.01,0.00111371103761236
80.02,0.00112022092623429
80.03,0.00112674227795087
80.04,0.00113327430565812
80.05,0.0011398162010307
80.0599999999999,0.00114636713423842
80.07,0.00115292626762626
80.08,0.00115949272804056
80.09,0.00116606561941185
80.1,0.00117264402687702
80.11,0.00117922701319044
80.12,0.00118581361847326
80.13,0.00119240285996236
80.14,0.00119899379508255
80.15,0.00120558538390235
80.16,0.00121217657867242
80.17,0.00121876631769229
80.1799999999999,0.00122535351724194
80.19,0.00123193707145811
80.2,0.00123851585221049
80.21,0.00124508880309765
80.22,0.00125165471980561
80.23,0.00125821242061106
80.24,0.00126476070692404
80.25,0.00127129836003195
80.26,0.0012778241411407
80.27,0.00128433679070414
80.28,0.00129083501366685
80.29,0.00129731751765777
80.3,0.00130378298096011
80.3099999999999,0.00131023006153197
80.32,0.00131665739701923
80.33,0.00132306360476825
80.34,0.00132944730447634
80.35,0.00133580723087218
80.36,0.00134214187803354
80.37,0.00134844981564397
80.38,0.00135472959810291
80.39,0.00136097976484885
80.4,0.00136719884068251
80.41,0.00137338537852057
80.42,0.0013795380419279
80.4299999999999,0.00138565527557055
80.44,0.00139173560597076
80.45,0.00139777755655268
80.46,0.00140377964869285
80.47,0.00140974041169131
80.48,0.00141565837383734
80.49,0.00142153205604965
80.5,0.00142735998718325
80.51,0.00143314070017078
80.52,0.00143887273313552
80.53,0.00144455466180836
80.54,0.00145018503715097
80.55,0.00145576242529145
80.5599999999999,0.00146128540737219
80.57,0.00146675257712269
80.58,0.00147216256608107
80.59,0.0014775141697349
80.6,0.0014828059843232
80.61,0.0014880367183217
80.62,0.00149320510812496
80.63,0.00149830991996083
80.64,0.00150335002131785
80.65,0.00150832434104207
80.66,0.00151323173168595
80.67,0.00151807114716669
80.6799999999999,0.001522841589204
80.69,0.00152754210984067
80.7,0.00153217184895706
80.71,0.0015367299729747
80.72,0.00154121570444719
80.73,0.00154562833609988
80.74,0.0015499672259384
80.75,0.00155423180366822
80.76,0.00155842163933062
80.77,0.00156253628374788
80.78,0.00156657540273533
80.79,0.00157053874433279
80.8,0.00157442614175211
80.8099999999999,0.00157823754488971
80.82,0.00158197302830591
80.83,0.00158563268633957
80.84,0.00158921674814018
80.85,0.0015927255472028
80.86,0.00159615952463779
80.87,0.00159951920919954
80.88,0.00160280525688593
80.89,0.00160601845002673
80.9,0.0016091596819836
80.91,0.00161222996825668
80.92,0.0016152304496246
80.9299999999999,0.00161816228715151
80.94,0.00162102688862751
80.95,0.00162382575016536
80.96,0.00162656049495372
80.97,0.0016292328683666
80.98,0.00163184472693236
80.99,0.00163439809566344
81,0.00163689512155528
81.01,0.00163933808918133
81.02,0.00164172934277983
81.03,0.00164407138387652
81.04,0.00164636690217609
81.05,0.00164861869165811
81.0599999999999,0.00165082968206854
81.07,0.00165300271830683
81.08,0.00165514101326143
81.09,0.00165724783052249
81.1,0.00165932654871486
81.11,0.00166138063141633
81.12,0.00166341356390198
81.13,0.00166542908929345
81.14,0.00166743100050607
81.15,0.00166942319556091
81.16,0.00167140960275255
81.17,0.00167339426150553
81.1799999999999,0.00167538135692564
81.19,0.00167737513195948
81.2,0.00167937991443295
81.21,0.0016813998898411
81.22,0.00168343954991587
81.23,0.00168550338091544
81.24,0.00168759591481774
81.25,0.00168972169514995
81.26,0.00169188519223367
81.27,0.0016940910814472
81.28,0.00169634399433396
81.29,0.00169864857971838
81.3,0.00170100944279019
81.3099999999999,0.00170343119796251
81.32,0.00170591849843788
81.33,0.0017084759594878
81.34,0.00171110817594131
81.35,0.00171381972716705
81.36,0.00171661514782068
81.37,0.00171949893644042
81.38,0.0017224755467267
81.39,0.00172554938301964
81.4,0.00172872479994166
81.41,0.00173200607595436
81.42,0.00173539742405835
81.4299999999999,0.00173890298081767
81.44,0.00174252683416237
81.45,0.00174627298325329
81.46,0.0017501453051498
81.47,0.00175414759629239
81.48,0.00175828355082034
81.49,0.00176255690032364
81.5,0.00176697112391184
81.51,0.00177152962448202
81.52,0.00177623570180359
81.53,0.00178109258721212
81.54,0.00178610357745544
81.55,0.00179127159578225
81.5599999999999,0.00179659955394095
81.57,0.00180209025018266
81.58,0.0018077464070074
81.59,0.00181357063137251
81.6,0.0018195653734433
81.61,0.00182573298545715
81.62,0.0018320756995309
81.63,0.00183859588736877
81.64,0.00184529555527606
81.65,0.0018521766522429
81.66,0.00185924104302333
81.67,0.00186649052664177
81.6799999999999,0.00187392696559219
81.69,0.0018815518996133
81.7,0.00188936686825174
81.71,0.00189737332562067
81.72,0.00190557258224928
81.73,0.00191396583772204
81.74,0.00192255426275959
81.75,0.0019313389030423
81.76,0.00194032097439956
81.77,0.00194950152513344
81.78,0.00195888146306804
81.79,0.0019684617141374
81.8,0.00197824302955083
81.8099999999999,0.00198822623050391
81.82,0.00199841207558275
81.83,0.00200880126918264
81.84,0.00201939439774645
81.85,0.00203019208925215
81.86,0.00204119490214102
81.87,0.00205240335316126
81.88,0.00206381791208291
81.89,0.00207543902400473
81.9,0.00208726709542432
81.91,0.00209930260953883
81.92,0.0021115461627326
81.9299999999999,0.00212399814423853
81.94,0.00213665904263556
81.95,0.00214952919135846
81.96,0.00216260892032986
81.97,0.00217589870035878
81.98,0.00218939893154073
81.99,0.00220311007155119
82,0.00221703255215952
82.01,0.00223116680710122
82.02,0.00224551329446673
82.03,0.00226007239404255
82.04,0.00227484459126283
82.05,0.00228983035776718
82.0599999999999,0.0023050301766612
82.07,0.00232044464017585
82.08,0.00233607427494792
82.09,0.00235191966220186
82.1,0.00236798141818261
82.11,0.00238426009108146
82.12,0.00240075635823051
82.13,0.00241747089897962
82.14,0.00243440442025372
82.15,0.00245155755409855
82.16,0.00246893105985869
82.17,0.00248652569218652
82.1799999999999,0.00250434222531596
82.19,0.00252238146645529
82.2,0.00254064423730065
82.21,0.00255913138649324
82.22,0.00257784378770524
82.23,0.00259678231477976
82.24,0.00261594788826391
82.25,0.00263534144520596
82.26,0.00265496394434153
82.27,0.00267481629197682
82.28,0.00269489948134606
82.29,0.00271521450124766
82.3,0.00273576235032442
82.3099999999999,0.00275654401629132
82.32,0.0027775605165615
82.33,0.00279881287006778
82.34,0.00282030210035989
82.35,0.00284202923948059
82.36,0.0028639953185639
82.37,0.00288620137172715
82.38,0.00290864843396468
82.39,0.00293133751860779
82.4,0.00295426965498818
82.41,0.00297744586207898
82.42,0.00300086715079941
82.4299999999999,0.00302453451722334
82.44,0.00304844895242389
82.45,0.00307261143355846
82.46,0.00309702292335797
82.47,0.00312168439151984
82.48,0.00314659677493826
82.49,0.00317176099478909
82.5,0.00319717795738945
82.51,0.0032228485643173
82.52,0.00324877369086423
82.53,0.00327495418968884
82.54,0.00330139089586375
82.55,0.00332808463099883
82.5599999999999,0.00335503619296871
82.57,0.00338224635293631
82.58,0.0034097158613684
82.59,0.00343744546015284
82.6,0.0034654358698396
82.61,0.00349368777308614
82.62,0.00352220183621794
82.63,0.00355097871351773
82.64,0.00358001904387187
82.65,0.00360932342591395
82.66,0.00363889244363429
82.67,0.0036687266626833
82.6799999999999,0.00369882663229925
82.69,0.00372919287055432
82.7,0.00375982587765166
82.71,0.00379072613545711
82.72,0.00382189411319506
82.73,0.00385333024755805
82.74,0.00388503495946881
82.75,0.00391700865206386
82.76,0.00394925172012444
82.77,0.00398176452570609
82.78,0.00401454741775723
82.79,0.00404760072751931
82.8,0.00408092477037722
82.8099999999999,0.00411451984261031
82.82,0.00414838622436559
82.83,0.00418252417922535
82.84,0.00421693395205044
82.85,0.00425161577431113
82.86,0.00428656986069662
82.87,0.00432179641031284
82.88,0.00435729560847979
82.89,0.00439306762414344
82.9,0.00442911261203853
82.91,0.00446543071266485
82.92,0.00450202204971622
82.9299999999999,0.00453888673514427
82.94,0.0045760248670207
82.95,0.00461343652961372
82.96,0.00465112178703004
82.97,0.00468908069364252
82.98,0.00472731329151617
82.99,0.00476581960780818
83,0.00480459965231022
83.01,0.00484365342216618
83.02,0.00488298090280033
83.03,0.00492258206469456
83.04,0.00496245686435191
83.05,0.00500260524458428
83.0599999999999,0.00504302713486834
83.07,0.0050837224510002
83.08,0.00512469109648464
83.09,0.00516593296234779
83.1,0.00520744792465489
83.11,0.00524923584728674
83.12,0.00529129657530029
83.13,0.00533362993133013
83.14,0.00537623573815556
83.15,0.00541911379813833
83.16,0.00546226389877758
83.17,0.00550568581262897
83.1799999999999,0.00554937929701113
83.19,0.005593344094012
83.2,0.00563757993193941
83.21,0.00568208653274061
83.22,0.00572686359276399
83.23,0.00577191079771066
83.24,0.0058172278179986
83.25,0.00586281429989628
83.26,0.00590866988601124
83.27,0.00595479419944264
83.28,0.00600118684779651
83.29,0.00604784742099461
83.3,0.00609477549351086
83.3099999999999,0.00614197062531294
83.32,0.00618943235937959
83.33,0.00623716022251923
83.34,0.00628515372614832
83.35,0.00633341236399523
83.36,0.00638193561369796
83.37,0.00643072293625175
83.38,0.00647977377793867
83.39,0.0065290875676842
83.4,0.00657866371656774
83.41,0.00662850161957923
83.42,0.00667860065487476
83.4299999999999,0.00672896018374726
83.44,0.00677957955042198
83.45,0.00683045808207915
83.46,0.00688159508875158
83.47,0.00693298986330571
83.48,0.00698464168128192
83.49,0.00703654980082362
83.5,0.0070887134626411
83.51,0.00714113189034094
83.52,0.00719380429190814
83.53,0.00724672985522099
83.54,0.00729990775159016
83.55,0.0073533371347437
83.5599999999999,0.00740701714220641
83.57,0.00746094689303413
83.58,0.00751512548829372
83.59,0.00756955201176089
83.6,0.00762422552955761
83.61,0.00767914509093619
83.62,0.0077343097264393
83.63,0.0077897184492344
83.64,0.0078453702547255
83.65,0.00790126412083531
83.66,0.00795739900825117
83.67,0.00801377385888326
83.6799999999999,0.00807038759722518
83.69,0.00812723912993736
83.7,0.00818432734716754
83.71,0.0082416511208446
83.72,0.0082992093043144
83.73,0.00835700073365542
83.74,0.00841502422718562
83.75,0.00847327858699264
83.76,0.00853176259581006
83.77,0.00859047501916283
83.78,0.00864941460496637
83.79,0.00870858008351728
83.8,0.00876797016761301
83.8099999999999,0.00882758355217052
83.82,0.00888741891455684
83.83,0.00894747491450285
83.84,0.00900775019466904
83.85,0.00906824338016627
83.86,0.00912895307795854
83.87,0.0091898778777747
83.88,0.00925101635182794
83.89,0.00931236705669115
83.9,0.00937392852967487
83.91,0.00943569929097268
83.92,0.00949767784365706
83.9299999999999,0.0095598626734884
83.94,0.00962225225001778
83.95,0.00968484502516857
83.96,0.00974763943302099
83.97,0.0098106338909715
83.98,0.00987382679933677
83.99,0.00993721654140647
84,0.0100008014834731
84.01,0.0100645799748078
84.02,0.0101285503477525
84.03,0.0101927109177346
84.04,0.0102570599835537
84.05,0.0103215958285505
84.0599999999999,0.0103863167173264
84.07,0.0104512208985647
84.08,0.0105163066043068
84.09,0.0105815720499949
84.1,0.0106470154381805
84.11,0.0107126349507457
84.12,0.0107784287546154
84.13,0.0108443950006216
84.14,0.0109105318234436
84.15,0.0109768373413466
84.16,0.0110433096567705
84.17,0.011109946856235
84.1799999999999,0.0111767470102363
84.19,0.0112437081733848
84.2,0.0113108283838377
84.21,0.0113781056638253
84.22,0.0114455380206509
84.23,0.011513123445466
84.24,0.0115808599137336
84.25,0.0116487453877513
84.26,0.0117167778201678
84.27,0.0117849551377605
84.28,0.0118532752566945
84.29,0.011921736078207
84.3,0.0119903354886946
84.3099999999999,0.0120590713576012
84.32,0.0121279415398821
84.33,0.0121969438781313
84.34,0.0122660761989748
84.35,0.012335336314419
84.36,0.0124047220219208
84.37,0.0124742311116666
84.38,0.0125438613526723
84.39,0.0126136105002853
84.4,0.0126834762971814
84.41,0.0127534564722902
84.42,0.0128235487407598
84.4299999999999,0.01289375080206
84.44,0.0129640603451019
84.45,0.0130344750442442
84.46,0.0131049925605072
84.47,0.0131756105416664
84.48,0.0132463266238757
84.49,0.0133171384324308
84.5,0.0133880435751626
84.51,0.0134590396492794
84.52,0.0135301242394701
84.53,0.0136012949180173
84.54,0.013672549247868
84.55,0.013743884778723
84.5599999999999,0.0138152990462929
84.57,0.0138867895758873
84.58,0.0139583538812284
84.59,0.0140299894645843
84.6,0.014101693817284
84.61,0.0141734644190503
84.62,0.0142452987386468
84.63,0.0143171942339639
84.64,0.0143891483521145
84.65,0.0144611585296743
84.66,0.0145332221934133
84.67,0.0146053367585778
84.6799999999999,0.0146774996306622
84.69,0.0147497082050713
84.7,0.0148219598672527
84.71,0.0148942519928335
84.72,0.014966581950029
84.73,0.015038947110455
84.74,0.0151113448149244
84.75,0.0151837724042911
84.76,0.0152562272107229
84.77,0.0153287065578649
84.78,0.015401207761002
84.79,0.0154737281264248
84.8,0.0155462649484166
84.8099999999999,0.0156188155200885
84.82,0.0156913771239004
84.83,0.0157639470346176
84.84,0.0158365225194664
84.85,0.0159091008382874
84.86,0.0159816792475193
84.87,0.0160542550133083
84.88,0.0161268253659262
84.89,0.0161993875416948
84.9,0.016271938770975
84.91,0.0163444762783612
84.92,0.0164169972828756
84.9299999999999,0.0164894989964821
84.94,0.0165619786194646
84.95,0.0166344333586002
84.96,0.0167068604107454
84.97,0.0167792569678903
84.98,0.0168516202173359
84.99,0.016923947341874
85,0.0169962355224592
85.01,0.0170684819444326
85.02,0.0171406837736605
85.03,0.0172128381791902
85.04,0.0172849423268155
85.05,0.0173569933792776
85.0599999999999,0.0174289884964655
85.07,0.0175009248360601
85.08,0.0175727995546338
85.09,0.0176446098040014
85.1,0.0177163527350681
85.11,0.0177880254969497
85.12,0.0178596252371795
85.13,0.0179311491019113
85.14,0.0180025942390415
85.15,0.0180739578030907
85.16,0.0181452369326107
85.17,0.0182164287725849
85.1799999999999,0.0182875304679588
85.19,0.0183585391638639
85.2,0.0184294520058395
85.21,0.0185002661400582
85.22,0.0185709786894955
85.23,0.0186415868084572
85.24,0.018712087644532
85.25,0.0187824783438093
85.26,0.0188527560534853
85.27,0.0189229179220492
85.28,0.0189929610994708
85.29,0.019062882753869
85.3,0.019132680051674
85.3099999999999,0.0192023501421293
85.32,0.0192718901889093
85.33,0.0193412973589064
85.34,0.0194105688224661
85.35,0.0194797017536199
85.36,0.0195486933300018
85.37,0.0196175407316379
85.38,0.0196862411459326
85.39,0.0197547917636015
85.4,0.0198231897801579
85.41,0.0198914323961439
85.42,0.0199595168173595
85.4299999999999,0.0200274402550936
85.44,0.0200951999066576
85.45,0.0201627929968014
85.46,0.0202302167546183
85.47,0.0202974684111954
85.48,0.0203645452036638
85.49,0.0204314443753973
85.5,0.0204981631762072
85.51,0.0205646988658831
85.52,0.0206310487120522
85.53,0.0206972099829881
85.54,0.0207631799576787
85.55,0.0208289559227315
85.5599999999999,0.0208945351725812
85.57,0.0209599150096984
85.58,0.0210250927451881
85.59,0.0210900657049411
85.6,0.0211548312138458
85.61,0.0212193866097164
85.62,0.0212837292396015
85.63,0.02134785646
85.64,0.0214117656370786
85.65,0.0214754541468894
85.66,0.0215389193603745
85.67,0.021602158672702
85.6799999999999,0.0216651694925822
85.69,0.0217279492342082
85.7,0.0217904953222826
85.71,0.0218528051922113
85.72,0.0219148762902946
85.73,0.0219767060737456
85.74,0.0220382919949403
85.75,0.0220996315414867
85.76,0.0221607222028485
85.77,0.0222215614800265
85.78,0.022282146885732
85.79,0.0223424759445604
85.8,0.0224025461931649
85.8099999999999,0.0224623551813578
85.82,0.0225219004725721
85.83,0.0225811796396231
85.84,0.0226401902696388
85.85,0.0226989299627402
85.86,0.0227573963322186
85.87,0.0228155870047141
85.88,0.0228734996203924
85.89,0.022931131824989
85.9,0.0229884812836353
85.91,0.0230455456799332
85.92,0.0231023227077483
85.9299999999999,0.023158810075076
85.94,0.023215005504204
85.95,0.0232709067318727
85.96,0.0233265115094389
85.97,0.0233818175756904
85.98,0.023436822721658
85.99,0.0234915247408595
86,0.0235459214400043
86.01,0.023600010640625
86.02,0.0236537901792063
86.03,0.0237072579073146
86.04,0.0237604116900317
86.05,0.0238132494032689
86.0599999999999,0.0238657689475832
86.07,0.0239179682349089
86.08,0.0239698451927388
86.09,0.0240213977642456
86.1,0.0240726239084005
86.11,0.024123521600092
86.12,0.0241740888286409
86.13,0.0242243236001251
86.14,0.0242742239384844
86.15,0.024323787882977
86.16,0.0243730134893117
86.17,0.0244218988297636
86.1799999999999,0.0244704419932899
86.19,0.0245186410856467
86.2,0.024566494202036
86.21,0.0246139994894846
86.22,0.0246611551044142
86.23,0.024707959216291
86.24,0.0247544100113958
86.25,0.0248005056929095
86.26,0.0248462444809999
86.27,0.0248916246129081
86.28,0.0249366443188333
86.29,0.0249813018683959
86.3,0.0250255955543881
86.3099999999999,0.0250695236780728
86.32,0.0251130845575884
86.33,0.0251562765280009
86.34,0.0251990979413588
86.35,0.0252415471667458
86.36,0.0252836225890713
86.37,0.0253253226108359
86.38,0.0253666456530948
86.39,0.0254075901532492
86.4,0.0254481545659575
86.41,0.0254883373631871
86.42,0.0255281370342644
86.4299999999999,0.0255675520859264
86.44,0.0256065810386642
86.45,0.0256452224279318
86.46,0.0256834748165072
86.47,0.0257213367797516
86.48,0.025758806910499
86.49,0.0257958838190985
86.5,0.0258325661334538
86.51,0.0258688524990648
86.52,0.025904741569713
86.53,0.0259402319858232
86.54,0.0259753224668145
86.55,0.0260100117220418
86.5599999999999,0.0260442984777796
86.57,0.0260781814772152
86.58,0.0261116594804412
86.59,0.02614473126445
86.6,0.0261773956221494
86.61,0.0262096513409851
86.62,0.0262414972601331
86.63,0.0262729322209929
86.64,0.0263039550814292
86.65,0.0263345647157423
86.66,0.0263647600146407
86.67,0.0263945398852117
86.6799999999999,0.0264239032508932
86.69,0.026452849074136
86.7,0.0264813763035572
86.71,0.0265094839125092
86.72,0.0265371708932099
86.73,0.0265644362545283
86.74,0.0265912790219803
86.75,0.0266176982377222
86.76,0.0266436929605457
86.77,0.0266692622444864
86.78,0.0266944051820953
86.79,0.0267191208846703
86.8,0.0267434084734171
86.8099999999999,0.026767267085662
86.82,0.0267906958748211
86.83,0.0268136940103692
86.84,0.0268362606778107
86.85,0.0268583950515595
86.86,0.0268800963000159
86.87,0.0269013636849687
86.88,0.0269221964446818
86.89,0.0269425938319391
86.9,0.0269625551139427
86.91,0.0269820795722114
86.92,0.0270011665024796
86.9299999999999,0.0270198152145951
86.94,0.0270380250498543
86.95,0.0270557953376674
86.96,0.0270731254314965
86.97,0.0270900146990182
86.98,0.0271064625217967
86.99,0.0271224682951964
87,0.027138031428295
87.01,0.0271531513437959
87.02,0.0271678275228534
87.03,0.0271820594294063
87.04,0.0271958465132512
87.05,0.0272091882610804
87.0599999999999,0.0272220841740262
87.07,0.0272345337676376
87.08,0.0272465365718583
87.09,0.0272580921310038
87.1,0.0272691999840949
87.11,0.0272798596334548
87.12,0.0272900707045935
87.13,0.0272998327868956
87.14,0.0273091454824961
87.15,0.0273180084061773
87.16,0.0273264211852675
87.17,0.0273343834595383
87.1799999999999,0.027341894881103
87.19,0.0273489549906215
87.2,0.0273555635017263
87.21,0.0273617201008448
87.22,0.0273674244688986
87.23,0.027372676296321
87.24,0.0273774752828368
87.25,0.0273818211372416
87.26,0.0273857135771814
87.27,0.0273891524007936
87.28,0.0273921374017782
87.29,0.0273946682835326
87.3,0.0273967448177628
87.3099999999999,0.0273983667864611
87.32,0.0273995339818176
87.33,0.0274002462061321
87.34,0.0274005032717249
87.35,0.0274003050198405
87.36,0.0273996514523931
87.37,0.0273985423233175
87.38,0.027396977508025
87.39,0.027394956894486
87.4,0.0273924803832992
87.41,0.0273895478877614
87.42,0.0273861593339368
87.4299999999999,0.0273823146607268
87.44,0.0273780135520688
87.45,0.0273732559543407
87.46,0.0273680418479212
87.47,0.0273623711484253
87.48,0.0273562437739502
87.49,0.0273496596444956
87.5,0.0273426186813837
87.51,0.0273351209526876
87.52,0.027327166350282
87.53,0.0273187548107645
87.54,0.0273098862890788
87.55,0.0273005607433905
87.5599999999999,0.0272907781347964
87.57,0.0272805384323352
87.58,0.0272698420843736
87.59,0.0272586888696602
87.6,0.0272470788442685
87.61,0.0272350120787235
87.62,0.0272224886585344
87.63,0.0272095086847276
87.64,0.0271960722180569
87.65,0.0271821789821453
87.66,0.0271678292884155
87.67,0.0271530232183787
87.6799999999999,0.0271377608587825
87.69,0.0271220423013289
87.7,0.0271058676423921
87.71,0.0270892369137268
87.72,0.0270721500123157
87.73,0.0270546071278485
87.74,0.0270366083177484
87.75,0.0270181536346232
87.76,0.0269992431254782
87.77,0.0269798768309296
87.78,0.0269600550108399
87.79,0.0269397780214564
87.8,0.0269190457406454
87.8099999999999,0.0268978582848685
87.82,0.0268762157748589
87.83,0.0268541183356221
87.84,0.026831566096435
87.85,0.0268085593838324
87.86,0.0267850982777231
87.87,0.0267611829303596
87.88,0.0267368135178767
87.89,0.0267119902231255
87.9,0.0266867132356738
87.91,0.0266609826123963
87.92,0.0266347983131133
87.9299999999999,0.0266081606710775
87.94,0.0265810698462337
87.95,0.0265535260003977
87.96,0.026525529297255
87.97,0.0264970799023615
87.98,0.0264681777862772
87.99,0.0264388231627366
88,0.0264090161993392
88.01,0.026378757036988
88.02,0.0263480458158083
88.03,0.0263168826751479
88.04,0.0262852677810918
88.05,0.026253201331877
88.0599999999999,0.0262206834344534
88.07,0.0261877142377489
88.08,0.0261542938910069
88.09,0.0261204225437854
88.1,0.0260861003459577
88.11,0.0260513275918254
88.12,0.0260161044111968
88.13,0.0259804309520168
88.14,0.0259443073903735
88.15,0.0259077339047338
88.16,0.0258707106759436
88.17,0.0258332378255981
88.1799999999999,0.0257953153697111
88.19,0.025756943582229
88.2,0.0257181226221496
88.21,0.025678852648191
88.22,0.0256391338187921
88.23,0.0255989662921136
88.24,0.0255583499338041
88.25,0.0255172847966194
88.26,0.0254757711174214
88.27,0.0254338089873016
88.28,0.0253913984916332
88.29,0.0253485397100716
88.3,0.0253052327165538
88.3099999999999,0.0252614778427999
88.32,0.0252172750507429
88.33,0.0251726244178904
88.34,0.0251275260320609
88.35,0.0250819799783067
88.36,0.0250359863389145
88.37,0.0249895452389342
88.38,0.0249426568987489
88.39,0.0248953213202562
88.4,0.0248475386000284
88.41,0.0247993088340244
88.42,0.0247506321175893
88.4299999999999,0.0247015085454546
88.44,0.0246519379859423
88.45,0.0246019204322618
88.46,0.024551456047851
88.47,0.0245005448717639
88.48,0.0244491869380435
88.49,0.0243973822757207
88.5,0.0243451309088154
88.51,0.0242924326250585
88.52,0.0242392875183216
88.53,0.0241856955834031
88.54,0.0241316567910511
88.55,0.0240771711043284
88.5599999999999,0.0240222384786128
88.57,0.0239668588724768
88.58,0.0239110322690293
88.59,0.0238547585852167
88.6,0.0237980377555571
88.61,0.0237408697078683
88.62,0.0236832543632661
88.63,0.0236251917882081
88.64,0.0235666819233598
88.65,0.0235077246625582
88.66,0.0234483199427898
88.67,0.0233884676984008
88.6799999999999,0.0233281678468351
88.69,0.0232674202277236
88.7,0.0232062247995725
88.71,0.0231445814676507
88.72,0.0230824901327303
88.73,0.023019950691088
88.74,0.0229569628058481
88.75,0.0228935262656834
88.76,0.0228296409823375
88.77,0.0227653067618345
88.78,0.0227005233987789
88.79,0.0226352906742268
88.8,0.0225696083349235
88.8099999999999,0.0225034761502224
88.82,0.0224368938643109
88.83,0.0223698612094802
88.84,0.022302377906122
88.85,0.0222344439110255
88.86,0.022166059094121
88.87,0.0220972230842357
88.88,0.022027935643618
88.89,0.021958196531245
88.9,0.021888005507402
88.91,0.0218173625139776
88.92,0.0217462672317783
88.9299999999999,0.0216747194398628
88.94,0.0216027189173905
88.95,0.0215302654436235
88.96,0.0214573585945502
88.97,0.0213839978946622
88.98,0.0213101831518663
88.99,0.021235914022142
89,0.0211611901476695
89.01,0.0210860109790932
89.02,0.0210103761425231
89.03,0.020934285204453
89.04,0.0208577376976267
89.05,0.0207807333171624
89.0599999999999,0.020703272146659
89.07,0.020625353546836
89.08,0.020546977167731
89.09,0.0204681426622639
89.1,0.0203888498875801
89.11,0.0203090985851376
89.12,0.0202288884306982
89.13,0.0201482191718973
89.14,0.0200670905251814
89.15,0.0199855016750378
89.16,0.0199034525384926
89.17,0.0198209427584955
89.1799999999999,0.0197379719720392
89.19,0.0196545397369446
89.2,0.0195706455855695
89.21,0.019486289147467
89.22,0.0194014699910568
89.23,0.0193161876737729
89.24,0.0192304422008271
89.25,0.0191442330797367
89.26,0.0190575599229949
89.27,0.0189704223844864
89.28,0.0188828202664239
89.29,0.0187947537036575
89.3,0.0187062222715559
89.3099999999999,0.0186172257968556
89.32,0.0185277641283964
89.33,0.0184378370704092
89.34,0.018347444474022
89.35,0.0182565862371935
89.36,0.0181652622563316
89.37,0.0180734720592312
89.38,0.0179812155473193
89.39,0.0178884925439616
89.4,0.0177953028815286
89.41,0.0177016467277244
89.42,0.0176075238495936
89.4299999999999,0.0175129341724384
89.44,0.0174178778769183
89.45,0.0173223556040535
89.46,0.017226367336441
89.47,0.0171299133846104
89.48,0.0170329941425203
89.49,0.0169356100657412
89.5,0.0168377616452748
89.51,0.0167394494447624
89.52,0.0166406735897854
89.53,0.0165414345904071
89.54,0.0164417330492213
89.55,0.0163415695131054
89.5599999999999,0.0162409447215751
89.57,0.0161398592638555
89.58,0.0160383138269722
89.59,0.01593630934728
89.6,0.0158338477157197
89.61,0.0157309296922409
89.62,0.015627556571733
89.63,0.0155237300012089
89.64,0.0154194519543099
89.65,0.0153147240555328
89.66,0.0152095482554781
89.67,0.0151039263188087
89.6799999999999,0.0149978601383891
89.69,0.0148913518884697
89.7,0.014784403631767
89.71,0.0146770174849572
89.72,0.0145691957305452
89.73,0.0144609412009813
89.74,0.0143522571443165
89.75,0.0142431463246219
89.76,0.0141336123407741
89.77,0.0140236594260608
89.78,0.0139132913730782
89.79,0.0138025123598007
89.8,0.0136913265920071
89.8099999999999,0.0135797388153724
89.82,0.0134677536884865
89.83,0.0133553755707554
89.84,0.0132426096150757
89.85,0.0131294610673281
89.86,0.013015935914671
89.87,0.0129020397066639
89.88,0.0127877786915398
89.89,0.0126731608543916
89.9,0.0125581929347421
89.91,0.0124428826315865
89.92,0.0123272385744275
89.9299999999999,0.0122112692565697
89.94,0.0120949837246959
89.95,0.011978390228722
89.96,0.0118614985628006
89.97,0.0117443184678618
89.98,0.0116268605311444
89.99,0.0115091352040514
90,0.0113911534589338
90.01,0.0112729282229429
90.02,0.0111544715749866
90.03,0.011035796382076
90.04,0.0109169173096848
90.05,0.010797848765035
90.0599999999999,0.0106786058230468
90.07,0.0105592039282167
90.08,0.0104396592148347
90.09,0.0103199884243621
90.1,0.0102002087304939
90.11,0.0100803379300382
90.12,0.00996039503440607
90.13,0.00984039943326505
90.14,0.00972037129179011
90.15,0.00960033210633695
90.16,0.00948030361346828
90.17,0.00936030851267288
90.1799999999999,0.00924037028448094
90.19,0.00912051313568954
90.2,0.00900076190294362
90.21,0.00888114232510947
90.22,0.00876168087201894
90.23,0.00864240475930856
90.24,0.00852334188449655
90.25,0.00840452072852729
90.26,0.00828597066202458
90.27,0.00816772205659634
90.28,0.00804980585572071
90.29,0.00793225377647835
90.3,0.00781509829538752
90.3099999999999,0.00769837268490682
90.32,0.00758211032996539
90.33,0.00746634570782122
90.34,0.00735111355576462
90.35,0.00723644865088527
90.36,0.00712238690665628
90.37,0.00700896374526094
90.38,0.00689621558224472
90.39,0.00678417889708239
90.4,0.00667289018629882
90.41,0.00656238665048292
90.42,0.00645270445182888
90.4299999999999,0.00634388072516806
90.44,0.0062359520208563
90.45,0.00612895387868666
90.46,0.00602292284293537
90.47,0.00591789332309222
90.48,0.00581390042077484
90.49,0.0057109782538539
90.5,0.00560915944900348
90.51,0.00550847708054586
90.52,0.00540896193435182
90.53,0.00531064435971338
90.54,0.00521355346858521
90.55,0.00511771677649098
90.5599999999999,0.00502316053805534
90.57,0.00492990949754653
90.58,0.00483798676503421
90.59,0.00474741368615591
90.6,0.00465821006016865
90.61,0.00457039363699116
90.62,0.00448398045198843
90.63,0.00439898475129432
90.64,0.00431541859799929
90.65,0.00423329226535765
90.66,0.00415261385841024
90.67,0.00407338949868681
90.6799999999999,0.00399562348779942
90.69,0.00391931779621608
90.7,0.00384447279783894
90.71,0.00377108670025078
90.72,0.00369915557318849
90.73,0.0036286741760354
90.74,0.00355963525761191
90.75,0.00349202950449707
90.76,0.00342584651365275
90.77,0.00336107420805104
90.78,0.00329769869415183
90.79,0.00323570506150608
90.8,0.00317507707910618
90.8099999999999,0.00311579707604112
90.82,0.00305784648170082
90.83,0.00300120572053464
90.84,0.00294585414718553
90.85,0.00289177043683294
90.86,0.00283893257619354
90.87,0.00278731782093583
90.88,0.0027369029696708
90.89,0.00268766441241867
90.9,0.00263957817885724
90.91,0.00259261999126444
90.92,0.00254676534747472
90.9299999999999,0.00250198977754022
90.94,0.00245826864139968
90.95,0.0024155771518274
90.96,0.00237389088857947
90.97,0.00233318541562761
90.98,0.00229343623995077
90.99,0.00225461942411356
91,0.00221671117459834
91.01,0.00217968774420559
91.02,0.00214352604834013
91.03,0.00210820327590891
91.04,0.00207369668352927
91.05,0.00203998430747334
91.0599999999999,0.00200704452862302
91.07,0.00197485578277055
91.08,0.00194339735050231
91.09,0.00191264887709047
91.1,0.00188259018984574
91.11,0.00185320183602963
91.12,0.00182446478537408
91.13,0.00179636035536439
91.14,0.00176887043295362
91.15,0.00174197739634934
91.16,0.00171566400578869
91.17,0.00168991350484145
91.1799999999999,0.00166470968533301
91.19,0.00164003667467484
91.2,0.00161587890768149
91.21,0.00159222146200667
91.22,0.00156904976239892
91.23,0.00154634964281717
91.24,0.00152410735998951
91.25,0.00150230957500656
91.26,0.00148094338813555
91.27,0.00145999626815007
91.28,0.00143945609178413
91.29,0.00141931105726463
91.3,0.00139954977601521
91.3099999999999,0.00138016123022266
91.32,0.00136113472946093
91.33,0.00134245992647136
91.34,0.00132412682782832
91.35,0.00130612576033319
91.36,0.00128844736995126
91.37,0.00127108261517601
91.38,0.00125402275729879
91.39,0.00123725940432279
91.4,0.00122078442605688
91.41,0.00120458997707757
91.42,0.00118866850619433
91.4299999999999,0.00117301277206819
91.44,0.00115761576688874
91.45,0.00114247076268102
91.46,0.00112757128323594
91.47,0.00111291110462952
91.48,0.00109848425478316
91.49,0.00108428499767793
91.5,0.00107030782897534
91.51,0.00105654747083768
91.52,0.00104299886441154
91.53,0.00102965717693928
91.54,0.0010165178023357
91.55,0.00100357631218618
91.5599999999999,0.000990828487706323
91.57,0.000978270316993284
91.58,0.000965897969850835
91.59,0.000953707799475329
91.6,0.00094169633442244
91.61,0.000929860252064367
91.62,0.000918196426106413
91.63,0.000906701878208926
91.64,0.000895373783372774
91.65,0.000884209440626901
91.66,0.000873206313938623
91.67,0.000862361992833473
91.6799999999999,0.000851674194119551
91.69,0.000841140771980521
91.7,0.000830759688314333
91.71,0.000820529012682795
91.72,0.000810446923508883
91.73,0.000800511704832171
91.74,0.000790721737439739
91.75,0.000781075483689665
91.76,0.000771571492876108
91.77,0.000762208388146233
91.78,0.000752984852676321
91.79,0.000743899650959394
91.8,0.000734951600278033
91.8099999999999,0.000726139571626678
91.82,0.000717462504387927
91.83,0.000708919357000764
91.84,0.00070050913348458
91.85,0.000692230869587978
91.86,0.000684083761710027
91.87,0.000676066939223581
91.88,0.000668179556577414
91.89,0.000660420814323831
91.9,0.00065278990111214
91.91,0.000645286019860967
91.92,0.000637908415044941
91.9299999999999,0.000630656319935937
91.94,0.000623529014631813
91.95,0.000616525867676449
91.96,0.000609646113830867
91.97,0.000602889044351206
91.98,0.000596253952976374
91.99,0.000589740154157315
92,0.000583346932257082
92.01,0.000577073575442959
92.02,0.000570919363721577
92.03,0.000564883703415484
92.04,0.000558965878514832
92.05,0.000553165188633649
92.0599999999999,0.000547480943276722
92.07,0.000541912458853952
92.08,0.000536459046779461
92.09,0.000531120009331004
92.1,0.000525894648125751
92.11,0.000520782282159766
92.12,0.000515782251698117
92.13,0.000510893848160169
92.14,0.000506116381401455
92.15,0.000501449163289173
92.16,0.000496891574796626
92.17,0.000492442920011664
92.1799999999999,0.000488102536085671
92.19,0.000483869765694175
92.2,0.000479743970902758
92.21,0.000475724515123496
92.22,0.000471810765624528
92.23,0.000468002102610493
92.24,0.000464297902320174
92.25,0.000460697526409729
92.26,0.000457200384062929
92.27,0.000453805876468363
92.28,0.000450513412979282
92.29,0.000447322511545852
92.3,0.000444232593132228
92.3099999999999,0.000441243134332445
92.32,0.000438353630088495
92.33,0.000435563561876068
92.34,0.000432872438294091
92.35,0.000430279804072399
92.36,0.00042778521050451
92.37,0.000425388214774794
92.38,0.000423088361108722
92.39,0.00042088525414341
92.4,0.000418778496429621
92.41,0.000416767705643095
92.42,0.000414852520461111
92.4299999999999,0.000413032589397157
92.44,0.000411307578613629
92.45,0.000409677170649594
92.46,0.000408141051037686
92.47,0.000406698921508351
92.48,0.000405350509507243
92.49,0.000404095551349133
92.5,0.000402933787456355
92.51,0.00040186493401186
92.52,0.000400888768597694
92.53,0.000400005058903793
92.54,0.000399213581105304
92.55,0.000398514085752653
92.5599999999999,0.00039790635940475
92.57,0.00039739018650464
92.58,0.000396965351479207
92.59,0.000396631628632128
92.6,0.000396388785607651
92.61,0.000396236599490355
92.62,0.000396174836467127
92.63,0.000396203236549083
92.64,0.000396321546125556
92.65,0.00039652949473497
92.66,0.000396826793409101
92.67,0.000397213129129986
92.6799999999999,0.000397688178794407
92.69,0.000398251594079274
92.7,0.000398902991046246
92.71,0.000399641963720793
92.72,0.000400468078503195
92.73,0.000401380864961797
92.74,0.000402379801948769
92.75,0.000403464345303573
92.76,0.000404633902954857
92.77,0.000405887834568862
92.78,0.000407225450898764
92.79,0.00040864601439239
92.8,0.000410148732170966
92.8099999999999,0.000411732760580558
92.82,0.000413397191288892
92.83,0.00041514105629283
92.84,0.000416963324005334
92.85,0.000418862896984142
92.86,0.000420838607220724
92.87,0.000422889215281342
92.88,0.000425013423302698
92.89,0.000427209849112235
92.9,0.000429477032258798
92.91,0.000431813439050012
92.92,0.000434217473250961
92.9299999999999,0.000436687438031369
92.94,0.000439221561261778
92.95,0.000441818015224854
92.96,0.000444474891294559
92.97,0.000447190180613482
92.98,0.000449961804020117
92.99,0.000452787654692411
93,0.000455665496790188
93.01,0.000458593036149296
93.02,0.000461567921414536
93.03,0.000464587749087495
93.04,0.00046765001526583
93.05,0.000470752161431581
93.0599999999999,0.000473891618608972
93.07,0.000477065722370483
93.08,0.000480271755434082
93.09,0.000483506963381059
93.1,0.000486768584753664
93.11,0.000490053784659609
93.12,0.000493359711405455
93.13,0.000496683498214379
93.14,0.000500022246895517
93.15,0.00050337304927605
93.16,0.000506732994020798
93.17,0.000510099158659165
93.1799999999999,0.000513468626260658
93.19,0.000516838494798319
93.2,0.000520205867296054
93.21,0.000523567871431517
93.22,0.000526921670225851
93.23,0.000530264449111628
93.24,0.000533593434867527
93.25,0.000536905896887518
93.26,0.000540199156122482
93.27,0.000543470585224901
93.28,0.00054671760821057
93.29,0.000549937722637044
93.3,0.00055312848774422
93.3099999999999,0.000556287524268256
93.32,0.000559412541446195
93.33,0.00056250131776635
93.34,0.000565551697927971
93.35,0.000568561628622783
93.36,0.000571529133796327
93.37,0.000574452317973577
93.38,0.000577329387462354
93.39,0.000580158630863758
93.4,0.000582938414132802
93.41,0.000585667217007608
93.42,0.000588343602273282
93.4299999999999,0.000590966217025738
93.44,0.000593533817370772
93.45,0.000596045243307999
93.46,0.000598499416328261
93.47,0.000600895367717065
93.48,0.000603232208488364
93.49,0.000605509127906201
93.5,0.00060772541984703
93.51,0.000609880449921678
93.52,0.000611973652268006
93.53,0.000614004560036446
93.54,0.000615972778581176
93.55,0.000617877990796434
93.5599999999999,0.000619719953704144
93.57,0.000621498489751171
93.58,0.000623213480516744
93.59,0.000624864885931233
93.6,0.000626452730461793
93.61,0.000627977107893613
93.62,0.000629438164226108
93.63,0.000630836096189365
93.64,0.000632171142369776
93.65,0.000633443607522093
93.66,0.000634653828152466
93.67,0.000635802169545875
93.6799999999999,0.000636889040869802
93.69,0.000637914919554156
93.7,0.000638880293031015
93.71,0.000639785698224673
93.72,0.000640631712667333
93.73,0.000641418942671479
93.74,0.000642147985622519
93.75,0.000642819489077857
93.76,0.000643434115055431
93.77,0.000643992541363231
93.78,0.000644495458841549
93.79,0.000644943592924148
93.8,0.000645337668053396
93.8099999999999,0.000645678430020581
93.82,0.000645966637564757
93.83,0.000646203057365737
93.84,0.000646388454169133
93.85,0.000646523606932571
93.86,0.000646609295289175
93.87,0.000646646299126955
93.88,0.000646635402701177
93.89,0.000646577405426106
93.9,0.000646473095951968
93.91,0.000646323260638044
93.92,0.000646128687323484
93.9299999999999,0.000645890160956842
93.94,0.000645608461439373
93.95,0.000645284363259033
93.96,0.000644918645599164
93.97,0.000644512078604602
93.98,0.000644065425738851
93.99,0.000643579439904873
94,0.000643054870702506
94.01,0.000642492460103897
94.02,0.000641892940034645
94.03,0.000641257035732878
94.04,0.00064058547013439
94.05,0.000639878953059122
94.0599999999999,0.000639138190076014
94.07,0.000638363878859204
94.08,0.000637556707026033
94.09,0.000636717347044751
94.1,0.000635846466558856
94.11,0.00063494472192704
94.12,0.000634012757322941
94.13,0.000633051208864295
94.14,0.00063206071030765
94.15,0.000631041879942355
94.16,0.000629995329751044
94.17,0.000628921663991393
94.1799999999999,0.000627821476850848
94.19,0.000626695349286015
94.2,0.000625543857320165
94.21,0.000624367565429673
94.22,0.000623167028191011
94.23,0.000621942790481607
94.24,0.000620695390907901
94.25,0.000619425355797344
94.26,0.000618133205158067
94.27,0.000616819452947524
94.28,0.000615484602996259
94.29,0.000614129148537538
94.3,0.000612753576536962
94.3099999999999,0.000611358366027733
94.32,0.000609943988516834
94.33,0.000608510907084949
94.34,0.000607059576898321
94.35,0.000605590445168159
94.36,0.000604103951744886
94.37,0.000602600528869738
94.38,0.000601080601096701
94.39,0.000599544585580733
94.4,0.000597992895742961
94.41,0.000596425935478688
94.42,0.000594844102991316
94.4299999999999,0.000593247785494336
94.44,0.000591637367117807
94.45,0.000590013224361513
94.46,0.000588375734053813
94.47,0.000586725261705001
94.48,0.00058506216921347
94.49,0.000583386809664519
94.5,0.000581699534250073
94.51,0.000580000686746524
94.52,0.000578290598586058
94.53,0.000576569600631244
94.54,0.0005748380163937
94.55,0.000573096169651154
94.5599999999999,0.000571344372470085
94.57,0.000569582935608715
94.58,0.000567812169663052
94.59,0.000566032373896145
94.6,0.000564243844900191
94.61,0.000562446873865486
94.62,0.000560641747860809
94.63,0.000558828748428299
94.64,0.000557008149565924
94.65,0.000555180223054545
94.66,0.000553345235489079
94.67,0.000551503455970873
94.6799999999999,0.00054965514134205
94.69,0.00054780054704304
94.7,0.000545939931246843
94.71,0.000544073541250176
94.72,0.000542201622702278
94.73,0.000540324412678611
94.74,0.000538442148831111
94.75,0.000536555063200817
94.76,0.000534663384758942
94.77,0.000532767337201497
94.78,0.000530867140507289
94.79,0.000528963012649604
94.8,0.000527055171468825
94.8099999999999,0.00052514382499697
94.82,0.000523229179852129
94.83,0.000521311446308381
94.84,0.000519390828123206
94.85,0.000517467523113612
94.86,0.000515541727641921
94.87,0.000513613630685417
94.88,0.000511683422836075
94.89,0.000509751289728139
94.9,0.000507817415051659
94.91,0.00050588198069464
94.92,0.000503945162622381
94.9299999999999,0.000502007134794464
94.94,0.000500068071356101
94.95,0.000498128141362326
94.96,0.000496187510532695
94.97,0.000494246342383845
94.98,0.000492304798441068
94.99,0.000490363036330272
95,0.000488421211241092
95.01,0.000486479475531412
95.02,0.000484537978706744
95.03,0.000482596867519888
95.04,0.000480656285884155
95.05,0.000478716379704673
95.0599999999999,0.000476777293837453
95.07,0.000474839164553948
95.08,0.000472902128559039
95.09,0.000470966319598761
95.1,0.000469031869416687
95.11,0.000467098907672052
95.12,0.000465167561511333
95.13,0.000463237957109315
95.14,0.000461310217060881
95.15,0.000459384461915534
95.16,0.000457460810106021
95.17,0.00045553937858766
95.1799999999999,0.000453620281146581
95.19,0.000451703629663079
95.2,0.000449789534492273
95.21,0.000447878105844254
95.22,0.000445969448741735
95.23,0.000444063667271576
95.24,0.000442160864188246
95.25,0.000440261142122442
95.26,0.000438364598755834
95.27,0.000436471330951282
95.28,0.000434581434272545
95.29,0.000432695003814626
95.3,0.000430812130511945
95.3099999999999,0.000428932904350324
95.32,0.00042705741375178
95.33,0.000425185745841498
95.34,0.000423317985090696
95.35,0.000421454214518407
95.36,0.000419594515953649
95.37,0.000417738970489487
95.38,0.0004158876557368
95.39,0.000414040648303516
95.4,0.000412198023490517
95.41,0.000410359855499406
95.42,0.000408526215838721
95.4299999999999,0.000406697174793389
95.44,0.000404872802101201
95.45,0.000403053167195603
95.46,0.000401238335253915
95.47,0.000399428371054345
95.48,0.00039762333809127
95.49,0.000395823300197045
95.5,0.000394028317296577
95.51,0.000392238448774323
95.52,0.000390453752585546
95.53,0.000388674286261266
95.54,0.000386900104912369
95.55,0.000385131262443398
95.5599999999999,0.000383367811454167
95.57,0.000381609804456903
95.58,0.000379857292154974
95.59,0.000378110323118687
95.6,0.000376368945088965
95.61,0.000374633205288565
95.62,0.00037290315054868
95.63,0.000371178824552063
95.64,0.000369460270548119
95.65,0.000367747530742254
95.66,0.00036604064746064
95.67,0.000364339660065066
95.6799999999999,0.00036264460740766
95.69,0.000360955527181919
95.7,0.000359272457120054
95.71,0.000357595432806024
95.72,0.000355924488979818
95.73,0.000354259659452953
95.74,0.000352600977034654
95.75,0.000350948473981168
95.76,0.000349302181232858
95.77,0.000347662128774691
95.78,0.000346028345758646
95.79,0.000344400860442007
95.8,0.000342779699764853
95.8099999999999,0.000341164890020507
95.82,0.000339556456807432
95.83,0.000337954424716295
95.84,0.000336358817479985
95.85,0.000334769657756741
95.86,0.000333186967393058
95.87,0.000331610767605965
95.88,0.000330041078666714
95.89,0.000328477920024433
95.9,0.000326921310669321
95.91,0.00032537126896615
95.92,0.000323827811955453
95.9299999999999,0.000322290956216285
95.94,0.000320760717617533
95.95,0.000319237111269003
95.96,0.000317720151509782
95.97,0.000316209852182848
95.98,0.000314706226395039
95.99,0.000313209286605598
96,0.000311719044264283
96.01,0.000310235509034506
96.02,0.000308758691709501
96.03,0.000307288601665857
96.04,0.000305825247582421
96.05,0.000304368637741453
96.0599999999999,0.000302918781652714
96.07,0.000301475685207771
96.08,0.000300039354891758
96.09,0.00029860979660359
96.1,0.000297187015666539
96.11,0.000295771016838806
96.12,0.000294361803764387
96.13,0.000292959380174637
96.14,0.00029156374911943
96.15,0.000290174913042535
96.16,0.000288792873851185
96.17,0.000287417632925059
96.1799999999999,0.000286049192470876
96.19,0.000284687553682598
96.2,0.000283332716245456
96.21,0.000281984680109795
96.22,0.000280643444835096
96.23,0.000279309009605031
96.24,0.000277981372104472
96.25,0.000276660527713984
96.26,0.000275346475528883
96.27,0.000274039212386024
96.28,0.0002727387346636
96.29,0.000271445038285554
96.3,0.000270158118736209
96.3099999999999,0.000268877971472456
96.32,0.00026760459093878
96.33,0.000266337971378859
96.34,0.000265078106619253
96.35,0.000263824990074871
96.36,0.000262578614754443
96.37,0.000261338976023778
96.38,0.000260106066436955
96.39,0.000258879877952523
96.4,0.000257660402936386
96.41,0.000256447633517567
96.42,0.000255241561602933
96.4299999999999,0.000254042176875734
96.44,0.000252849468398269
96.45,0.000251663428150387
96.46,0.000250484046168057
96.47,0.000249311312161589
96.48,0.00024814521551859
96.49,0.000246985745375076
96.5,0.000245832890852913
96.51,0.000244686640269837
96.52,0.000243546981850174
96.53,0.000242413903526017
96.54,0.000241287392941235
96.55,0.000240167437455484
96.5599999999999,0.000239054026411577
96.57,0.000237947146153753
96.58,0.000236846783580745
96.59,0.000235752925566661
96.6,0.000234665558813849
96.61,0.000233584669862898
96.62,0.000232510244410511
96.63,0.000231442268379246
96.64,0.000230380727932216
96.65,0.000229325608781104
96.66,0.00022827689648216
96.67,0.000227234576443322
96.6799999999999,0.000226198633422881
96.69,0.000225169051477458
96.7,0.000224145815989903
96.71,0.000223128911499392
96.72,0.000222118322379878
96.73,0.000221114032843852
96.74,0.000220116026946052
96.75,0.000219124288287563
96.76,0.000218138800585693
96.77,0.000217159547442412
96.78,0.00021618651222706
96.79,0.000215219678156485
96.8,0.000214259028297943
96.8099999999999,0.000213304545660013
96.82,0.000212356213804479
96.83,0.000211414015080255
96.84,0.000210477932158214
96.85,0.000209547947600834
96.86,0.000208624043866854
96.87,0.000207706203315885
96.88,0.00020679440848593
96.89,0.000205888641803498
96.9,0.000204988885277735
96.91,0.000204095121043028
96.92,0.000203207331176504
96.9299999999999,0.000202325497703855
96.94,0.000201449602605156
96.95,0.000200579627014705
96.96,0.000199715553014685
96.97,0.00019885736237742
96.98,0.000198005036760367
96.99,0.000197158557775726
97,0.000196317906994504
97.01,0.000195483065711828
97.02,0.000194654014713253
97.03,0.000193830735725442
97.04,0.000193013209992753
97.05,0.00019220141870776
97.0599999999999,0.000191395343013312
97.07,0.000190594964004581
97.08,0.000189800263051783
97.09,0.000189011221254361
97.1,0.000188227819557224
97.11,0.000187450038994544
97.12,0.000186677860579193
97.13,0.000185911265305824
97.14,0.000185150234165429
97.15,0.000184394748342079
97.16,0.000183644788679447
97.17,0.000182900336156045
97.1799999999999,0.000182161371750657
97.19,0.000181427876445569
97.2,0.000180699831229819
97.21,0.000179977217102396
97.22,0.000179260015075491
97.23,0.000178548205928911
97.24,0.000177841770285711
97.25,0.000177140689479613
97.26,0.000176444944516103
97.27,0.000175754516419136
97.28,0.000175069386233818
97.29,0.000174389535029085
97.3,0.000173714943900382
97.3099999999999,0.000173045593972344
97.32,0.000172381466112824
97.33,0.000171722541476856
97.34,0.000171068801358512
97.35,0.00017042022696982
97.36,0.000169776799558879
97.37,0.000169138500412194
97.38,0.000168505310857041
97.39,0.000167877212263821
97.4,0.000167254186048414
97.41,0.00016663621310171
97.42,0.00016602327520867
97.4299999999999,0.000165415353886595
97.44,0.000164812430682721
97.45,0.000164214487193096
97.46,0.000163621505064489
97.47,0.00016303346599635
97.48,0.000162450351742753
97.49,0.000161872144029058
97.5,0.00016129882447007
97.51,0.000160730375141919
97.52,0.000160166777993067
97.53,0.000159608015031107
97.54,0.000159054068324434
97.55,0.000158504920003924
97.5599999999999,0.000157960552264607
97.57,0.00015742094736734
97.58,0.000156886087525289
97.59,0.000156355955083948
97.6,0.000155830532557684
97.61,0.000155309802460892
97.62,0.000154793747379063
97.63,0.000154282349970313
97.64,0.000153775592966902
97.65,0.000153273459176751
97.66,0.000152775931484969
97.67,0.000152282992923424
97.6799999999999,0.000151794626513994
97.69,0.000151310815383011
97.7,0.000150831542749419
97.71,0.000150356791918072
97.72,0.000149886546281321
97.73,0.000149420789320599
97.74,0.000148959504607979
97.75,0.000148502675677289
97.76,0.000148050285583678
97.77,0.000147602318645857
97.78,0.000147158758744883
97.79,0.000146719589853398
97.8,0.000146284796036917
97.8099999999999,0.000145854361455099
97.82,0.000145428270363031
97.83,0.000145006507112512
97.84,0.000144589056153321
97.85,0.000144175902034501
97.86,0.000143767028923242
97.87,0.000143362421410103
97.88,0.000142962064589459
97.89,0.000142565943346555
97.9,0.000142174042665093
97.91,0.000141786347628196
97.92,0.000141402843419394
97.9299999999999,0.000141023515323594
97.94,0.000140648348728055
97.95,0.000140277329123375
97.96,0.000139910442104451
97.97,0.000139547673145177
97.98,0.000139189008177758
97.99,0.000138834433105906
98,0.000138483933931939
98.01,0.000138137496765482
98.02,0.00013779510782437
98.03,0.000137456753435545
98.04,0.000137122420035954
98.05,0.000136792094173448
98.0599999999999,0.00013646576250768
98.07,0.00013614341169563
98.08,0.000135825028439617
98.09,0.000135510599885641
98.1,0.000135200113121065
98.11,0.000134893555346729
98.12,0.000134590913877721
98.13,0.000134292176144161
98.14,0.000133997329691981
98.15,0.000133706362183699
98.16,0.000133419261399201
98.17,0.000133136015236518
98.1799999999999,0.000132856611478606
98.19,0.000132581038309886
98.2,0.000132309284027336
98.21,0.00013204133698301
98.22,0.000131777185648449
98.23,0.000131516818615354
98.24,0.000131260224596254
98.25,0.000131007392425179
98.26,0.000130758311058335
98.27,0.000130512969574771
98.28,0.000130271357066858
98.29,0.000130033462156428
98.3,0.000129799274755531
98.3099999999999,0.000129568784374372
98.32,0.000129341980642661
98.33,0.000129118853309996
98.34,0.000128899392246243
98.35,0.000128683587441925
98.36,0.00012847142900861
98.37,0.00012826290717929
98.38,0.000128058012308768
98.39,0.000127856735463709
98.4,0.000127659067488597
98.41,0.000127464998783444
98.42,0.000127274520287785
98.4299999999999,0.000127087623074071
98.44,0.000126904298348437
98.45,0.000126724537451478
98.46,0.000126548331859014
98.47,0.000126375673182865
98.48,0.000126206553171626
98.49,0.000126040963711429
98.5,0.00012587889600425
98.51,0.000125720342659509
98.52,0.000125565295963222
98.53,0.000125413748291733
98.54,0.000125265692156494
98.55,0.000125121120204585
98.5599999999999,0.000124980025219232
98.57,0.000124842400120327
98.58,0.000124708237964948
98.59,0.000124577531947876
98.6,0.000124450275402112
98.61,0.00012432646094593
98.62,0.000124206082664588
98.63,0.000124089134283635
98.64,0.000123975609624725
98.65,0.000123865502643881
98.66,0.000123758807431752
98.67,0.000123655518213874
98.6799999999999,0.000123555629350932
98.69,0.000123459135339017
98.7,0.00012336603080989
98.71,0.000123276310531239
98.72,0.000123189968548995
98.73,0.000123107000391609
98.74,0.000123027401203649
98.75,0.000122951166230113
98.76,0.000122878290846819
98.77,0.000122808770560412
98.78,0.000122742601008364
98.79,0.000122679777958977
98.8,0.000122620297311389
98.8099999999999,0.000122564155095575
98.82,0.000122511347472352
98.83,0.000122461874673721
98.84,0.000122415730829129
98.85,0.000122372912672976
98.86,0.000122333417202869
98.87,0.000122297241576356
98.88,0.000122264383112098
98.89,0.000122234839291041
98.9,0.00012220860775758
98.91,0.000122185686320732
98.92,0.000122166072955305
98.9299999999999,0.000122149765803062
98.94,0.000122136761006919
98.95,0.000122127058334726
98.96,0.000122120656319369
98.97,0.000122117553611697
98.98,0.000122117749019552
98.99,0.000122121241508302
99,0.000122128030201382
99.01,0.000122138114380825
99.02,0.000122151493487802
99.03,0.000122168167123154
99.04,0.000122188135047926
99.05,0.000122211393168401
99.0599999999999,0.000122237944005709
99.07,0.000122267787557099
99.08,0.00012230092391742
99.09,0.000122337353315441
99.1,0.000122377076113229
99.11,0.00012242009280552
99.12,0.000122466404019102
99.13,0.000122516010512185
99.14,0.000122568913173777
99.15,0.000122625113023062
99.16,0.000122684617932566
99.17,0.000122747425015266
99.1799999999999,0.000122813536143066
99.19,0.000122882953367005
99.2,0.000122955678913118
99.21,0.000123031715183741
99.22,0.0001231110647588
99.23,0.000123193730397107
99.24,0.000123279715037658
99.25,0.000123369021800924
99.26,0.000123461653983833
99.27,0.000123557614259897
99.28,0.000123656906846745
99.29,0.000123759535558925
99.3,0.000123865504395068
99.3099999999999,0.00012397481753904
99.32,0.000124087479361096
99.33,0.000124203494419028
99.34,0.000124322867459321
99.35,0.000124445603418304
99.36,0.000124571707423298
99.37,0.000124701184793773
99.38,0.000124834041042501
99.39,0.000124970277994817
99.4,0.000125109899598845
99.41,0.000125252914776265
99.42,0.000125399329350458
99.4299999999999,0.000125549149303845
99.44,0.00012570238077758
99.45,0.000125859030071246
99.46,0.000126019103642556
99.47,0.00012618260810705
99.48,0.000126349550237789
99.49,0.000126519936965056
99.5,0.000126693775376053
99.51,0.000126871072714598
99.52,0.000127051843202682
99.53,0.000127236089886741
99.54,0.000127423820823829
99.55,0.000127615044285664
99.5599999999999,0.000127809768732445
99.57,0.000128008002813744
99.58,0.00012820975536939
99.59,0.000128415035430363
99.6,0.000128623852219684
99.61,0.000128836215153298
99.62,0.000129052133840969
99.63,0.000129271618087166
99.64,0.000129494680347901
99.65,0.000129721332217374
99.66,0.000129951582196663
99.67,0.000130185441186614
99.6799999999999,0.000130422920313302
99.69,0.000130664030929865
99.7,0.000130908784618336
99.71,0.000131157193191488
99.72,0.000131409268694671
99.73,0.000131665023407638
99.74,0.000131924469846398
99.75,0.000132187620765043
99.76,0.000132454489157587
99.77,0.000132725077031738
99.78,0.000132999405103671
99.79,0.000133277486654191
99.8,0.000133559334979708
99.8099999999999,0.000133844963569945
99.82,0.000134134386107785
99.83,0.000134427616469108
99.84,0.000134724668722646
99.85,0.00013502555712982
99.86,0.00013533029614458
99.87,0.000135638900413261
99.88,0.000135951384774418
99.89,0.000136267765570942
99.9,0.000136588058863112
99.91,0.000136912278993153
99.92,0.000137240441736803
99.9299999999999,0.000137572563075599
99.94,0.00013790865919725
99.95,0.000138248746495989
99.96,0.000138592841572956
99.97,0.000138940961236558
99.98,0.000139293122502828
99.99,0.000139649342595804
100,0.000140009638947887
100.01,0.00014037402920021
100.02,0.000140742547011554
100.03,0.000141115200521345
100.04,0.000141492008444534
100.05,0.00014187299022658
100.06,0.000142258165603304
100.07,0.000142647554604112
100.08,0.000143041177555198
100.09,0.000143439055082782
100.1,0.00014384120811632
100.11,0.000144247657891712
100.12,0.000144658425954537
100.13,0.000145073534163263
100.14,0.000145492999536697
100.15,0.000145916840914674
100.16,0.000146345085589741
100.17,0.000146777756024141
100.18,0.000147214874951877
100.19,0.000147656465379863
100.2,0.00014810255058906
100.21,0.000148553154135635
100.22,0.000149008299852103
100.23,0.000149468011848461
100.24,0.000149932314513353
100.25,0.000150401232515205
100.26,0.000150874790803371
100.27,0.000151353000868681
100.28,0.000151835895310161
100.29,0.000152323500596437
100.3,0.000152815841898893
100.31,0.000153312944600219
100.32,0.000153814834292863
100.33,0.000154321536777482
100.34,0.000154833078061417
100.35,0.000155349484357141
100.36,0.000155870782080712
100.37,0.000156396997850244
100.38,0.000156928158484357
100.39,0.000157464300400946
100.4,0.000158005469194064
100.41,0.000158551676278035
100.42,0.000159102951126038
100.43,0.000159659323562354
100.44,0.000160220823766584
100.45,0.00016078748227787
100.46,0.000161359329999128
100.47,0.000161936398201263
100.48,0.000162518718527385
100.49,0.00016310632299705
100.5,0.000163699244010468
100.51,0.000164297514352728
100.52,0.000164901167127992
100.53,0.000165510235920633
100.54,0.000166124754712031
100.55,0.000166744757863346
100.56,0.000167370280141261
100.57,0.000168001356722192
100.58,0.000168638023196475
100.59,0.0001692803155726
100.6,0.000169928270281399
100.61,0.000170581924180246
100.62,0.000171241314557283
100.63,0.00017190647913561
100.64,0.000172577450566034
100.65,0.000173254236690453
100.66,0.000173936899303614
100.67,0.000174625475742386
100.68,0.00017532000361458
100.69,0.000176020520796377
100.7,0.000176727065429745
100.71,0.000177439675919894
100.72,0.000178158390932689
100.73,0.000178883249392072
100.74,0.000179614290477513
100.75,0.000180351553621427
100.76,0.000181095078506604
100.77,0.000181844921856897
100.78,0.000182601126813812
100.79,0.000183363725194885
100.8,0.000184132759395118
100.81,0.000184908272192336
100.82,0.000185690306749866
100.83,0.000186478906619181
100.84,0.000187274115742602
100.85,0.000188075978455947
100.86,0.000188884539491192
100.87,0.000189699843979164
100.88,0.00019052193745219
100.89,0.000191350866026744
100.9,0.000192186705939734
100.91,0.000193029483891339
100.92,0.000193879248669137
100.93,0.000194736049615039
100.94,0.000195599936633095
100.95,0.000196470960197284
100.96,0.000197349171359344
100.97,0.000198234621756564
100.98,0.000199127363619573
100.99,0.000200027449780174
101,0.000200934933679129
101.01,0.00020184986937397
101.02,0.000202772290879047
101.03,0.00020370223519955
101.04,0.000204639778682296
101.05,0.000205584975008014
101.06,0.000206537878267002
101.07,0.000207498542958012
101.08,0.000208467023987104
101.09,0.000209443376666558
101.1,0.000210427656713736
101.11,0.000211419920249939
101.12,0.000212420223799327
101.13,0.000213428624287765
101.14,0.000214445179041712
101.15,0.000215469940963327
101.16,0.000216502970055266
101.17,0.000217544325055899
101.18,0.000218594064384049
101.19,0.000219652246804307
101.2,0.000220718931423794
101.21,0.000221794177688982
101.22,0.000222878045382461
101.23,0.000223970594619705
101.24,0.000225071885845893
101.25,0.000226182010323365
101.26,0.000227301044605471
101.27,0.000228429032390774
101.28,0.000229566040708098
101.29,0.000230712137432089
101.3,0.00023186739130295
101.31,0.000233031871946184
101.32,0.000234205649892332
101.33,0.000235388796596695
101.34,0.000236581384459107
101.35,0.000237783479184006
101.36,0.000238995121294402
101.37,0.000240216408460125
101.38,0.000241447413362227
101.39,0.000242688209346907
101.4,0.000243938870428713
101.41,0.000245199471293737
101.42,0.000246470087302815
101.43,0.000247750794494722
101.44,0.000249041669589379
101.45,0.000250342789991022
101.46,0.000251654172811053
101.47,0.000252975921576312
101.48,0.000254308117906553
101.49,0.000255650835747816
101.5,0.000257004149132269
101.51,0.000258368132155305
101.52,0.000259742858952634
101.53,0.00026112840367737
101.54,0.000262524840477123
101.55,0.000263932243471092
101.56,0.000265350733966657
101.57,0.000266780414848889
101.58,0.000268221339241996
101.59,0.00026967359354978
101.6,0.00027113726557001
101.61,0.000272612444551475
101.62,0.000274099221251103
101.63,0.000275597687991001
101.64,0.000277107934168037
101.65,0.000278630033782323
101.66,0.000280164095630304
101.67,0.000281710215390308
101.68,0.000283268490158422
101.69,0.000284839018482641
101.7,0.000286421900396981
101.71,0.000288017237455673
101.72,0.000289625132767282
101.73,0.000291245564418379
101.74,0.000292878654123767
101.75,0.000294524495801358
101.76,0.000296183164536676
101.77,0.000297854732019105
101.78,0.000299539266251897
101.79,0.000301236913152117
101.8,0.000302947881592746
101.81,0.000304672172757087
101.82,0.000306409884481498
101.83,0.000308161115650765
101.84,0.000309925966198166
101.85,0.000311704568432533
101.86,0.000313497052774512
101.87,0.000315303510513492
101.88,0.0003171240570147
101.89,0.000318958809730543
101.9,0.000320807888200607
101.91,0.000322671356635246
101.92,0.000324549317124144
101.93,0.000326441904838477
101.94,0.000328349231598756
101.95,0.000330271409844818
101.96,0.000332208552635885
101.97,0.00033416069281098
101.98,0.000336127942879182
101.99,0.000338110419342866
102,0.00034010821934945
102.01,0.000342121439005154
102.02,0.000344150173375001
102.03,0.000346194632063475
102.04,0.000348254881217388
102.05,0.000350331022505587
102.06,0.000352423168818482
102.07,0.000354531433968423
102.08,0.00035665593437345
102.09,0.000358796894166609
102.1,0.000360954386862482
102.11,0.000363128546781048
102.12,0.000365319510792659
102.13,0.000367527418317984
102.14,0.000369752390427663
102.15,0.000371994422677703
102.16,0.00037425373077396
102.17,0.000376530441381975
102.18,0.000378824681688141
102.19,0.000381136579399716
102.2,0.000383466262744766
102.21,0.000385813789911129
102.22,0.000388179282642342
102.23,0.000390562879639824
102.24,0.000392964696569946
102.25,0.000395384848386016
102.26,0.000397823449328295
102.27,0.000400280647217924
102.28,0.000402756666160065
102.29,0.000405251565393994
102.3,0.00040776547702921
102.31,0.000410298534275616
102.32,0.000412850871443534
102.33,0.000415422623943643
102.34,0.000418013966447461
102.35,0.000420625030584554
102.36,0.00042325595483115
102.37,0.000425906885671206
102.38,0.000428577971245774
102.39,0.000431269361353019
102.4,0.000433981155456507
102.41,0.000436713416989019
102.42,0.000439466345314369
102.43,0.00044224007547478
102.44,0.000445034742316789
102.45,0.000447850480491175
102.46,0.000450687424453063
102.47,0.000453545724726817
102.48,0.000456425509584734
102.49,0.000459326914279673
102.5,0.000462250074927913
102.51,0.000465195127652028
102.52,0.000468162208580885
102.53,0.000471151483350899
102.54,0.000474163114225001
102.55,0.000477197222166905
102.56,0.000480253951884761
102.57,0.000483333448808389
102.58,0.00048643585908921
102.59,0.000489561329600352
102.6,0.000492709977868785
102.61,0.000495881959147342
102.62,0.000499077422187933
102.63,0.000502296511997896
102.64,0.000505539373920303
102.65,0.000508806153633963
102.66,0.000512096989330874
102.67,0.000515411991732211
102.68,0.000518751324919493
102.69,0.00052211513020753
102.7,0.000525503548757828
102.71,0.000528916721578713
102.72,0.000532354789525268
102.73,0.000535817889551758
102.74,0.000539306160127064
102.75,0.000542819742995718
102.76,0.000546358777460409
102.77,0.00054992340259248
102.78,0.000553513757231932
102.79,0.000557129979987421
102.8,0.000560772196552964
102.81,0.000564440549502514
102.82,0.000568135175918465
102.83,0.000571856211654382
102.84,0.000575603792184809
102.85,0.00057937805260521
102.86,0.000583179119001718
102.87,0.000587007100216279
102.88,0.000590862142973153
102.89,0.000594744376213508
102.9,0.000598653928104425
102.91,0.000602590926038895
102.92,0.000606555496635821
102.93,0.000610547742042053
102.94,0.000614567780281723
102.95,0.000618615741320337
102.96,0.000622691743463217
102.97,0.000626795903810354
102.98,0.000630928338256335
102.99,0.000635089161490485
103,0.000639278446972002
103.01,0.000643496325029566
103.02,0.000647742902173469
103.03,0.000652018282970432
103.04,0.000656322570356207
103.05,0.000660655865635573
103.06,0.000665018253516644
103.07,0.000669409802096373
103.08,0.000673830623280488
103.09,0.000678280805516732
103.1,0.000682760435085694
103.11,0.000687269596100735
103.12,0.000691808370508137
103.13,0.000696376803349263
103.14,0.000700974964278635
103.15,0.000705602930369792
103.16,0.000710260764996474
103.17,0.000714948528418438
103.18,0.000719666273233875
103.19,0.000724414029935904
103.2,0.000729191857772252
103.21,0.000733999799434782
103.22,0.000738837893987897
103.23,0.000743706176868455
103.24,0.000748604659760844
103.25,0.000753533365730154
103.26,0.000758492320460939
103.27,0.000763481539058306
103.28,0.000768501032442835
103.29,0.000773550799321088
103.3,0.000778630798101524
103.31,0.000783741042784765
103.32,0.000788881518086565
103.33,0.000794052203586325
103.34,0.000799253073727263
103.35,0.000804484059175454
103.36,0.000809745113278835
103.37,0.000815036197608364
103.38,0.000820357254717854
103.39,0.000825708220938468
103.4,0.000831089019093872
103.41,0.000836499530448957
103.42,0.000841939687772605
103.43,0.00084740939347745
103.44,0.000852908542845073
103.45,0.000858437024025874
103.46,0.000863994689186916
103.47,0.000869581399233016
103.48,0.000875197018366223
103.49,0.000880841391851153
103.5,0.000886514355352881
103.51,0.000892215734409209
103.52,0.000897945329960213
103.53,0.000903702951658623
103.54,0.000909488390998763
103.55,0.000915301428263522
103.56,0.000921141832290902
103.57,0.000927009357103932
103.58,0.000932903741644402
103.59,0.000938824720132252
103.6,0.000944772010547089
103.61,0.000950745317780905
103.62,0.000956744333370057
103.63,0.00096276873877179
103.64,0.000968818198863464
103.65,0.000974892363921945
103.66,0.000980990870894331
103.67,0.000987113342284971
103.68,0.000993259386208317
103.69,0.000999428599487176
103.7,0.00100562055881063
103.71,0.00101183482753349
103.72,0.00101807095351711
103.73,0.0010243284688941
103.74,0.00103060688358121
103.75,0.00103690568828363
103.76,0.00104322436788659
103.77,0.0010495623846273
103.78,0.00105591918304154
103.79,0.0010622941896705
103.8,0.00106868680008298
103.81,0.00107509640286247
103.82,0.0010815223667727
103.83,0.00108796403851286
103.84,0.00109442074449973
103.85,0.00110089179460439
103.86,0.00110737650252637
103.87,0.00111387412424968
103.88,0.00112038391003606
103.89,0.00112690508957858
103.9,0.00113343687175738
103.91,0.00113997846366627
103.92,0.00114652907100329
103.93,0.00115308783070752
103.94,0.0011596538822461
103.95,0.00116622634581621
103.96,0.0011728043222992
103.97,0.0011793868651501
103.98,0.00118597301758466
103.99,0.00119256182313743
104,0.0011991522905032
104.01,0.00120574340642374
104.02,0.00121233413547179
104.03,0.00121892337472501
104.04,0.00122551004207231
104.05,0.00123209302741576
104.06,0.00123867118810627
104.07,0.00124524335557119
104.08,0.00125180834016133
104.09,0.0012583651029753
104.1,0.00126491234501778
104.11,0.00127144883662386
104.12,0.00127797332836879
104.13,0.00128448455126693
104.14,0.0012909812345512
104.15,0.00129746213743083
104.16,0.00130392591739136
104.17,0.00131037125160693
104.18,0.00131679680253487
104.19,0.00132320121839329
104.2,0.00132958310737151
104.21,0.00133594105701003
104.22,0.00134227368103777
104.23,0.00134857955810106
104.24,0.00135485725206813
104.25,0.0013611053122981
104.26,0.0013673223097893
104.27,0.00137350677804248
104.28,0.00137965722677494
104.29,0.00138577216565615
104.3,0.00139185009377513
104.31,0.00139788950009071
104.32,0.00140388905303652
104.33,0.00140984719485851
104.34,0.00141576242586158
104.35,0.00142163325943662
104.36,0.00142745821087892
104.37,0.00143323581253074
104.38,0.00143896470942871
104.39,0.00144464339714616
104.4,0.00145027044471235
104.41,0.00145584443474611
104.42,0.00146136396502391
104.43,0.00146682766264263
104.44,0.00147223418942013
104.45,0.00147758219179871
104.46,0.00148287035533979
104.47,0.00148809739055563
104.48,0.00149326203461774
104.49,0.00149836311648591
104.5,0.00150339948091054
104.51,0.00150836995101989
104.52,0.00151327342165465
104.53,0.00151810882849611
104.54,0.00152287515017181
104.55,0.00152757156249768
104.56,0.00153219716055668
104.57,0.00153675108146661
104.58,0.00154123255588951
104.59,0.00154564087762998
104.6,0.00154997540641309
104.61,0.00155423565708912
104.62,0.00155842111112198
104.63,0.00156253136187308
104.64,0.00156656608660076
104.65,0.0015705250465614
104.66,0.00157440809108774
104.67,0.00157821516682893
104.68,0.00158194630324974
104.69,0.00158560163058717
104.7,0.00158918137880603
104.71,0.00159268588069359
104.72,0.0015961155745207
104.73,0.00159947100675217
104.74,0.00160275283725157
104.75,0.00160596184041415
104.76,0.00160909890880547
104.77,0.00161216505244119
104.78,0.00161516140447789
104.79,0.00161808923001364
104.8,0.00162094992168435
104.81,0.00162374500504267
104.82,0.00162647605265284
104.83,0.00162914481605062
104.84,0.00163175321635657
104.85,0.00163430328344118
104.86,0.00163679718418523
104.87,0.00163923706856112
104.88,0.00164162536886545
104.89,0.00164396462735101
104.9,0.00164625750280944
104.91,0.00164850678255139
104.92,0.00165071525504271
104.93,0.00165288599866253
104.94,0.0016550221605437
104.95,0.00165712701454722
104.96,0.00165920393129254
104.97,0.00166125628666853
104.98,0.00166328774717629
104.99,0.00166530202852871
105,0.00166730296034009
105.01,0.00166929439463553
105.02,0.00167128019531263
105.03,0.00167326452627417
105.04,0.0016752515558723
105.05,0.00167724554016584
105.06,0.00167925067768755
105.07,0.00168127125488877
105.08,0.00168331174879794
105.09,0.00168537662650408
105.1,0.00168747040720355
105.11,0.0016895975983865
105.12,0.0016917627892388
105.13,0.001693970611895
105.14,0.00169622571409411
105.15,0.00169853276638044
105.16,0.00170089626741295
105.17,0.00170332092488522
105.18,0.00170581138438208
105.19,0.00170837227100729
105.2,0.001711008186599
105.21,0.00171372366093612
105.22,0.00171652324983697
105.23,0.00171941144570065
105.24,0.00172239269278618
105.25,0.00172547139254183
105.26,0.00172865192027108
105.27,0.00173193854262397
105.28,0.00173533547431749
105.29,0.00173884685492064
105.3,0.00174247674178975
105.31,0.00174622910733699
105.32,0.00175010783026957
105.33,0.00175411671151312
105.34,0.00175825951553561
105.35,0.0017625398183862
105.36,0.00176696112236936
105.37,0.00177152685150985
105.38,0.00177624042274482
105.39,0.00178110501265393
105.4,0.00178612374073141
105.41,0.00179129962872624
105.42,0.00179663562664107
105.43,0.00180213452518047
105.44,0.00180779902231666
105.45,0.00181363171025973
105.46,0.00181963509284222
105.47,0.00182581152733986
105.48,0.0018321632680655
105.49,0.00183869248189357
105.5,0.00184540133090559
105.51,0.0018522917329917
105.52,0.00185936555299085
105.53,0.00186662457336538
105.54,0.0018740705542896
105.55,0.00188170505998656
105.56,0.00188952960188934
105.57,0.00189754560409445
105.58,0.00190575449139341
105.59,0.00191415751251754
105.6,0.00192275587350362
105.61,0.00193155070704203
105.62,0.00194054307425459
105.63,0.00194973396816413
105.64,0.00195912431567291
105.65,0.00196871497983936
105.66,0.00197850678477204
105.67,0.00198850049799838
105.68,0.00199869681488926
105.69,0.00200909639073897
105.7,0.00201969987258349
105.71,0.00203050792801866
105.72,0.0020415210949887
105.73,0.00205273992544886
105.74,0.00206416494468628
105.75,0.00207579661542504
105.76,0.00208763543891788
105.77,0.00209968188357502
105.78,0.00211193640808068
105.79,0.00212439933716952
105.8,0.00213707110901523
105.81,0.00214995211821508
105.82,0.00216304274450702
105.83,0.00217634344633077
105.84,0.00218985464393894
105.85,0.00220357673806463
105.86,0.00221751016313341
105.87,0.00223165534804436
105.88,0.00224601272915021
105.89,0.00226058279297568
105.9,0.00227536603473305
105.91,0.00229036294495198
105.92,0.00230557395646444
105.93,0.00232099964341817
105.94,0.00233664055640589
105.95,0.00235249726957318
105.96,0.00236857034579876
105.97,0.00238486040787374
105.98,0.00240136809653917
105.99,0.00241809407719219
106,0.00243503902826477
106.01,0.00245220365323155
106.02,0.00246958870184896
106.03,0.00248719494529336
106.04,0.00250502317372518
106.05,0.00252307412931426
106.06,0.00254134867887531
106.07,0.00255984767904795
106.08,0.00257857201200056
106.09,0.00259752252712883
106.1,0.00261670013668494
106.11,0.00263610577827892
106.12,0.00265574039890999
106.13,0.00267560495200182
106.14,0.00269570039520963
106.15,0.00271602772665019
106.16,0.00273658794795904
106.17,0.0027573820724976
106.18,0.00277841108214318
106.19,0.00279967601724712
106.2,0.00282117790760749
106.21,0.00284291778862487
106.22,0.00286489667669294
106.23,0.00288711559778873
106.24,0.00290957558850026
106.25,0.00293227767544921
106.26,0.00295522288074482
106.27,0.00297841222019308
106.28,0.00300184670267704
106.29,0.00302552732781471
106.3,0.00304945508462738
106.31,0.00307363096321543
106.32,0.00309805592782144
106.33,0.0031227309317961
106.34,0.00314765691374955
106.35,0.00317283480247433
106.36,0.00319826551000709
106.37,0.00322394992230123
106.38,0.00324988890909993
106.39,0.00327608332163145
106.4,0.00330253401855659
106.41,0.00332924180140206
106.42,0.00335620746228458
106.43,0.0033834317702331
106.44,0.00341091549164827
106.45,0.00343865936871459
106.46,0.00346666411026042
106.47,0.0034949304099564
106.48,0.00352345893597408
106.49,0.00355225033801646
106.5,0.00358130524169372
106.51,0.00361062425280574
106.52,0.00364020795774283
106.53,0.00367005691411996
106.54,0.00370017165886748
106.55,0.00373055272391173
106.56,0.0037612006079942
106.57,0.0037921157892972
106.58,0.00382329872865146
106.59,0.00385474987152996
106.6,0.00388646963902132
106.61,0.00391845843515677
106.62,0.00395071664472348
106.63,0.00398324463411874
106.64,0.00401604275199756
106.65,0.0040491113289167
106.66,0.00408245068030159
106.67,0.00411606110195569
106.68,0.0041499428736884
106.69,0.00418409625797562
106.7,0.00421852150004608
106.71,0.00425321883059716
106.72,0.00428818846378019
106.73,0.00432343059687199
106.74,0.00435894541098729
106.75,0.0043947330734455
106.76,0.00443079373567525
106.77,0.00446712753740411
106.78,0.0045037346042345
106.79,0.004540615045143
106.8,0.00457776895692739
106.81,0.00461519642744715
106.82,0.00465289753107571
106.83,0.00469087232831315
106.84,0.00472912086950557
106.85,0.00476764315436478
106.86,0.00480643918854701
106.87,0.00484550896980213
106.88,0.00488485247154503
106.89,0.0049244696864591
106.9,0.00496436056653696
106.91,0.0050045250514164
106.92,0.0050449630722464
106.93,0.0050856745394382
106.94,0.00512665935827946
106.95,0.00516791741953548
106.96,0.0052094486007014
106.97,0.005251252742966
106.98,0.00529332970324322
106.99,0.00533567931430711
107,0.00537830139526661
107.01,0.00542119575157349
107.02,0.00546436215626416
107.03,0.00550780038948535
107.04,0.00555151021006516
107.05,0.00559549136136497
107.06,0.00563974357177275
107.07,0.0056842665539424
107.08,0.00572906000603083
107.09,0.00577412361074023
107.1,0.00581945703531729
107.11,0.00586505993150238
107.12,0.00591093193871118
107.13,0.0059570726777208
107.14,0.0060034817540143
107.15,0.00605015875783816
107.16,0.00609710326371089
107.17,0.0061443148290077
107.18,0.00619179299624259
107.19,0.00623953729196246
107.2,0.00628754722631301
107.21,0.00633582229319667
107.22,0.00638436196866655
107.23,0.00643316571329245
107.24,0.00648223297139944
107.25,0.00653156317019756
107.26,0.0065811557200588
107.27,0.00663101001590434
107.28,0.00668112543495381
107.29,0.00673150133672613
107.3,0.00678213706413733
107.31,0.00683303194293108
107.32,0.00688418528327703
107.33,0.00693559637758948
107.34,0.00698726449980313
107.35,0.00703918890722298
107.36,0.0070913688397536
107.37,0.00714380352044777
107.38,0.00719649215481774
107.39,0.00724943393020266
107.4,0.00730262801666036
107.41,0.00735607356658112
107.42,0.00740976971609174
107.43,0.00746371558396277
107.44,0.00751791026925297
107.45,0.00757235285426723
107.46,0.0076270424035542
107.47,0.00768197796556986
107.48,0.00773715857207001
107.49,0.00779258323400451
107.5,0.00784825094606246
107.51,0.00790416068525465
107.52,0.00796031141084854
107.53,0.0080167020643404
107.54,0.00807333156958378
107.55,0.00813019883261558
107.56,0.00818730274167936
107.57,0.0082446421669998
107.58,0.00830221596060221
107.59,0.00836002295726418
107.6,0.00841806197357115
107.61,0.00847633180815364
107.62,0.00853483124311789
107.63,0.00859355904643308
107.64,0.00865251396205795
107.65,0.00871169471877709
107.66,0.00877110002771391
107.67,0.00883072858291929
107.68,0.00889057906542014
107.69,0.00895065013255586
107.7,0.00901094042671651
107.71,0.00907144857302353
107.72,0.00913217317936484
107.73,0.00919311282594039
107.74,0.00925426608825873
107.75,0.0093156315194935
107.76,0.00937720765509627
107.77,0.00943899301278311
107.78,0.00950098610266302
107.79,0.00956318540747493
107.8,0.00962558939424228
107.81,0.00968819651404069
107.82,0.00975100520093013
107.83,0.00981401386855607
107.84,0.00987722091575581
107.85,0.00994062472516979
107.86,0.0100042236614004
107.87,0.0100680160719271
107.88,0.0101320002885341
107.89,0.010196174625744
107.9,0.0102605373799087
107.91,0.0103250868311716
107.92,0.010389821242827
107.93,0.0104547388643763
107.94,0.0105198379305466
107.95,0.0105851166540884
107.96,0.0106505732340247
107.97,0.0107162058532167
107.98,0.0107820126776848
107.99,0.0108479918558898
108,0.0109141415230326
108.01,0.0109804597971457
108.02,0.0110469447803038
108.03,0.0111135945586856
108.04,0.0111804071982597
108.05,0.0112473807537845
108.06,0.01131451326311
108.07,0.0113818027477837
108.08,0.0114492472134819
108.09,0.0115168446522998
108.1,0.0115845930415074
108.11,0.0116524903391287
108.12,0.0117205344895115
108.13,0.0117887234216469
108.14,0.0118570550494863
108.15,0.0119255272786459
108.16,0.0119941379908308
108.17,0.0120628850563293
108.18,0.0121317663307804
108.19,0.0122007796552681
108.2,0.0122699228559966
108.21,0.0123391937449578
108.22,0.0124085901201083
108.23,0.0124781097650179
108.24,0.0125477504491323
108.25,0.012617509927599
108.26,0.0126873859405072
108.27,0.0127573762157404
108.28,0.012827478466672
108.29,0.0128976903929183
108.3,0.0129680096804223
108.31,0.0130384340067875
108.32,0.013108961031697
108.33,0.013179588401532
108.34,0.0132503137506632
108.35,0.0133211347006037
108.36,0.0133920488614999
108.37,0.0134630538324151
108.38,0.0135341471963374
108.39,0.0136053265256618
108.4,0.0136765893806913
108.41,0.0137479333097643
108.42,0.0138193558477774
108.43,0.0138908545181509
108.44,0.0139624268342421
108.45,0.0140340702969175
108.46,0.0141057823955698
108.47,0.0141775606082342
108.48,0.0142494024054598
108.49,0.0143213052437354
108.5,0.0143932665680782
108.51,0.0144652838137746
108.52,0.014537354405586
108.53,0.014609475757883
108.54,0.0146816452842478
108.55,0.0147538603770869
108.56,0.0148261184223734
108.57,0.0148984167972106
108.58,0.0149707528694595
108.59,0.0150431239971281
108.6,0.0151155275215017
108.61,0.0151879607860361
108.62,0.0152604211209405
108.63,0.0153329058476081
108.64,0.0154054122787543
108.65,0.0154779377226353
108.66,0.0155504794876593
108.67,0.0156230348583345
108.68,0.0156956011184967
108.69,0.0157681755447499
108.7,0.0158407554066568
108.71,0.015913337961892
108.72,0.0159859204601804
108.73,0.016058500152163
108.74,0.0161310742778874
108.75,0.0162036400707715
108.76,0.0162761947577575
108.77,0.0163487355724185
108.78,0.0164212597334095
108.79,0.0164937644482757
108.8,0.0165662469241108
108.81,0.0166387043629692
108.82,0.0167111339620595
108.83,0.0167835329137283
108.84,0.0168558984030012
108.85,0.0169282276148486
108.86,0.0170005177284074
108.87,0.0170727659188479
108.88,0.0171449693575606
108.89,0.0172171252123455
108.9,0.0172892306532832
108.91,0.0173612828471283
108.92,0.0174332789502705
108.93,0.0175052161207216
108.94,0.0175770915142511
108.95,0.0176489022845987
108.96,0.0177206455836916
108.97,0.0177923185532933
108.98,0.0178639183445011
108.99,0.0179354421038253
109,0.0180068869760107
109.01,0.0180782501047603
109.02,0.0181495286329311
109.03,0.0182207197053615
109.04,0.0182918204697208
109.05,0.0183628280654502
109.06,0.0184337396358572
109.07,0.018504552324667
109.08,0.0185752632762388
109.09,0.0186458696357788
109.1,0.0187163685497814
109.11,0.0187867571658037
109.12,0.0188570326328865
109.13,0.0189271921018357
109.14,0.0189972327253861
109.15,0.0190671516584161
109.16,0.0191369460608392
109.17,0.0192066131078875
109.18,0.0192761499566169
109.19,0.0193455537763277
109.2,0.0194148217401076
109.21,0.0194839510250862
109.22,0.019552938812686
109.23,0.0196217822631284
109.24,0.0196904785533335
109.25,0.0197590248830984
109.26,0.0198274184436163
109.27,0.0198956564301628
109.28,0.019963736042255
109.29,0.0200316544838107
109.3,0.0200994090014147
109.31,0.0201669967951961
109.32,0.0202344150900214
109.33,0.0203016611175035
109.34,0.0203687321156751
109.35,0.0204356253292235
109.36,0.0205023380115331
109.37,0.0205688674250012
109.38,0.0206352108343888
109.39,0.0207013655145532
109.4,0.0207673287483618
109.41,0.0208330978269383
109.42,0.0208986700499089
109.43,0.0209640426984966
109.44,0.0210292130870656
109.45,0.0210941785420656
109.46,0.0211589363912813
109.47,0.0212234839710127
109.48,0.0212878186262436
109.49,0.0213519377113173
109.5,0.021415838593912
109.51,0.0214795186443225
109.52,0.021542975245022
109.53,0.0216062057881804
109.54,0.021669207675845
109.55,0.021731978320121
109.56,0.0217945151522274
109.57,0.0218568156137564
109.58,0.0219188771451778
109.59,0.02198069720481
109.6,0.0220422732625567
109.61,0.0221036028001256
109.62,0.022164683311251
109.63,0.022225512282765
109.64,0.0222860872365991
109.65,0.0223464057016464
109.66,0.0224064652171113
109.67,0.022466263334624
109.68,0.0225257976184167
109.69,0.0225850656386644
109.7,0.0226440649632723
109.71,0.0227027932063737
109.72,0.0227612479799628
109.73,0.0228194269089421
109.74,0.0228773276312695
109.75,0.0229349477981014
109.76,0.0229922850739381
109.77,0.0230493371414817
109.78,0.0231061017000122
109.79,0.0231625764508835
109.8,0.0232187591154494
109.81,0.0232746474293947
109.82,0.0233302391428925
109.83,0.0233855320207657
109.84,0.023440523842645
109.85,0.0234952123990395
109.86,0.0235495954963961
109.87,0.0236036709616448
109.88,0.0236574366339283
109.89,0.023710890367825
109.9,0.0237640300334992
109.91,0.0238168535168509
109.92,0.0238693587196659
109.93,0.0239215435297588
109.94,0.0239734058721538
109.95,0.024024943704151
109.96,0.0240761549849561
109.97,0.0241270376894403
109.98,0.0241775898082376
109.99,0.0242278093478433
110,0.0242776943307099
110.01,0.0243272427892539
110.02,0.0243764527783729
110.03,0.0244253223694103
110.04,0.024473849648348
110.05,0.0245220327174511
110.06,0.0245698696953567
110.07,0.0246173587171618
110.08,0.0246644979345127
110.09,0.0247112855303974
110.1,0.0247577196856668
110.11,0.0248037986028036
110.12,0.0248495205031386
110.13,0.0248948836253198
110.14,0.0249398862254184
110.15,0.024984526577035
110.16,0.0250288029714059
110.17,0.0250727136687222
110.18,0.0251162570185972
110.19,0.0251594313593317
110.2,0.0252022350463067
110.21,0.0252446664521448
110.22,0.025286723966766
110.23,0.0253284059974437
110.24,0.0253697109634313
110.25,0.0254106372588046
110.26,0.0254511833676499
110.27,0.0254913477602207
110.28,0.0255311289235208
110.29,0.0255705253613127
110.3,0.0256095355941271
110.31,0.0256481581592717
110.32,0.0256863916108393
110.33,0.0257242345427915
110.34,0.0257616855350437
110.35,0.0257987431931497
110.36,0.0258354061420837
110.37,0.02587167302409
110.38,0.0259075424987135
110.39,0.0259430132428319
110.4,0.0259780839506872
110.41,0.02601275333777
110.42,0.0260470201337567
110.43,0.026080883084397
110.44,0.0261143409545478
110.45,0.0261473925266903
110.46,0.0261800366009686
110.47,0.0262122719952258
110.48,0.0262440975450406
110.49,0.0262755120657247
110.5,0.0263065143839694
110.51,0.0263371034154766
110.52,0.0263672780541236
110.53,0.0263970372100947
110.54,0.0264263798098323
110.55,0.026455304795989
110.56,0.026483811127379
110.57,0.0265118977730747
110.58,0.0265395636983605
110.59,0.0265668079236695
110.6,0.0265936294676509
110.61,0.0266200273643272
110.62,0.0266460006630183
110.63,0.0266715484282627
110.64,0.0266966697397401
110.65,0.0267213636921938
110.66,0.0267456294926027
110.67,0.0267694662202824
110.68,0.0267928730253894
110.69,0.0268158490760096
110.7,0.026838393556562
110.71,0.0268605056678078
110.72,0.026882184626857
110.73,0.0269034296671761
110.74,0.0269242400134279
110.75,0.0269446149334834
110.76,0.0269645537121752
110.77,0.0269840556436672
110.78,0.0270031200379348
110.79,0.0270217462207422
110.8,0.0270399335336199
110.81,0.0270576813338414
110.82,0.0270749889037523
110.83,0.0270918555711326
110.84,0.027108280782493
110.85,0.0271242639327556
110.86,0.0271398044294014
110.87,0.0271549016922878
110.88,0.027169555153465
110.89,0.0271837642569926
110.9,0.0271975284710535
110.91,0.0272108473117625
110.92,0.0272237202322899
110.93,0.027236146731185
110.94,0.0272481263191248
110.95,0.0272596585187849
110.96,0.0272707428647121
110.97,0.0272813789031956
110.98,0.0272915661921384
110.99,0.0273013045223272
111,0.0273105933881293
111.01,0.0273194323964147
111.02,0.0273278211833733
111.03,0.0273357594001129
111.04,0.0273432467127334
111.05,0.0273502828024005
111.06,0.0273568673654193
111.07,0.0273629999498206
111.08,0.0273686802367435
111.09,0.0273739080122652
111.1,0.0273786829964462
111.11,0.027383004920293
111.12,0.0273868735255948
111.13,0.0273902885647601
111.14,0.0273932498006528
111.15,0.0273957569627759
111.16,0.0273978097391604
111.17,0.0273994079762372
111.18,0.0274005514570045
111.19,0.0274012399716122
111.2,0.0274014733170661
111.21,0.0274012512969339
111.22,0.0274005737210494
111.23,0.027399440411591
111.24,0.0273978515300349
111.25,0.0273958067331945
111.26,0.0273933058955347
111.27,0.0273903489016933
111.28,0.0273869356464752
111.29,0.0273830660348468
111.3,0.0273787399819295
111.31,0.0273739574129939
111.32,0.027368718272523
111.33,0.0273630225060209
111.34,0.0273568700680266
111.35,0.0273502609261208
111.36,0.0273431950582176
111.37,0.0273356724525696
111.38,0.0273276931077728
111.39,0.0273192570327718
111.4,0.0273103641013194
111.41,0.0273010141613396
111.42,0.0272912073624234
111.43,0.0272809437045351
111.44,0.0272702231918025
111.45,0.0272590458321956
111.46,0.0272474116372052
111.47,0.0272353206215214
111.48,0.0272227728149956
111.49,0.0272097683431931
111.5,0.0271963071743533
111.51,0.0271823893479299
111.52,0.0271680149068771
111.53,0.0271531838974303
111.54,0.0271378963688868
111.55,0.027122152373386
111.56,0.02710595196569
111.57,0.0270892955203738
111.58,0.0270721830285271
111.59,0.0270546145448808
111.6,0.0270365901844206
111.61,0.0270181100692127
111.62,0.0269991743284033
111.63,0.0269797830982187
111.64,0.0269599363567285
111.65,0.0269396343147541
111.66,0.0269188771209379
111.67,0.0268976649176631
111.68,0.0268759978526584
111.69,0.0268538760789978
111.7,0.0268312997515141
111.71,0.0268082686109873
111.72,0.0267847830318288
111.73,0.0267608431405535
111.74,0.0267364490649823
111.75,0.026711600934243
111.76,0.02668629887877
111.77,0.0266605430399523
111.78,0.026634333652716
111.79,0.0266076708007736
111.8,0.0265805546328265
111.81,0.0265529852999727
111.82,0.0265249629557072
111.83,0.0264964877559211
111.84,0.026467559878185
111.85,0.0264381795745136
111.86,0.0264083469611732
111.87,0.0263780622171521
111.88,0.0263473255249558
111.89,0.026316137070607
111.9,0.0262844970436455
111.91,0.0262524055476307
111.92,0.0262198625418854
111.93,0.0261868683532781
111.94,0.0261534231435395
111.95,0.0261195270744714
111.96,0.026085180307946
111.97,0.0260503830059064
111.98,0.0260151352667188
111.99,0.0259794371520331
112,0.0259432888810049
112.01,0.0259066905936821
112.02,0.025869642428372
112.03,0.0258321445216417
112.04,0.0257941970083177
112.05,0.0257558000287345
112.06,0.0257169537209327
112.07,0.0256776582103339
112.08,0.0256379136268021
112.09,0.0255977200986235
112.1,0.0255570777525053
112.11,0.0255159867135775
112.12,0.0254744471463082
112.13,0.0254324591924179
112.14,0.0253900229574755
112.15,0.0253471385695874
112.16,0.0253038061560292
112.17,0.0252600258432453
112.18,0.0252157977568485
112.19,0.0251711218823618
112.2,0.025125998320763
112.21,0.0250804272240164
112.22,0.0250344086876622
112.23,0.0249879428042739
112.24,0.0249410296634595
112.25,0.0248936693518597
112.26,0.0248458617592685
112.27,0.0247976069809203
112.28,0.0247489051119306
112.29,0.0246997561949318
112.3,0.0246501602670433
112.31,0.0246001173598707
112.32,0.0245496274995073
112.33,0.0244986907513277
112.34,0.0244473071186337
112.35,0.0243954766110945
112.36,0.0243431992392601
112.37,0.0242904750086781
112.38,0.0242373039198954
112.39,0.0241836859684574
112.4,0.0241296211933204
112.41,0.0240751095657062
112.42,0.0240201510727108
112.43,0.0239647456992052
112.44,0.0239088934259173
112.45,0.0238525941924001
112.46,0.023795847879484
112.47,0.0237386544891151
112.48,0.0236810139617475
112.49,0.023622926231383
112.5,0.0235643912255689
112.51,0.0235054088000456
112.52,0.023445978855218
112.53,0.0233861013032954
112.54,0.0233257760280985
112.55,0.0232650029053107
112.56,0.0232037818068754
112.57,0.0231421126617789
112.58,0.0230799952954976
112.59,0.0230174295636168
112.6,0.0229544153148275
112.61,0.0228909523909278
112.62,0.022827040644636
112.63,0.0227626799268226
112.64,0.0226978700503461
112.65,0.0226326108373727
112.66,0.0225669021039397
112.67,0.0225007436599549
112.68,0.0224341352406029
112.69,0.0223670766495062
112.7,0.0222995676744166
112.71,0.0222316080852503
112.72,0.0221631976443566
112.73,0.0220943360986052
112.74,0.0220250231565669
112.75,0.0219552585721811
112.76,0.0218850420693444
112.77,0.0218143733635797
112.78,0.0217432521620359
112.79,0.0216716782482113
112.8,0.0215996513647691
112.81,0.0215271711757114
112.82,0.0214542373833407
112.83,0.021380849684308
112.84,0.0213070077696146
112.85,0.021232711332868
112.86,0.02115796005241
112.87,0.0210827536041618
112.88,0.0210070916588933
112.89,0.0209309738630977
112.9,0.0208543998407228
112.91,0.0207773692515745
112.92,0.0206998817302143
112.93,0.0206219369041333
112.94,0.0205435344523087
112.95,0.0204646739892306
112.96,0.0203853551316941
112.97,0.0203055774981742
112.98,0.0202253407529846
112.99,0.0201446446618028
113,0.0200634888000607
113.01,0.0199818728201747
113.02,0.0198997963758246
113.03,0.0198172591487785
113.04,0.0197342608020013
113.05,0.0196508009962161
113.06,0.0195668794004198
113.07,0.0194824956636979
113.08,0.0193976493383964
113.09,0.0193123401251854
113.1,0.0192265676663263
113.11,0.0191403316022191
113.12,0.0190536316595341
113.13,0.0189664675238778
113.14,0.0188788388341735
113.15,0.01879074526333
113.16,0.0187021865287427
113.17,0.0186131628277046
113.18,0.0185236737279571
113.19,0.0184337190516107
113.2,0.0183432986398334
113.21,0.0182524123472528
113.22,0.0181610600463218
113.23,0.0180692416342082
113.24,0.017976957023759
113.25,0.0178842060737191
113.26,0.0177909887100226
113.27,0.0176973048792329
113.28,0.0176031545364596
113.29,0.0175085378374026
113.3,0.017413454745602
113.31,0.0173179053199206
113.32,0.017221889762443
113.33,0.0171254086222088
113.34,0.0170284620280986
113.35,0.0169310503302689
113.36,0.0168331739625867
113.37,0.0167348334180282
113.38,0.0166360292036218
113.39,0.0165367618974646
113.4,0.0164370320540002
113.41,0.0163368403313236
113.42,0.016236187445543
113.43,0.0161350741565594
113.44,0.0160335015837097
113.45,0.0159314705541052
113.46,0.0158289820779832
113.47,0.0157260373610487
113.48,0.015622638050673
113.49,0.0155187853481325
113.5,0.0154144807453743
113.51,0.0153097259837383
113.52,0.0152045229491245
113.53,0.0150988734482259
113.54,0.0149927794825377
113.55,0.0148862433184968
113.56,0.0147792672761202
113.57,0.0146718537723688
113.58,0.0145640054301643
113.59,0.0144557249916915
113.6,0.0143470153148962
113.61,0.0142378796145459
113.62,0.0141283212447636
113.63,0.014018343599444
113.64,0.013907950604666
113.65,0.0137971464349658
113.66,0.0136859352193458
113.67,0.0135743215584735
113.68,0.0134623103524988
113.69,0.0133499065784344
113.7,0.0132371155164825
113.71,0.0131239426849424
113.72,0.0130103938542413
113.73,0.0128964751278966
113.74,0.0127821929856639
113.75,0.0126675539866397
113.76,0.0125525652681208
113.77,0.0124372347342381
113.78,0.012321569993462
113.79,0.0122055794051108
113.8,0.0120892722203427
113.81,0.0119726574484644
113.82,0.0118557447684853
113.83,0.0117385444336792
113.84,0.0116210669432379
113.85,0.0115033232914925
113.86,0.0113853249431871
113.87,0.0112670837630556
113.88,0.0111486123004204
113.89,0.011029923602574
113.9,0.0109110311407275
113.91,0.0107919495535071
113.92,0.0106726935395699
113.93,0.0105532787536306
113.94,0.0104337215252654
113.95,0.0103140386813756
113.96,0.0101942478868286
113.97,0.0100743673492361
113.98,0.0099544160325205
113.99,0.0098344135969245
114,0.00971438033026634
114.01,0.00959433729659903
114.02,0.00947430618198762
114.03,0.00935430954426746
114.04,0.00923437075721033
114.05,0.00911451378221581
114.06,0.00899476385306149
114.07,0.00887514661670198
114.08,0.00875568866444727
114.09,0.00863641742380712
114.1,0.00851736109241421
114.11,0.00839854822603982
114.12,0.00828000849977587
114.13,0.00816177213738326
114.14,0.00804386995677426
114.15,0.00792633365330155
114.16,0.0078091955294343
114.17,0.00769248862621577
114.18,0.00757624662661306
114.19,0.00746050378840293
114.2,0.00734529517422301
114.21,0.00723065572636062
114.22,0.0071166213444635
114.23,0.00700322815201056
114.24,0.00689051165608063
114.25,0.00677850876024751
114.26,0.00666725580825532
114.27,0.0065567896049836
114.28,0.00644714708697864
114.29,0.0063383643920067
114.3,0.00623047862842026
114.31,0.00612352556516205
114.32,0.00601754094901689
114.33,0.00591256067490003
114.34,0.00580861832430566
114.35,0.00570574869976907
114.36,0.00560398470163009
114.37,0.00550335820620865
114.38,0.00540390120917931
114.39,0.00530564279709356
114.4,0.00520861266264765
114.41,0.00511283836711425
114.42,0.0050183455269748
114.43,0.00492515967503197
114.44,0.00483330323190341
114.45,0.00474279774818018
114.46,0.00465366288062372
114.47,0.0045659163595019
114.48,0.00447957391689902
114.49,0.00439464961570846
114.5,0.00431115561061067
114.51,0.00422910176593232
114.52,0.00414849633556537
114.53,0.00406934525350364
114.54,0.00399165255854162
114.55,0.00391542048989488
114.56,0.00384064900474063
114.57,0.00376733633272707
114.58,0.00369547870934027
114.59,0.00362507036922094
114.6,0.00355610426355476
114.61,0.00348857112339868
114.62,0.00342246023344833
114.63,0.00335775943709098
114.64,0.00329445480481463
114.65,0.0032325312866456
114.66,0.00317197256854468
114.67,0.00311276090637409
114.68,0.00305487771661713
114.69,0.00299830332536606
114.7,0.00294301710632408
114.71,0.00288899772452213
114.72,0.00283622307558651
114.73,0.00278467045468637
114.74,0.00273431661791744
114.75,0.00268513790974789
114.76,0.00263711031803829
114.77,0.00259020952489185
114.78,0.00254441110132009
114.79,0.0024996904535823
114.8,0.00245602288443079
114.81,0.00241338386181098
114.82,0.00237174876595957
114.83,0.00233109310168089
114.84,0.00229139272075388
114.85,0.00225262345913303
114.86,0.0022147614550861
114.87,0.00217778328810102
114.88,0.00214166563353898
114.89,0.00210638560910588
114.9,0.00207192080145401
114.91,0.00203824899668551
114.92,0.00200534852472335
114.93,0.00197319820210494
114.94,0.00194177705325433
114.95,0.0019110647443867
114.96,0.00188104141272668
114.97,0.0018516873999384
114.98,0.0018229837391853
114.99,0.00179491188058124
115,0.0017674536082605
115.01,0.00174059129544529
115.02,0.00171430774598365
115.03,0.00168858618516557
115.04,0.00166341036124583
115.05,0.00163876448049269
115.06,0.00161463308613092
115.07,0.00159100122908191
115.08,0.00156785444618412
115.09,0.00154517862190695
115.1,0.00152295994804988
115.11,0.00150118518286159
115.12,0.00147984142179728
115.13,0.0014589160969652
115.14,0.00143839706369665
115.15,0.00141827252745333
115.16,0.00139853114051158
115.17,0.00137916190422813
115.18,0.00136015414518607
115.19,0.00134149755090059
115.2,0.00132318211388481
115.21,0.00130519821873119
115.22,0.00128753656140149
115.23,0.00127018807638915
115.24,0.0012531440792706
115.25,0.00123639615665384
115.26,0.00121993621039911
115.27,0.00120375642511158
115.28,0.00118784924335352
115.29,0.00117220739542041
115.3,0.00115682393342072
115.31,0.00114169211270343
115.32,0.00112680546741476
115.33,0.00111215779832234
115.34,0.00109774314948325
115.35,0.00108355580434659
115.36,0.00106959027748594
115.37,0.00105584128614114
115.38,0.0010423037995564
115.39,0.00102897298923072
115.4,0.00101584425559019
115.41,0.00100291318799886
115.42,0.00099017557375125
115.43,0.000977627401202256
115.44,0.000965264856920413
115.45,0.000953084295447545
115.46,0.00094108225456193
115.47,0.000929255433229072
115.48,0.000917600705037883
115.49,0.000906115100259363
115.5,0.000894795793679037
115.51,0.000883640104041285
115.52,0.000872645501529535
115.53,0.00086180958553509
115.54,0.000851130083989905
115.55,0.000840604849622611
115.56,0.000830231848591808
115.57,0.000820009158749745
115.58,0.00080993496260206
115.59,0.000800007551280037
115.6,0.000790225303057883
115.61,0.000780586682535124
115.62,0.000771090238387805
115.63,0.000761734597910694
115.64,0.000752518462056911
115.65,0.00074344059177001
115.66,0.000734499809694654
115.67,0.000725694992720888
115.68,0.000717025098623881
115.69,0.000708489092823531
115.7,0.000700085992899152
115.71,0.000691814850415006
115.72,0.000683674793529395
115.73,0.000675664965442113
115.74,0.000667784503936934
115.75,0.000660032583499015
115.76,0.000652408413994184
115.77,0.000644911280569772
115.78,0.000637540392949056
115.79,0.000630295004224347
115.8,0.000623174373917909
115.81,0.00061617783679516
115.82,0.000609304660071883
115.83,0.000602554125356243
115.84,0.000595925517853076
115.85,0.000589418140040671
115.86,0.000583031356175255
115.87,0.00057676442428707
115.88,0.000570616634868932
115.89,0.000564587269822843
115.9,0.000558675694625611
115.91,0.000552881240232728
115.92,0.000547203174003139
115.93,0.00054164079270793
115.94,0.000536193388453028
115.95,0.000530860393888966
115.96,0.000525641070050363
115.97,0.000520534739707643
115.98,0.000515540727180502
115.99,0.000510658353444354
116,0.000505886934321316
116.01,0.000501225797826007
116.02,0.000496674267131681
116.03,0.000492231665216607
116.04,0.000487897301374287
116.05,0.00048367049232363
116.06,0.000479550555102623
116.07,0.000475536801508334
116.08,0.00047162856948508
116.09,0.00046782545479282
116.1,0.000464126739936076
116.11,0.000460531845814703
116.12,0.000457040214962937
116.13,0.000453651236614755
116.14,0.000450364292993455
116.15,0.000447178887964583
116.16,0.000444094492287123
116.17,0.000441110592317369
116.18,0.000438226602047764
116.19,0.00043544203024714
116.2,0.000432756382786761
116.21,0.000430169166998813
116.22,0.000427679921553137
116.23,0.000425288271311479
116.24,0.000422993748474537
116.25,0.000420795944315821
116.26,0.000418694468695802
116.27,0.000416688939552336
116.28,0.000414778996581109
116.29,0.000412964306635401
116.3,0.000411244551954729
116.31,0.000409619435060687
116.32,0.000408088555836804
116.33,0.000406651670546353
116.34,0.000405308499409642
116.35,0.00040405877478193
116.36,0.000402902233153597
116.37,0.000401838606769945
116.38,0.000400867656882918
116.39,0.000399989144154811
116.4,0.000399202840384002
116.41,0.000398508523843959
116.42,0.000397905974897203
116.43,0.000397394980940943
116.44,0.000396975305632818
116.45,0.00039664673360965
116.46,0.000396409047814026
116.47,0.000396262023631414
116.48,0.0003962053985154
116.49,0.000396238936996236
116.5,0.000396362380812492
116.51,0.000396575455708009
116.52,0.000396877864985013
116.53,0.000397269304474446
116.54,0.000397749446592461
116.55,0.000398317934581467
116.56,0.000398974385603847
116.57,0.00039971839629185
116.58,0.000400549530464433
116.59,0.000401467302818138
116.6,0.000402471203059583
116.61,0.000403560682601247
116.62,0.000404735148527535
116.63,0.000405993953270312
116.64,0.000407336411958986
116.65,0.000408761785398354
116.66,0.000410269278361256
116.67,0.000411858032279009
116.68,0.000413527137091083
116.69,0.000415275616471007
116.7,0.000417102437071791
116.71,0.00041900650452355
116.72,0.000420986647230333
116.73,0.000423041625027684
116.74,0.000425170122418253
116.75,0.000427370751951531
116.76,0.000429642052972815
116.77,0.0004319824964761
116.78,0.000434390462188692
116.79,0.000436864259710525
116.8,0.000439402133915123
116.81,0.000442002233385979
116.82,0.00044466263577729
116.83,0.00044738135197318
116.84,0.00045015630103311
116.85,0.000452985331279095
116.86,0.000455866235432236
116.87,0.000458796710627547
116.88,0.000461774390212905
116.89,0.00046479686741274
116.9,0.000467861640565696
116.91,0.000470966154242678
116.92,0.000474107820710885
116.93,0.000477283971290579
116.94,0.000480491892927976
116.95,0.000483728853514148
116.96,0.000486992053584728
116.97,0.000490278663378194
116.98,0.00049358584405904
116.99,0.000496910712247846
117,0.000500250366724814
117.01,0.000503601909430847
117.02,0.000506962422241785
117.03,0.000510328983726522
117.04,0.000513698683488623
117.05,0.00051706861646598
117.06,0.000520435890497753
117.07,0.000523797639768797
117.08,0.00052715102363776
117.09,0.000530493231721905
117.1,0.000533821493497
117.11,0.000537133082344065
117.12,0.000540425320831404
117.13,0.00054369558053724
117.14,0.000546941290106922
117.15,0.000550159947833696
117.16,0.000553349113027166
117.17,0.000556506413465065
117.18,0.000559629561127445
117.19,0.000562716337257443
117.2,0.000565764594730022
117.21,0.000568772288150633
117.22,0.000571737446328549
117.23,0.000574658169982467
117.24,0.000577532672198523
117.25,0.000580359247521794
117.26,0.000583136272029074
117.27,0.000585862231145041
117.28,0.000588535697970903
117.29,0.000591155321715062
117.3,0.000593719869283513
117.31,0.000596228192987192
117.32,0.000598679207815064
117.33,0.000601071952756644
117.34,0.000603405546530124
117.35,0.000605679173575048
117.36,0.000607892127646718
117.37,0.000610043780789932
117.38,0.000612133578556714
117.39,0.000614161057936108
117.4,0.000616125833607994
117.41,0.000618027583506306
117.42,0.00061986607390229
117.43,0.000621641140794596
117.44,0.000623352671544247
117.45,0.000625000633345508
117.46,0.000626585054745469
117.47,0.000628106015952689
117.48,0.000629563658441887
117.49,0.000630958178017866
117.5,0.000632289822871152
117.51,0.000633558889452727
117.52,0.000634765720145511
117.53,0.00063591070134165
117.54,0.000636994260512055
117.55,0.000638016863564776
117.56,0.000638979010437291
117.57,0.000639881233536645
117.58,0.000640724096277997
117.59,0.000641508191344425
117.6,0.000642234137720058
117.61,0.000642902574637892
117.62,0.000643514166897447
117.63,0.000644069602186834
117.64,0.00064456957971178
117.65,0.000645014817253934
117.66,0.000645406047847895
117.67,0.000645744013740618
117.68,0.000646029468299272
117.69,0.000646263174548213
117.7,0.000646445899232978
117.71,0.000646578416680445
117.72,0.000646661514879624
117.73,0.000646695973909133
117.74,0.000646682580355533
117.75,0.000646622130339529
117.76,0.000646515411996537
117.77,0.000646363215459971
117.78,0.000646166327058763
117.79,0.000645925531619769
117.8,0.00064564160907762
117.81,0.000645315340130038
117.82,0.000644947494102873
117.83,0.00064453883521957
117.84,0.000644090129825587
117.85,0.000643602129018629
117.86,0.000643075578474113
117.87,0.000642511225667968
117.88,0.000641909804465728
117.89,0.000641272041754055
117.9,0.000640598658454636
117.91,0.000639890367115991
117.92,0.00063914787184504
117.93,0.000638371865341911
117.94,0.000637563030908729
117.95,0.000636722043066004
117.96,0.000635849567931559
117.97,0.000634946262268378
117.98,0.000634012769785342
117.99,0.000633049728494629
118,0.000632057770274214
118.01,0.000631037512232068
118.02,0.000629989565059923
118.03,0.000628914531892649
118.04,0.000627813005592493
118.05,0.000626685569830203
118.06,0.000625532795788684
118.07,0.000624355249684315
118.08,0.000623153486990728
118.09,0.000621928053846453
118.1,0.000620679487038778
118.11,0.000619408313959257
118.12,0.000618115053686525
118.13,0.000616800216350712
118.14,0.000615464301993308
118.15,0.000614107803831673
118.16,0.000612731214880458
118.17,0.000611335011887694
118.18,0.000609919667607674
118.19,0.000608485639677538
118.2,0.000607033383825578
118.21,0.000605563347370085
118.22,0.000604075969001903
118.23,0.000602571679467021
118.24,0.000601050902033607
118.25,0.000599514053203206
118.26,0.000597961549595729
118.27,0.000596393793938087
118.28,0.000594811185486554
118.29,0.000593214113553589
118.3,0.000591602963681524
118.31,0.000589978115590365
118.32,0.000588339939897215
118.33,0.000586688797515328
118.34,0.000585025047162843
118.35,0.000583349039204191
118.36,0.000581661128114319
118.37,0.000579961652508763
118.38,0.000578250949157481
118.39,0.000576529350341983
118.4,0.000574797183660788
118.41,0.000573054772074871
118.42,0.000571302432435983
118.43,0.000569540470204742
118.44,0.000567769193424073
118.45,0.000565988902155953
118.46,0.000564199891365295
118.47,0.00056240245057861
118.48,0.000560596864073393
118.49,0.000558783413396459
118.5,0.00055696237710296
118.51,0.000555134026213992
118.52,0.000553298628795387
118.53,0.000551456447945753
118.54,0.000549607743973014
118.55,0.000547752772982362
118.56,0.000545891787338744
118.57,0.000544025034082814
118.58,0.000542152758611919
118.59,0.000540275202183323
118.6,0.000538392602678336
118.61,0.000536505189898887
118.62,0.000534613194948011
118.63,0.000532716843932317
118.64,0.000530816359348014
118.65,0.000528911956886271
118.66,0.00052700385139526
118.67,0.000525092253553917
118.68,0.000523177370023491
118.69,0.000521259408409213
118.7,0.000519338569866223
118.71,0.000517415052050625
118.72,0.000515489050306282
118.73,0.000513560756062945
118.74,0.000511630358234757
118.75,0.000509698043141534
118.76,0.000507763994005526
118.77,0.000505828390196848
118.78,0.000503891408398687
118.79,0.000501953223110743
118.8,0.000500014005643436
118.81,0.000498073925803086
118.82,0.000496133150891657
118.83,0.000494191844355679
118.84,0.000492250167851734
118.85,0.000490308280371106
118.86,0.000488366335664128
118.87,0.000486424488569414
118.88,0.000484482890190215
118.89,0.000482541689195467
118.9,0.000480601029863733
118.91,0.000478661054811659
118.92,0.000476721904918718
118.93,0.00047478371791752
118.94,0.000472846629744528
118.95,0.000470910776437544
118.96,0.000468976288080527
118.97,0.000467043293922694
118.98,0.000465111921047177
118.99,0.000463182293176181
119,0.000461254532845282
119.01,0.00045932876042082
119.02,0.000457405093959365
119.03,0.000455483650676704
119.04,0.000453564547441461
119.05,0.000451647896331833
119.06,0.000449733808972491
119.07,0.000447822395379722
119.08,0.00044591375657198
119.09,0.000444007999496412
119.1,0.00044210522672174
119.11,0.000440205538549138
119.12,0.000438309034120499
119.13,0.000436415810826572
119.14,0.000434525963011208
119.15,0.000432639583632902
119.16,0.000430756763988293
119.17,0.000428877596555291
119.18,0.000427002168568472
119.19,0.000425130566988674
119.2,0.000423262877270592
119.21,0.00042139918163209
119.22,0.000419539561345473
119.23,0.000417684097043216
119.24,0.000415832867188723
119.25,0.000413985948594887
119.26,0.000412143416007644
119.27,0.000410305343245558
119.28,0.000408471802322971
119.29,0.000406642863699504
119.3,0.000404818597435334
119.31,0.000402999071712585
119.32,0.000401184352779275
119.33,0.000399374505901242
119.34,0.000397569594786813
119.35,0.000395769680344545
119.36,0.000393974824058183
119.37,0.000392185085323097
119.38,0.00039040052216967
119.39,0.000388621190971084
119.4,0.000386847146868784
119.41,0.000385078443779264
119.42,0.000383315134175407
119.43,0.000381557269583646
119.44,0.000379804902387198
119.45,0.000378058080999333
119.46,0.000376316853791608
119.47,0.000374581268090632
119.48,0.000372851369088204
119.49,0.000371127201430534
119.5,0.000369408809135964
119.51,0.000367696234843052
119.52,0.000365989519697684
119.53,0.000364288701622358
119.54,0.000362593820267497
119.55,0.000360904912974524
119.56,0.000359222015854768
119.57,0.000357545165813524
119.58,0.000355874398415918
119.59,0.00035420974658421
119.6,0.000352551243179348
119.61,0.000350898920156374
119.62,0.000349252809827337
119.63,0.000347612942304085
119.64,0.000345979347444764
119.65,0.000344352054408994
119.66,0.000342731089607413
119.67,0.000341116476068014
119.68,0.000339508240807893
119.69,0.000337906407700614
119.7,0.000336310999509145
119.71,0.00033472204104068
119.72,0.000333139553838207
119.73,0.000331563558280133
119.74,0.000329994074481899
119.75,0.000328431121764974
119.76,0.000326874718722951
119.77,0.000325324883104367
119.78,0.000323781631937658
119.79,0.000322244981519368
119.8,0.000320714948037592
119.81,0.000319191547007336
119.82,0.000317674792782348
119.83,0.000316164699433162
119.84,0.000314661280490563
119.85,0.000313164547501025
119.86,0.000311674513144334
119.87,0.00031019118899517
119.88,0.00030871458605984
119.89,0.000307244714441164
119.9,0.000305781579644654
119.91,0.000304325191686856
119.92,0.000302875557882765
119.93,0.000301432684747489
119.94,0.000299996578484155
119.95,0.000298567246172518
119.96,0.000297144691683515
119.97,0.00029572891918384
119.98,0.000294319932174052
119.99,0.00029291773431874
120,0.000291522329665074
120.01,0.000290133719714593
120.02,0.000288751906347957
120.03,0.000287376890997738
120.04,0.000286008675183271
120.05,0.000284647260139052
120.06,0.00028329264613901
120.07,0.000281944833475145
120.08,0.000280603822180291
120.09,0.000279269609954531
120.1,0.000277942195054518
120.11,0.000276621576449357
120.12,0.000275307752005441
120.13,0.000274000719199344
120.14,0.000272700472029058
120.15,0.000271407006458777
120.16,0.000270120317970113
120.17,0.000268840400873678
120.18,0.000267567248805971
120.19,0.000266300863314324
120.2,0.00026504123431119
120.21,0.000263788354651287
120.22,0.000262542217152751
120.23,0.000261302814165355
120.24,0.00026007013757018
120.25,0.000258844180705497
120.26,0.000257624937944222
120.27,0.000256412398607618
120.28,0.000255206553911525
120.29,0.00025400739478606
120.3,0.000252814911887187
120.31,0.000251629095608291
120.32,0.000250449936920033
120.33,0.000249277425639021
120.34,0.000248111551519729
120.35,0.000246952304245813
120.36,0.000245799673329257
120.37,0.000244653648123987
120.38,0.000243514216476712
120.39,0.000242381363510823
120.4,0.00024125507956058
120.41,0.000240135352332758
120.42,0.000239022169267567
120.43,0.00023791551754081
120.44,0.000236815384066067
120.45,0.000235721756057703
120.46,0.000234634619968578
120.47,0.000233553961949188
120.48,0.000232479768059735
120.49,0.000231412024134743
120.5,0.000230350715786805
120.51,0.000229295828346533
120.52,0.000228247346669397
120.53,0.000227205255840034
120.54,0.000226169540540517
120.55,0.000225140185237444
120.56,0.000224117174184903
120.57,0.000223100491427463
120.58,0.000222090123376289
120.59,0.000221086054611944
120.6,0.000220088268364319
120.61,0.000219096748796862
120.62,0.000218111480016538
120.63,0.000217132446085602
120.64,0.000216159630716135
120.65,0.00021519301436814
120.66,0.000214232582315377
120.67,0.000213278317784924
120.68,0.000212330203897182
120.69,0.000211388223669702
120.7,0.000210452360020958
120.71,0.00020952259488401
120.72,0.000208598910347507
120.73,0.000207681289242478
120.74,0.00020676971374849
120.75,0.000205864165907879
120.76,0.00020496462762592
120.77,0.000204071080686434
120.78,0.000203183508684739
120.79,0.00020230189240314
120.8,0.000201426213583097
120.81,0.000200556453889974
120.82,0.0001996925949172
120.83,0.000198834618190375
120.84,0.000197982505650536
120.85,0.000197136239181727
120.86,0.000196295799840542
120.87,0.000195461169080286
120.88,0.000194632328326858
120.89,0.00019380925898394
120.9,0.000192991942438189
120.91,0.000192180360064425
120.92,0.000191374492764505
120.93,0.000190574320918703
120.94,0.000189779826433038
120.95,0.000188990990468429
120.96,0.000188207794172343
120.97,0.000187430218682499
120.98,0.000186658245130576
120.99,0.00018589185464593
121,0.00018513102813121
121.01,0.000184375745648389
121.02,0.000183625988892492
121.03,0.000182881738839201
121.04,0.000182142976457294
121.05,0.000181409682711106
121.06,0.000180681838562975
121.07,0.000179959424975722
121.08,0.000179242422916741
121.09,0.000178530813386796
121.1,0.000177824577350186
121.11,0.000177123695800241
121.12,0.000176428149743555
121.13,0.000175737920202481
121.14,0.000175052988217622
121.15,0.000174373334850304
121.16,0.000173698941185071
121.17,0.000173029787986774
121.18,0.000172365856529914
121.19,0.00017170712795587
121.2,0.000171053583413636
121.21,0.000170405204081393
121.22,0.000169761971168658
121.23,0.000169123865918427
121.24,0.000168490869609338
121.25,0.000167862963531085
121.26,0.0001672401290444
121.27,0.000166622347548581
121.28,0.000166009600481397
121.29,0.000165401869326397
121.3,0.000164799135615026
121.31,0.000164201380928743
121.32,0.000163608586901146
121.33,0.000163020735309819
121.34,0.000162437807912935
121.35,0.000161859786496131
121.36,0.000161286652942675
121.37,0.000160718389201009
121.38,0.000160154977287009
121.39,0.000159596399286231
121.4,0.000159042637356156
121.41,0.000158493673111638
121.42,0.000157949488543492
121.43,0.000157410066358981
121.44,0.000156875388902376
121.45,0.000156345438587826
121.46,0.000155820197901007
121.47,0.000155299649400755
121.48,0.000154783775720695
121.49,0.000154272559570888
121.5,0.000153765983739455
121.51,0.000153264030253053
121.52,0.000152766682495498
121.53,0.000152273923444433
121.54,0.000151785736127131
121.55,0.000151302103647717
121.56,0.000150823009188377
121.57,0.000150348436010578
121.58,0.000149878367456262
121.59,0.00014941278694907
121.6,0.000148951678129833
121.61,0.000148495024772334
121.62,0.000148042810418295
121.63,0.000147595018867534
121.64,0.000147151634011662
121.65,0.000146712639835484
121.66,0.000146278020418396
121.67,0.000145847759935783
121.68,0.000145421842660416
121.69,0.000145000252963861
121.7,0.000144582974793979
121.71,0.000144169992876031
121.72,0.000143761291919862
121.73,0.000143356856639707
121.74,0.000142956671848558
121.75,0.000142560722459223
121.76,0.000142168993485419
121.77,0.000141781470042842
121.78,0.00014139813735025
121.79,0.000141018980550437
121.8,0.000140643984495807
121.81,0.0001402731350873
121.82,0.000139906417886431
121.83,0.00013954381855437
121.84,0.000139185322852628
121.85,0.00013883091664371
121.86,0.000138480585891799
121.87,0.000138134316663407
121.88,0.000137792095128054
121.89,0.000137453908030411
121.9,0.000137119741763279
121.91,0.000136789582692832
121.92,0.000136463417480892
121.93,0.000136141232903472
121.94,0.000135823015851821
121.95,0.000135508753333429
121.96,0.00013519843247307
121.97,0.000134892040513824
121.98,0.000134589564778911
121.99,0.000134290992355328
122,0.000133996311079699
122.01,0.000133705508636307
122.02,0.000133418572828212
122.03,0.000133135491578053
122.04,0.000132856252928863
122.05,0.000132580845044871
122.06,0.000132309256212311
122.07,0.000132041474840235
122.08,0.000131777488688381
122.09,0.000131517286098198
122.1,0.000131260856327163
122.11,0.00013100818818094
122.12,0.000130759270582807
122.13,0.000130514092574118
122.14,0.000130272643314754
122.15,0.000130034912083568
122.16,0.000129800888278844
122.17,0.000129570561418739
122.18,0.00012934392114174
122.19,0.000129120957207117
122.2,0.000128901659946771
122.21,0.000128686019159011
122.22,0.000128474024940631
122.23,0.000128265667574515
122.24,0.000128060937469769
122.25,0.000127859825162281
122.26,0.000127662321315304
122.27,0.000127468416720025
122.28,0.000127278102296137
122.29,0.00012709136909241
122.3,0.000126908208287268
122.31,0.000126728611279431
122.32,0.000126552569899454
122.33,0.000126380075434959
122.34,0.000126211119622688
122.35,0.000126045694335
122.36,0.000125883791580572
122.37,0.000125725403505085
122.38,0.000125570522391923
122.39,0.000125419140662867
122.4,0.000125271250878786
122.41,0.000125126845740337
122.42,0.000124985918088652
122.43,0.000124848459847467
122.44,0.000124714463669669
122.45,0.000124583923497808
122.46,0.00012445683259877
122.47,0.000124333184370529
122.48,0.000124212972342337
122.49,0.000124096190174929
122.5,0.000123982831660713
122.51,0.000123872890723968
122.52,0.000123766361421046
122.53,0.000123663237940562
122.54,0.000123563514603592
122.55,0.000123467186343342
122.56,0.00012337424753656
122.57,0.000123284692869342
122.58,0.000123198517233223
122.59,0.000123115715656601
122.6,0.000123036283305063
122.61,0.000122960215481716
122.62,0.000122887507627513
122.63,0.000122818155321576
122.64,0.000122752154281529
122.65,0.000122689500363823
122.66,0.000122630189925431
122.67,0.000122574220774553
122.68,0.000122521587983104
122.69,0.000122472288108944
122.7,0.000122426317863453
122.71,0.000122383674112371
122.72,0.000122344353876639
122.73,0.000122308354333235
122.74,0.000122275672816011
122.75,0.000122246306816539
122.76,0.000122220253984943
122.77,0.000122197512130738
122.78,0.000122178077905832
122.79,0.000122161948804166
122.8,0.00012214912399209
122.81,0.00012213960174382
122.82,0.000122133380480861
122.83,0.000122130458772214
122.84,0.000122130835334582
122.85,0.000122134509032578
122.86,0.000122141478878938
122.87,0.000122151744034724
122.88,0.000122165303809537
122.89,0.000122182157661721
122.9,0.000122202304972714
122.91,0.000122225745606924
122.92,0.000122252479493172
122.93,0.000122282506673293
122.94,0.000122315827337864
122.95,0.000122352441826369
122.96,0.000122392350627378
122.97,0.000122435554378716
122.98,0.000122482053867641
122.99,0.000122531850031012
123,0.000122584943955466
123.01,0.000122641336877589
123.02,0.000122701030184092
123.03,0.000122764026877035
123.04,0.000122830331351117
123.05,0.00012289994293635
123.06,0.000122972863867664
123.07,0.000123049096550444
123.08,0.000123128643561363
123.09,0.00012321150764922
123.1,0.000123297691735776
123.11,0.000123387198916586
123.12,0.000123480032461841
123.13,0.000123576195817197
123.14,0.000123675692604618
123.15,0.000123778526623205
123.16,0.000123884701850037
123.17,0.000123994220933701
123.18,0.000124107088766116
123.19,0.000124223310130393
123.2,0.000124342889625736
123.21,0.000124465832025896
123.22,0.000124592142279749
123.23,0.000124721825511882
123.24,0.000124854887023166
123.25,0.000124991332291346
123.26,0.000125131166971615
123.27,0.000125274396897199
123.28,0.000125421028079935
123.29,0.000125571066710853
123.3,0.00012572451841751
123.31,0.000125881387705528
123.32,0.000126041683044498
123.33,0.000126205411192012
123.34,0.000126372579075382
123.35,0.000126543193791796
123.36,0.000126717262608477
123.37,0.000126894792962847
123.38,0.000127075792462678
123.39,0.000127260268886258
123.4,0.000127448230182542
123.41,0.000127639684471317
123.42,0.000127834640043357
123.43,0.000128033105360586
123.44,0.000128235094459018
123.45,0.000128440614837222
123.46,0.000128649674037373
123.47,0.000128862281591129
123.48,0.000129078447231907
123.49,0.000129298180896041
123.5,0.000129521492723945
123.51,0.000129748393061269
123.52,0.000129978892460061
123.53,0.000130213001679925
123.54,0.000130450731689185
123.55,0.000130692093666039
123.56,0.000130937098999723
123.57,0.000131185759365796
123.58,0.000131438086893458
123.59,0.000131694093362335
123.6,0.0001319537910381
123.61,0.000132217192404902
123.62,0.000132484310166592
123.63,0.000132755157247934
123.64,0.000133029746795822
123.65,0.000133308092180494
123.66,0.000133590206996752
123.67,0.000133876105065174
123.68,0.000134165800433336
123.69,0.000134459307377017
123.7,0.000134756640401428
123.71,0.000135057808874692
123.72,0.000135362828250932
123.73,0.000135671715717681
123.74,0.000135984486291408
123.75,0.000136301155191469
123.76,0.000136621737840212
123.77,0.0001369462498631
123.78,0.00013727470708883
123.79,0.000137607125549448
123.8,0.000137943521480471
123.81,0.000138283911321005
123.82,0.000138628311713855
123.83,0.000138976739505657
123.84,0.000139329212899756
123.85,0.000139685757227314
123.86,0.000140046383545049
123.87,0.000140411109897379
123.88,0.00014077995456061
123.89,0.000141152936043909
123.9,0.000141530073090274
123.91,0.000141911384677504
123.92,0.000142296890019171
123.93,0.000142686608565588
123.94,0.000143080560004773
123.95,0.000143478764263433
123.96,0.000143881241507923
123.97,0.000144288012145219
123.98,0.000144699096823892
123.99,0.000145114517386051
124,0.000145534309994367
124.01,0.000145958484696637
124.02,0.00014638706374671
124.03,0.000146820069690333
124.04,0.000147257525367536
124.05,0.000147699453915006
124.06,0.00014814587876848
124.07,0.000148596823665113
124.08,0.000149052312645873
124.09,0.000149512370057917
124.1,0.000149977020556977
124.11,0.000150446289109731
124.12,0.000150920200996199
124.13,0.000151398781812117
124.14,0.000151882057461352
124.15,0.000152370032801287
124.16,0.000152862749853985
124.17,0.000153360234697045
124.18,0.000153862513677404
124.19,0.000154369613411891
124.2,0.000154881560787814
124.21,0.000155398382963516
124.22,0.000155920107368944
124.23,0.000156446761706222
124.24,0.000156978373950205
124.25,0.000157514972349066
124.26,0.000158056585424849
124.27,0.000158603241974044
124.28,0.000159154971068148
124.29,0.000159711802054241
124.3,0.000160273763742699
124.31,0.000160840886503583
124.32,0.000161413200511529
124.33,0.000161990736167793
124.34,0.000162573524147502
124.35,0.000163161595400063
124.36,0.000163754981149554
124.37,0.000164353712895142
124.38,0.000164957822411475
124.39,0.000165567341749085
124.4,0.000166182303234791
124.41,0.000166802739472101
124.42,0.000167428705329158
124.43,0.000168060230722719
124.44,0.00016869734289746
124.45,0.000169340077555943
124.46,0.000169988470849098
124.47,0.000170642559382872
124.48,0.000171302380224877
124.49,0.000171967970911022
124.5,0.000172639369452181
124.51,0.000173316614340824
124.52,0.000173999744557668
124.53,0.000174688799578321
124.54,0.000175383810570971
124.55,0.000176084811626852
124.56,0.000176791851303936
124.57,0.000177504969893151
124.58,0.000178224208107351
124.59,0.000178949607083997
124.6,0.000179681208387875
124.61,0.000180419054013776
124.62,0.000181163186389229
124.63,0.000181913648377183
124.64,0.000182670483278717
124.65,0.000183433734835743
124.66,0.000184203437467948
124.67,0.0001849795994731
124.68,0.000185762289029712
124.69,0.000186551546983789
124.7,0.000187347414129116
124.71,0.000188149931186554
124.72,0.000188959138783352
124.73,0.000189775077432472
124.74,0.000190597787511881
124.75,0.00019142730924389
124.76,0.000192263732092188
124.77,0.000193107127465981
124.78,0.000193957505143196
124.79,0.00019481491468236
124.8,0.000195679406463694
124.81,0.000196551031717688
124.82,0.000197429842553655
124.83,0.000198315891988329
124.84,0.000199209233974426
124.85,0.000200109923429221
124.86,0.000201017999350493
124.87,0.000201933522681981
124.88,0.000202856553139417
124.89,0.000203787147615116
124.9,0.000204725363881952
124.91,0.000205671260611724
124.92,0.000206624897393518
124.93,0.000207586334752082
124.94,0.000208555634166164
124.95,0.000209532851648836
124.96,0.000210517942824245
124.97,0.000211511020873132
124.98,0.000212512134084295
124.99,0.00021352132942881
125,0.000214538652440832
125.01,0.00021556414709834
125.02,0.000216597855703911
125.03,0.000217639902225712
125.04,0.000218690385827604
125.05,0.000219749304143105
125.06,0.00022081671528677
125.07,0.000221892677795585
125.08,0.000222977250629003
125.09,0.000224070493168922
125.1,0.000225172465219696
125.11,0.00022628335090575
125.12,0.000227403151529844
125.13,0.000228531936670888
125.14,0.000229669780986014
125.15,0.000230816760509076
125.16,0.000231972952650646
125.17,0.000233138436198014
125.18,0.000234313233602633
125.19,0.000235497351557672
125.2,0.000236690923408714
125.21,0.000237894017770492
125.22,0.000239106703450248
125.23,0.000240329049447736
125.24,0.000241561124955193
125.25,0.000242802999357385
125.26,0.0002440546998734
125.27,0.000245316309566544
125.28,0.000246587899227216
125.29,0.000247869533867191
125.3,0.00024916127831499
125.31,0.00025046319721589
125.32,0.000251775355031891
125.33,0.000253097863662304
125.34,0.000254430900577056
125.35,0.000255774460805782
125.36,0.000257128625867948
125.37,0.000258493478454371
125.38,0.000259869102427188
125.39,0.000261255582819862
125.4,0.000262653005837187
125.41,0.000264061458712484
125.42,0.000265481030007794
125.43,0.000266911809460789
125.44,0.000268353887941425
125.45,0.000269807357489528
125.46,0.000271272311314757
125.47,0.000272748843796621
125.48,0.000274237021283316
125.49,0.000275736805101664
125.5,0.000277248370299692
125.51,0.000278771798878336
125.52,0.000280307172701097
125.53,0.00028185457349403
125.54,0.000283414082845754
125.55,0.000284985782207444
125.56,0.000286569799252667
125.57,0.000288166225500021
125.58,0.000289775127775646
125.59,0.000291396594892396
125.6,0.000293030716112568
125.61,0.000294677581147871
125.62,0.000296337280159477
125.63,0.000298009910314725
125.64,0.000299695686496511
125.65,0.000301394633542988
125.66,0.000303106856032359
125.67,0.000304832459969542
125.68,0.000306571552786175
125.69,0.00030832424334058
125.7,0.000310090641917818
125.71,0.000311870807633481
125.72,0.000313664812757554
125.73,0.000315472803446668
125.74,0.000317294884005225
125.75,0.000319131159288569
125.76,0.000320981734702948
125.77,0.000322846716205519
125.78,0.000324726210304355
125.79,0.000326620272600607
125.8,0.000328529032575545
125.81,0.000330452596387264
125.82,0.000332391067042999
125.83,0.000334344547686876
125.84,0.000336313141599868
125.85,0.000338296952199819
125.86,0.000340296123461702
125.87,0.000342310829777466
125.88,0.000344341129883354
125.89,0.000346387140400712
125.9,0.000348448979045863
125.91,0.000350526764630109
125.92,0.00035262061705973
125.93,0.000354730657335996
125.94,0.000356856979747672
125.95,0.00035899971272748
125.96,0.000361158982993344
125.97,0.000363334912239757
125.98,0.000365527622985951
125.99,0.000367737238575842
126,0.000369963883178105
126.01,0.000372207673323838
126.02,0.000374468701777762
126.03,0.000376747114275393
126.04,0.000379043033921935
126.05,0.000381356584313639
126.06,0.000383687889537817
126.07,0.000386037074172791
126.08,0.000388404263287969
126.09,0.000390789595674169
126.1,0.000393193198701763
126.11,0.000395615195185627
126.12,0.000398055714249936
126.13,0.000400514885715985
126.14,0.00040299284011025
126.15,0.000405489708672434
126.16,0.00040800562336352
126.17,0.000410540717989643
126.18,0.000413095126968851
126.19,0.000415668983855853
126.2,0.000418262423924764
126.21,0.000420875583254428
126.22,0.000423508598738785
126.23,0.000426161608097226
126.24,0.000428834749884877
126.25,0.000431528154984115
126.26,0.00043424194370475
126.27,0.000436976267972962
126.28,0.000439731265593301
126.29,0.000442507074729585
126.3,0.000445303833886926
126.31,0.000448121681893779
126.32,0.000450960757883898
126.33,0.000453821201330619
126.34,0.00045670315230624
126.35,0.000459606750559432
126.36,0.000462532136323777
126.37,0.000465479450055801
126.38,0.000468448832417334
126.39,0.000471440424257953
126.4,0.000474454366597416
126.41,0.000477490800608082
126.42,0.000480549876823756
126.43,0.000483631732523531
126.44,0.000486736510202349
126.45,0.000489864352816436
126.46,0.000493015403549209
126.47,0.000496189805802122
126.48,0.000499387703185536
126.49,0.000502609239509477
126.5,0.000505854547649215
126.51,0.000509123773610988
126.52,0.000512417062151606
126.53,0.000515734555772263
126.54,0.000519076396882545
126.55,0.000522442727778443
126.56,0.000525833690620389
126.57,0.000529249427411186
126.58,0.000532690071551494
126.59,0.000536155762343922
126.6,0.000539646643317248
126.61,0.000543162853640882
126.62,0.000546704531972488
126.63,0.000550271816423046
126.64,0.000553864844522
126.65,0.000557483753182396
126.66,0.000561128678168441
126.67,0.000564799754537536
126.68,0.000568497117457757
126.69,0.000572220900863351
126.7,0.000575971237877403
126.71,0.000579748260775794
126.72,0.000583552100951267
126.73,0.000587382888877491
126.74,0.000591240751685061
126.75,0.000595125811401055
126.76,0.000599038198999655
126.77,0.000602978039628563
126.78,0.000606945457173957
126.79,0.000610940574215801
126.8,0.000614963511983161
126.81,0.000619014390309533
126.82,0.000623093325570313
126.83,0.000627200415665968
126.84,0.000631335785532014
126.85,0.000635499546192344
126.86,0.000639691806696996
126.87,0.000643912674058391
126.88,0.000648162253187324
126.89,0.000652440646829081
126.9,0.000656747955499531
126.91,0.000661084262748908
126.92,0.000665449670485392
126.93,0.000669844270883145
126.94,0.000674268152688523
126.95,0.000678721401832086
126.96,0.000683204101350757
126.97,0.000687716331310088
126.98,0.000692258168726548
126.99,0.000696829677724829
127,0.000701430930050322
127.01,0.000706061993726184
127.02,0.000710722930958737
127.03,0.00071541380029244
127.04,0.000720134656520421
127.05,0.000724885550595013
127.06,0.000729666529538307
127.07,0.000734477621763841
127.08,0.000739318860831614
127.09,0.000744190285774691
127.1,0.000749091923401226
127.11,0.000754023795697669
127.12,0.00075898591971602
127.13,0.000763978307460816
127.14,0.000769000965776247
127.15,0.000774053885909086
127.16,0.000779137049557706
127.17,0.000784250452814047
127.18,0.000789394075369211
127.19,0.000794567890399086
127.2,0.000799771864402328
127.21,0.000805005957038048
127.22,0.000810270121008642
127.23,0.000815564301826385
127.24,0.000820888437652425
127.25,0.000826242459181533
127.26,0.000831626289460233
127.27,0.000837039843724776
127.28,0.000842483029239093
127.29,0.000847955747068944
127.3,0.000853457887853913
127.31,0.000858989334094548
127.32,0.000864549960040675
127.33,0.00087013963123019
127.34,0.000875758204331169
127.35,0.000881405526363412
127.36,0.000887081401590013
127.37,0.000892785672351013
127.38,0.000898518151972686
127.39,0.000904278643168969
127.4,0.000910066937822671
127.41,0.000915882816766688
127.42,0.000921726043307622
127.43,0.000927596348344873
127.44,0.000933493488670754
127.45,0.000939417192188589
127.46,0.000945367173681054
127.47,0.000951343134529711
127.48,0.00095734476243453
127.49,0.000963371732624153
127.5,0.000969423706805521
127.51,0.00097550032912329
127.52,0.000981601230544412
127.53,0.000987726027069017
127.54,0.000993874319457236
127.55,0.00100004569295602
127.56,0.00100623975041371
127.57,0.00101245606038676
127.58,0.00101869415483792
127.59,0.00102495356602457
127.6,0.00103123381103119
127.61,0.00103753439160125
127.62,0.00104385479396943
127.63,0.00105019445820906
127.64,0.00105655284141779
127.65,0.0010629293805755
127.66,0.00106932349027977
127.67,0.0010757345676509
127.68,0.00108216199209525
127.69,0.00108860512386122
127.7,0.00109506318208081
127.71,0.00110153553963505
127.72,0.00110802148016725
127.73,0.00111452026499967
127.74,0.00112103113267744
127.75,0.00112755329851283
127.76,0.00113408596997099
127.77,0.00114062839486583
127.78,0.00114717969740551
127.79,0.00115373902150425
127.8,0.0011603054901449
127.81,0.00116687820526137
127.82,0.00117345627454973
127.83,0.00118003878248651
127.84,0.00118662476518452
127.85,0.00119321325527543
127.86,0.00119980326648808
127.87,0.00120639379372819
127.88,0.00121298374504366
127.89,0.00121957208274807
127.9,0.00122615773207686
127.91,0.00123273958971772
127.92,0.0012393165300174
127.93,0.00124588740468108
127.94,0.00125245104227809
127.95,0.00125900624907329
127.96,0.0012655518079229
127.97,0.00127208647833285
127.98,0.00127860899626065
127.99,0.00128511813799851
128,0.00129161264913015
128.01,0.00129809118967783
128.02,0.00130455243712124
128.03,0.00131099505081061
128.04,0.00131741767223016
128.05,0.00132381898851588
128.06,0.00133019760090779
128.07,0.00133655211180747
128.08,0.00134288111569463
128.09,0.00134918319410065
128.1,0.00135545691552081
128.11,0.00136170083433211
128.12,0.00136791349696569
128.13,0.00137409343739713
128.14,0.00138023917907438
128.15,0.00138634923542248
128.16,0.001392422162429
128.17,0.00139845649571969
128.18,0.0014044507146006
128.19,0.00141040332326996
128.2,0.00141631282254927
128.21,0.00142217771066744
128.22,0.00142799657340045
128.23,0.001433768021266
128.24,0.00143949052276579
128.25,0.00144516262778751
128.26,0.00145078289627136
128.27,0.00145634989958961
128.28,0.00146186227041588
128.29,0.00146731870664013
128.3,0.00147271779591746
128.31,0.001478058206682
128.32,0.00148333863179151
128.33,0.00148855779032564
128.34,0.00149371444502982
128.35,0.00149880742507855
128.36,0.00150383552411523
128.37,0.00150879760063824
128.38,0.00151369255106758
128.39,0.00151851931173021
128.4,0.00152327688454094
128.41,0.00152796444778455
128.42,0.00153258105045862
128.43,0.00153712586964247
128.44,0.00154159814433245
128.45,0.00154599718632149
128.46,0.00155032240995479
128.47,0.00155457325309942
128.48,0.00155874924955679
128.49,0.00156285001336039
128.5,0.00156687523397339
128.51,0.00157082465942488
128.52,0.00157469816771821
128.53,0.00157849571112151
128.54,0.00158221733544635
128.55,0.00158586318198431
128.56,0.00158943348857685
128.57,0.00159292860013497
128.58,0.00159634896499893
128.59,0.00159969513978029
128.6,0.00160296779896356
128.61,0.00160616774616728
128.62,0.00160929587905758
128.63,0.0016123532270776
128.64,0.00161534094479988
128.65,0.00161826029534722
128.66,0.00162111263774806
128.67,0.00162389952438058
128.68,0.0016266226152297
128.69,0.00162928370598033
128.7,0.00163188467514399
128.71,0.00163442746309837
128.72,0.0016369142955409
128.73,0.00163934747014738
128.74,0.0016417294207559
128.75,0.00164406265468728
128.76,0.00164634974734772
128.77,0.00164859355520332
128.78,0.0016507970011586
128.79,0.00165296313865132
128.8,0.00165509508183318
128.81,0.00165719601744048
128.82,0.00165926939509815
128.83,0.00166131872296381
128.84,0.0016633476284008
128.85,0.00166535978346101
128.86,0.00166735893353765
128.87,0.00166934905858332
128.88,0.00167133418600487
128.89,0.00167331844585429
128.9,0.00167530589353332
128.91,0.00167730061361311
128.92,0.00167930702446357
128.93,0.00168132949329913
128.94,0.00168337245163334
128.95,0.00168544032894199
128.96,0.00168753759722194
128.97,0.00168966885103568
128.98,0.00169183868628573
128.99,0.00169405173282008
129,0.00169631259946043
129.01,0.00169862590181033
129.02,0.00170099631869169
129.03,0.00170342850682902
129.04,0.00170592708251334
129.05,0.00170849662114428
129.06,0.0017111417321593
129.07,0.00171386696769466
129.08,0.00171667685517042
129.09,0.00171957589844167
129.1,0.00172256851481717
129.11,0.00172565907947768
129.12,0.00172885192690863
129.13,0.00173215137981425
129.14,0.00173556161547794
129.15,0.00173908676752887
129.16,0.00174273089519689
129.17,0.00174649799016613
129.18,0.00175039193707648
129.19,0.0017544165353088
129.2,0.00175857549060494
129.21,0.00176287243801031
129.22,0.00176731087036159
129.23,0.00177189418404099
129.24,0.00177662566764735
129.25,0.00178150861956172
129.26,0.00178654608396229
129.27,0.00179174103906218
129.28,0.0017970963454352
129.29,0.0018026149312949
129.3,0.00180829941845089
129.31,0.00181415238515937
129.32,0.00182017630161612
129.33,0.00182637358406945
129.34,0.00183274649030972
129.35,0.00183929718231537
129.36,0.00184602771877681
129.37,0.00185294008087102
129.38,0.00186003612838328
129.39,0.00186731761034693
129.4,0.00187478617783993
129.41,0.00188244347149972
129.42,0.0018902910376139
129.43,0.00189833025596892
129.44,0.00190656246045669
129.45,0.0019149889250866
129.46,0.00192361086752853
129.47,0.00193242938973315
129.48,0.0019414455412145
129.49,0.00195066031292365
129.5,0.00196007465794059
129.51,0.00196968943591405
129.52,0.00197950546454849
129.53,0.00198952350936483
129.54,0.001999744283159
129.55,0.00201016845740598
129.56,0.00202079665900629
129.57,0.00203162947495542
129.58,0.00204266749565789
129.59,0.00205391123980847
129.6,0.00206536121152147
129.61,0.00207701789265394
129.62,0.00208888175444706
129.63,0.00210095324649385
129.64,0.00211323280628753
129.65,0.00212572086478547
129.66,0.002138417826189
129.67,0.00215132409691216
129.68,0.00216444009624005
129.69,0.00217776623848924
129.7,0.0021913029299339
129.71,0.00220505057658218
129.72,0.00221900961337181
129.73,0.00223318047841473
129.74,0.00224756361716807
129.75,0.00226215947724636
129.76,0.00227696854637975
129.77,0.00229199132408262
129.78,0.00230722832968105
129.79,0.00232268005310778
129.8,0.00233834707024944
129.81,0.002354229960317
129.82,0.00237032932945266
129.83,0.00238664575908598
129.84,0.00240317989674931
129.85,0.00241993241871654
129.86,0.00243690402145095
129.87,0.00245409540436291
129.88,0.00247150729034259
129.89,0.00248914045700049
129.9,0.00250699569652099
129.91,0.00252507381585388
129.92,0.00254337561367324
129.93,0.00256190196482282
129.94,0.00258065374946092
129.95,0.00259963187085737
129.96,0.00261883719111881
129.97,0.00263827066585125
129.98,0.00265793324425029
129.99,0.00267782589379245
130,0.00269794956641192
130.01,0.00271830524969836
130.02,0.00273889394905499
130.03,0.00275971667537353
130.04,0.00278077443831928
130.05,0.00280206825136143
130.06,0.00282359914976611
130.07,0.00284536816690467
130.08,0.00286737633484835
130.09,0.00288962467004906
130.1,0.00291211421175862
130.11,0.00293484598788798
130.12,0.00295782102222131
130.13,0.00298104032338622
130.14,0.00300450490252764
130.15,0.00302821575781994
130.16,0.00305217387628486
130.17,0.00307638024447026
130.18,0.00310083582925839
130.19,0.00312554157974265
130.2,0.00315049843211516
130.21,0.00317570731375937
130.22,0.00320116913915699
130.23,0.0032268847911127
130.24,0.0032528551386786
130.25,0.00327908103037716
130.26,0.00330556331999342
130.27,0.00333230280891589
130.28,0.00335930028701893
130.29,0.00338655652095286
130.3,0.00341407227126131
130.31,0.00344184828418796
130.32,0.00346988526489119
130.33,0.00349818390609494
130.34,0.00352674487131865
130.35,0.00355556880887902
130.36,0.00358465634230399
130.37,0.00361400807342082
130.38,0.00364362458412362
130.39,0.00367350642827214
130.4,0.00370365413783891
130.41,0.00373406824448388
130.42,0.00376474924728552
130.43,0.00379569762125681
130.44,0.00382691382607935
130.45,0.00385839830496476
130.46,0.00389015147971557
130.47,0.00392217375497108
130.48,0.0039544655108917
130.49,0.00398702710827612
130.5,0.00401985889444529
130.51,0.00405296119559609
130.52,0.00408633433036184
130.53,0.00411997858931851
130.54,0.00415389424966106
130.55,0.00418808157336146
130.56,0.00422254080772474
130.57,0.00425727218191848
130.58,0.00429227591096554
130.59,0.00432755218900267
130.6,0.00436310118700919
130.61,0.00439892307348072
130.62,0.00443501799574406
130.63,0.00447138608954042
130.64,0.00450802748217307
130.65,0.00454494227615044
130.66,0.0045821305642636
130.67,0.00461959243110525
130.68,0.0046573279588689
130.69,0.00469533720363765
130.7,0.00473362021685169
130.71,0.00477217702195696
130.72,0.0048110075891098
130.73,0.00485011193204358
130.74,0.00488949002581517
130.75,0.00492914183691744
130.76,0.00496906733863951
130.77,0.00500926645868344
130.78,0.00504973912251947
130.79,0.00509048524310902
130.8,0.00513150472378967
130.81,0.00517279744998445
130.82,0.0052143632962094
130.83,0.00525620212041333
130.84,0.00529831375445327
130.85,0.00534069803765431
130.86,0.00538335478794961
130.87,0.00542628380996271
130.88,0.00546948488967443
130.89,0.0055129577801288
130.9,0.0055567022491534
130.91,0.00560071803827709
130.92,0.00564500487395816
130.93,0.00568956246731883
130.94,0.00573439051358193
130.95,0.00577948869340376
130.96,0.0058248566715227
130.97,0.00587049409698171
130.98,0.00591640060457541
130.99,0.00596257581980859
131,0.0060090193429557
131.01,0.00605573076240601
131.02,0.00610270965090914
131.03,0.00614995556510368
131.04,0.00619746804399835
131.05,0.00624524661330942
131.06,0.00629329078167486
131.07,0.0063416000415903
131.08,0.00639017386837149
131.09,0.00643901171628935
131.1,0.00648811302965054
131.11,0.00653747723334513
131.12,0.00658710373528604
131.13,0.00663699192679711
131.14,0.0066871411846926
131.15,0.00673755086484924
131.16,0.00678822030735905
131.17,0.00683914883500266
131.18,0.00689033575422293
131.19,0.00694178036015894
131.2,0.00699348192213613
131.21,0.00704543969552928
131.22,0.0070976529184719
131.23,0.00715012081179023
131.24,0.00720284257886815
131.25,0.00725581740582739
131.26,0.00730904446128687
131.27,0.00736252289636274
131.28,0.00741625184429746
131.29,0.00747023041853079
131.3,0.00752445771770457
131.31,0.00757893282146474
131.32,0.00763365479151122
131.33,0.00768862267227075
131.34,0.00774383549563882
131.35,0.0077992922682127
131.36,0.00785499198158473
131.37,0.00791093360952995
131.38,0.00796711610866761
131.39,0.00802353842345608
131.4,0.008080199473141
131.41,0.00813709816229461
131.42,0.00819423337799105
131.43,0.00825160398926705
131.44,0.00830920884267962
131.45,0.00836704677367803
131.46,0.00842511659743033
131.47,0.00848341711125931
131.48,0.00854194709447119
131.49,0.00860070530661084
131.5,0.00865969049163645
131.51,0.00871890137455115
131.52,0.00877833666225839
131.53,0.00883799504447272
131.54,0.00889787521066046
131.55,0.00895797581022075
131.56,0.00901829548375904
131.57,0.00907883285488099
131.58,0.0091395865298218
131.59,0.00920055508261784
131.6,0.0092617370888988
131.61,0.00932313109973135
131.62,0.00938473564849701
131.63,0.00944654925094099
131.64,0.00950857041383583
131.65,0.0095707976159174
131.66,0.00963322932252346
131.67,0.009695863981796
131.68,0.00975870002471323
131.69,0.00982173586480407
131.7,0.00988496989885856
131.71,0.00994840050645203
131.72,0.0100120260500975
131.73,0.0100758448752798
131.74,0.0101398553154036
131.75,0.0102040556815086
131.76,0.0102684442696806
131.77,0.0103330193595939
131.78,0.0103977792144054
131.79,0.010462722074945
131.8,0.0105278461720952
131.81,0.0105931497183061
131.82,0.0106586309090616
131.83,0.010724287923242
131.84,0.0107901189276805
131.85,0.0108561220720217
131.86,0.0109222954856582
131.87,0.0109886372842355
131.88,0.0110551455674577
131.89,0.0111218184184544
131.9,0.0111886539019553
131.91,0.011255650070837
131.92,0.0113228049605185
131.93,0.0113901165905993
131.94,0.0114575829649096
131.95,0.0115252020753101
131.96,0.0115929718941775
131.97,0.0116608903792336
131.98,0.0117289554732264
131.99,0.0117971651036478
132,0.0118655171841261
132.01,0.011934009613266
132.02,0.012002640273194
132.03,0.0120714070320026
132.04,0.0121403077430448
132.05,0.0122093402451956
132.06,0.0122785023636925
132.07,0.0123477919079561
132.08,0.0124172066735951
132.09,0.0124867444419634
132.1,0.0125564029802492
132.11,0.0126261800430687
132.12,0.0126960733696479
132.13,0.0127660806855308
132.14,0.0128361997027537
132.15,0.0129064281197377
132.16,0.0129767636228746
132.17,0.0130472038851668
132.18,0.0131177465641835
132.19,0.0131883893055094
132.2,0.0132591297416924
132.21,0.0133299654923451
132.22,0.0134008941642466
132.23,0.0134719133551401
132.24,0.0135430206483171
132.25,0.013614213611978
132.26,0.0136854898039035
132.27,0.0137568467697402
132.28,0.0138282820431144
132.29,0.0138997931457462
132.3,0.0139713775952266
132.31,0.0140430328909762
132.32,0.0141147565193243
132.33,0.0141865459577572
132.34,0.0142583986727431
132.35,0.0143303121198663
132.36,0.0144022837439584
132.37,0.0144743109806149
132.38,0.0145463912534198
132.39,0.0146185219758309
132.4,0.0146907005513523
132.41,0.0147629243734517
132.42,0.014835190825696
132.43,0.0149074972818875
132.44,0.0149798411156208
132.45,0.0150522196787287
132.46,0.0151246303178291
132.47,0.0151970703710666
132.48,0.015269537167787
132.49,0.0153420280286888
132.5,0.0154145402662871
132.51,0.015487071192408
132.52,0.01555961809959
132.53,0.0156321782769502
132.54,0.0157047490059451
132.55,0.0157773275605384
132.56,0.0158499112073679
132.57,0.0159224972071669
132.58,0.0159950828207027
132.59,0.0160676652903745
132.6,0.0161402418569621
132.61,0.0162128097550168
132.62,0.0162853662130472
132.63,0.0163579084537016
132.64,0.0164304336943081
132.65,0.0165029391474475
132.66,0.0165754220188044
132.67,0.0166478795096806
132.68,0.0167203088164724
132.69,0.0167927071308542
132.7,0.0168650716399674
132.71,0.0169373995266038
132.72,0.0170096879669383
132.73,0.0170819341366275
132.74,0.0171541352061658
132.75,0.0172262883423616
132.76,0.0172983907085435
132.77,0.0173704394647431
132.78,0.0174424317678774
132.79,0.0175143647887243
132.8,0.0175862356809185
132.81,0.0176580415915898
132.82,0.0177297796714904
132.83,0.0178014470697764
132.84,0.0178730409342239
132.85,0.017944558411447
132.86,0.0180159966463857
132.87,0.0180873527829242
132.88,0.0181586239659712
132.89,0.0182298073393237
132.9,0.0183009000466564
132.91,0.0183718992317359
132.92,0.0184428020386357
132.93,0.0185136056112485
132.94,0.0185843070888209
132.95,0.0186549036202648
132.96,0.0187253923519068
132.97,0.0187957704312947
132.98,0.0188660350074036
132.99,0.0189361832308389
133,0.0190062122540443
133.01,0.0190761192396086
133.02,0.0191459013428549
133.03,0.01921555572334
133.04,0.0192850795446695
133.05,0.0193544699735485
133.06,0.01942372418
133.07,0.0194928393375827
133.08,0.0195618126251523
133.09,0.0196306412249884
133.1,0.0196993223220987
133.11,0.0197678531069044
133.12,0.0198362307745307
133.13,0.0199044525250277
133.14,0.0199725155635945
133.15,0.0200404170986871
133.16,0.0201081543398105
133.17,0.0201757245120503
133.18,0.0202431248419698
133.19,0.0203103525621963
133.2,0.0203774049116347
133.21,0.0204442791356775
133.22,0.0205109724864171
133.23,0.0205774822200826
133.24,0.0206438056027208
133.25,0.0207099399079816
133.26,0.0207758824162181
133.27,0.0208416304154547
133.28,0.0209071812015942
133.29,0.0209725320786241
133.3,0.0210376803589451
133.31,0.0211026233639008
133.32,0.0211673584227127
133.33,0.021231882873886
133.34,0.0212961940650589
133.35,0.0213602893532111
133.36,0.0214241661048698
133.37,0.0214878216963196
133.38,0.0215512535075459
133.39,0.0216144589337426
133.4,0.0216774353826084
133.41,0.0217401802699033
133.42,0.0218026910219674
133.43,0.0218649650759162
133.44,0.0219269998798352
133.45,0.0219887928913639
133.46,0.0220503415689914
133.47,0.022111643400404
133.48,0.0221726958773798
133.49,0.02223349650335
133.5,0.0222940427935793
133.51,0.0223543322753424
133.52,0.0224143624881033
133.53,0.0224741309802528
133.54,0.0225336353148011
133.55,0.0225928730696568
133.56,0.0226518418338315
133.57,0.0227105392092852
133.58,0.022768962811099
133.59,0.0228271102676455
133.6,0.0228849792201903
133.61,0.0229425673156721
133.62,0.0229998722272069
133.63,0.0230568916366607
133.64,0.0231136232398554
133.65,0.0231700647467285
133.66,0.0232262138814931
133.67,0.0232820683827972
133.68,0.0233376259937585
133.69,0.0233928844762613
133.7,0.0234478416170863
133.71,0.0235024952112671
133.72,0.0235568430686961
133.73,0.0236108830142634
133.74,0.0236646128879957
133.75,0.0237180305451969
133.76,0.0237711338449113
133.77,0.0238239206698627
133.78,0.0238763889248134
133.79,0.0239285365246218
133.8,0.023980361399747
133.81,0.024031861496368
133.82,0.024083034776502
133.83,0.0241338792181251
133.84,0.0241843928073667
133.85,0.02423457355391
133.86,0.0242844194853355
133.87,0.0243339286428869
133.88,0.0243830990841406
133.89,0.024431928883113
133.9,0.024480416130368
133.91,0.024528558933124
133.92,0.0245763554010617
133.93,0.0246238036766678
133.94,0.0246709019183291
133.95,0.0247176482981331
133.96,0.0247640410050045
133.97,0.024810078244794
133.98,0.0248557582403662
133.99,0.0249010792316876
134,0.02494603945193
134.01,0.0249906371819243
134.02,0.0250348707126677
134.03,0.0250787383491611
134.04,0.0251222384134185
134.05,0.0251653692445273
134.06,0.0252081291987082
134.07,0.0252505166493742
134.08,0.0252925299715175
134.09,0.0253341675792843
134.1,0.0253754278965457
134.11,0.0254163093635622
134.12,0.0254568104377746
134.13,0.0254969295938469
134.14,0.0255366653237093
134.15,0.0255760161364464
134.16,0.025614980549527
134.17,0.0256535571112772
134.18,0.0256917443818798
134.19,0.0257295409388349
134.2,0.0257669453769957
134.21,0.0258039563086011
134.22,0.0258405723633103
134.23,0.0258767921858795
134.24,0.0259126144151251
134.25,0.0259480377462638
134.26,0.0259830608753629
134.27,0.0260176825156237
134.28,0.026051901397391
134.29,0.0260857162681626
134.3,0.0261191258925991
134.31,0.0261521290525332
134.32,0.0261847245174051
134.33,0.026216911110406
134.34,0.026248687665172
134.35,0.0262800530273229
134.36,0.0263110060590968
134.37,0.0263415456393297
134.38,0.0263716706634336
134.39,0.0264013800433747
134.4,0.0264306727045034
134.41,0.0264595475902706
134.42,0.0264880036633515
134.43,0.0265160399009053
134.44,0.0265436552964387
134.45,0.0265708488597802
134.46,0.0265976196170525
134.47,0.0266239666106462
134.48,0.0266498888982679
134.49,0.0266753855524123
134.5,0.0267004556653996
134.51,0.0267250983439567
134.52,0.0267493127108862
134.53,0.0267730979050376
134.54,0.0267964530812765
134.55,0.0268193774104554
134.56,0.0268418700782997
134.57,0.0268639302410682
134.58,0.0268855571405768
134.59,0.0269067500054303
134.6,0.0269275080793227
134.61,0.0269478306209666
134.62,0.0269677169040239
134.63,0.0269871662170351
134.64,0.0270061778633492
134.65,0.0270247511368143
134.66,0.0270428853723747
134.67,0.0270605799193423
134.68,0.0270778341350781
134.69,0.0270946473908548
134.7,0.0271110190717585
134.71,0.0271269485765903
134.72,0.0271424353177675
134.73,0.0271574787374556
134.74,0.0271720782884155
134.75,0.0271862334146008
134.76,0.0271999435867386
134.77,0.0272132082892744
134.78,0.0272260270203046
134.79,0.0272383992915095
134.8,0.0272503246280861
134.81,0.0272618025682222
134.82,0.0272728326621796
134.83,0.0272834144762869
134.84,0.0272935475888526
134.85,0.0273032315913316
134.86,0.0273124660882561
134.87,0.0273212506971669
134.88,0.0273295850485445
134.89,0.0273374687857398
134.9,0.0273449015041189
134.91,0.0273518828539864
134.92,0.0273584125360035
134.93,0.0273644902310616
134.94,0.0273701156310181
134.95,0.0273752884385493
134.96,0.0273800083670027
134.97,0.0273842751402491
134.98,0.0273880884925355
134.99,0.0273914481530087
135,0.0273943538839489
135.01,0.0273968054482139
135.02,0.0273988026181167
135.03,0.0274003451753835
135.04,0.0274014329109945
135.05,0.0274020656250253
135.06,0.0274022431264882
135.07,0.0274019652881444
135.08,0.0274012320250138
135.09,0.0274000431175147
135.1,0.0273983984288585
135.11,0.0273962978327942
135.12,0.0273937412135717
135.13,0.0273907284659048
135.14,0.0273872594949353
135.15,0.027383334216196
135.16,0.0273789524747383
135.17,0.0273741142153027
135.18,0.0273688193925358
135.19,0.0273630679492535
135.2,0.0273568598368575
135.21,0.0273501950152181
135.22,0.0273430734525563
135.23,0.0273354951253256
135.24,0.0273274599920863
135.25,0.0273189678557243
135.26,0.0273100188187586
135.27,0.0273006128632665
135.28,0.0272907499757985
135.29,0.0272804301470978
135.3,0.0272696533718181
135.31,0.0272584196482425
135.32,0.0272467289780021
135.33,0.0272345815088022
135.34,0.0272219773405676
135.35,0.0272089164130703
135.36,0.027195398775151
135.37,0.0271814244819258
135.38,0.0271669935947242
135.39,0.0271521061810271
135.4,0.0271367623144051
135.41,0.0271209620744561
135.42,0.0271047056115891
135.43,0.027087992992473
135.44,0.0270708243172117
135.45,0.0270531996980637
135.46,0.0270351192540641
135.47,0.0270165831110147
135.48,0.0269975914014751
135.49,0.0269781442647532
135.5,0.0269582417685579
135.51,0.0269378838403238
135.52,0.0269170707335768
135.53,0.0268958025576004
135.54,0.0268740794202316
135.55,0.0268519014273563
135.56,0.026829268682405
135.57,0.0268061813138676
135.58,0.0267826395578963
135.59,0.02675864344974
135.6,0.0267341931079715
135.61,0.0267092886505128
135.62,0.026683930194395
135.63,0.0266581178555178
135.64,0.0266318517865612
135.65,0.0266051325022047
135.66,0.0265779599473119
135.67,0.0265503343067372
135.68,0.0265222557740195
135.69,0.0264937245518195
135.7,0.0264647408523544
135.71,0.0264353048908881
135.72,0.0264054164042401
135.73,0.0263750758403058
135.74,0.0263442833702928
135.75,0.0263130391649222
135.76,0.0262813433941099
135.77,0.0262491962266489
135.78,0.0262165978298905
135.79,0.0261835481134504
135.8,0.0261500473195922
135.81,0.0261160955784227
135.82,0.0260816929956136
135.83,0.0260468396666126
135.84,0.0260115356759051
135.85,0.0259757810962757
135.86,0.0259395765528939
135.87,0.0259029220062047
135.88,0.0258658175164753
135.89,0.0258282632259106
135.9,0.0257902592766819
135.91,0.0257518058109262
135.92,0.0257129030978711
135.93,0.0256735512861013
135.94,0.0256337505100462
135.95,0.0255935009395204
135.96,0.0255528027467475
135.97,0.02551165610636
135.98,0.0254700609517399
135.99,0.0254280173843368
136,0.0253855256284633
136.01,0.0253425858060333
136.02,0.0252991980358465
136.03,0.0252553624335885
136.04,0.025211078962691
136.05,0.0251663476309142
136.06,0.0251211685934455
136.07,0.0250755419078569
136.08,0.0250294676245266
136.09,0.0249829457866403
136.1,0.0249359765451775
136.11,0.0248885600663973
136.12,0.0248406963093245
136.13,0.0247923853318182
136.14,0.0247436271884593
136.15,0.0246944219305503
136.16,0.0246447696454553
136.17,0.0245946704559201
136.18,0.0245441243689721
136.19,0.0244931314420076
136.2,0.0244416917308895
136.21,0.0243898052899484
136.22,0.0243374721140866
136.23,0.0242846920609376
136.24,0.024231465263998
136.25,0.0241777917321076
136.26,0.024123671468965
136.27,0.0240691044731273
136.28,0.0240140906919147
136.29,0.0239586298242876
136.3,0.0239027219766537
136.31,0.0238463670765936
136.32,0.0237895650418837
136.33,0.0237323157804948
136.34,0.0236746192001133
136.35,0.0236164753530991
136.36,0.0235578840489616
136.37,0.0234988451816023
136.38,0.0234393586374658
136.39,0.0233794242955391
136.4,0.0233190420273516
136.41,0.0232582120829074
136.42,0.0231969341714332
136.43,0.0231352081906841
136.44,0.0230730340439707
136.45,0.0230104116324482
136.46,0.0229473408551177
136.47,0.022883821424004
136.48,0.0228198532763253
136.49,0.0227554362934283
136.5,0.0226905703323814
136.51,0.0226252552452074
136.52,0.0225594908788833
136.53,0.022493276666276
136.54,0.0224266123988718
136.55,0.0223594978749523
136.56,0.022291932794864
136.57,0.0222239168409165
136.58,0.0221554498831365
136.59,0.0220865315751908
136.6,0.0220171615668941
136.61,0.0219473395289555
136.62,0.0218770651202454
136.63,0.0218063386789108
136.64,0.0217351598173712
136.65,0.0216635282463669
136.66,0.0215914437713848
136.67,0.0215189062058693
136.68,0.021445914963789
136.69,0.0213724699139967
136.7,0.0212985708342036
136.71,0.021224217460461
136.72,0.021149409525669
136.73,0.0210741461806991
136.74,0.0209984272426559
136.75,0.0209222523395776
136.76,0.0208456210433173
136.77,0.0207685329075294
136.78,0.0206909878889767
136.79,0.0206129854157311
136.8,0.0205345250635863
136.81,0.020455606416884
136.82,0.020376229052223
136.83,0.0202963931745173
136.84,0.0202160981773637
136.85,0.0201353437403079
136.86,0.0200541295588061
136.87,0.019972455333478
136.88,0.0198903205666921
136.89,0.019807725036203
136.9,0.0197246684232275
136.91,0.019641150411461
136.92,0.0195571706775454
136.93,0.0194727286227305
136.94,0.0193878239762926
136.95,0.0193024563424142
136.96,0.019216625316038
136.97,0.0191303306877534
136.98,0.01904357200801
136.99,0.0189563489050445
137,0.0188686610071361
137.01,0.0187805084540414
137.02,0.0186918908550444
137.03,0.0186028079793138
137.04,0.0185132596400753
137.05,0.0184232457762336
137.06,0.0183327662509043
137.07,0.0182418209682175
137.08,0.0181504098676489
137.09,0.0180585326094814
137.1,0.0179661891267406
137.11,0.0178733793632372
137.12,0.0177801032309455
137.13,0.0176863606355508
137.14,0.0175921515043478
137.15,0.0174974757768523
137.16,0.0174023333987889
137.17,0.0173067248069706
137.18,0.0172106501998357
137.19,0.0171141096445478
137.2,0.0170171033726235
137.21,0.0169196320280947
137.22,0.0168216961707085
137.23,0.0167232962110605
137.24,0.0166244327497266
137.25,0.0165251063706173
137.26,0.0164253177116277
137.27,0.016325067536119
137.28,0.0162243565803486
137.29,0.0161231854006402
137.3,0.0160215548702092
137.31,0.0159194658006984
137.32,0.0158169195017524
137.33,0.0157139170029413
137.34,0.0156104594074608
137.35,0.0155065483009074
137.36,0.0154021856576092
137.37,0.0152973729871344
137.38,0.0151921121712378
137.39,0.0150864053264924
137.4,0.0149802545989051
137.41,0.014873662311308
137.42,0.0147666305757413
137.43,0.014659161760136
137.44,0.0145512584686357
137.45,0.0144429233920387
137.46,0.0143341594589591
137.47,0.0142249695348656
137.48,0.0141153566717175
137.49,0.0140053253082719
137.5,0.0138948788323757
137.51,0.0137840211842582
137.52,0.0136727569873984
137.53,0.0135610911465806
137.54,0.013449028419625
137.55,0.0133365739779799
137.56,0.0132237330779113
137.57,0.0131105113931005
137.58,0.0129969147022429
137.59,0.0128829488762996
137.6,0.0127686201746867
137.61,0.0126539354399898
137.62,0.0125389019137508
137.63,0.0124235267613455
137.64,0.0123078184747908
137.65,0.0121917855830156
137.66,0.0120754368685149
137.67,0.0119587818790073
137.68,0.0118418304249146
137.69,0.0117245927644206
137.7,0.0116070792134261
137.71,0.0114893008681122
137.72,0.0113712691720447
137.73,0.0112529961150589
137.74,0.011134493951001
137.75,0.0110157759273747
137.76,0.0108968560520857
137.77,0.0107777483190253
137.78,0.0106584680972453
137.79,0.010539031187647
137.8,0.0104194538332272
137.81,0.0102997531885508
137.82,0.010179946935225
137.83,0.0100600534224801
137.84,0.00994009150879006
137.85,0.00982008083482294
137.86,0.009700041744099
137.87,0.0095799955331031
137.88,0.00945996384721923
137.89,0.00933996937831223
137.9,0.00922003573031863
137.91,0.00910018692850214
137.92,0.00898044809217484
137.93,0.00886084508116581
137.94,0.00874140444187415
137.95,0.00862215371330262
137.96,0.00850312112840202
137.97,0.00838433571580714
137.98,0.00826582698336471
137.99,0.0081476255169699
138,0.00802976242323816
138.01,0.00791226900966515
138.02,0.00779517786140576
138.03,0.00767852202014512
138.04,0.007562335164222
138.05,0.0074466517164445
138.06,0.00733150635551975
138.07,0.00721693439098877
138.08,0.00710297197097163
138.09,0.0069896545083721
138.1,0.00687701863282418
138.11,0.00676510137973704
138.12,0.00665393822938747
138.13,0.00654356663439302
138.14,0.00643402345957883
138.15,0.00632534430836922
138.16,0.00621756635570171
138.17,0.00611072564559559
138.18,0.00600485719323454
138.19,0.00589999717175079
138.2,0.00579617972188964
138.21,0.00569343840919347
138.22,0.00559180741239848
138.23,0.00549131771614881
138.24,0.00539200076283689
138.25,0.00529388748404212
138.26,0.00519700483845758
138.27,0.00510138135870561
138.28,0.00500704338271732
138.29,0.00491401400234281
138.3,0.0048223171279488
138.31,0.00473197396826282
138.32,0.00464300302786582
138.33,0.00455542283108354
138.34,0.00446924879935707
138.35,0.00438449429620246
138.36,0.00430117182055197
138.37,0.0042192907159965
138.38,0.00413885881383697
138.39,0.0040598822408796
138.4,0.00398236444351371
138.41,0.00390630737580853
138.42,0.0038317108867344
138.43,0.00375857298694246
138.44,0.00368688955216719
138.45,0.00361665476411983
138.46,0.00354786140244366
138.47,0.00348049972778284
138.48,0.00341455901489657
138.49,0.00335002714485522
138.5,0.00328688949333344
138.51,0.00322513139944938
138.52,0.00316473627856453
138.53,0.00310568555727531
138.54,0.00304796169988119
138.55,0.00299154416646828
138.56,0.0029364116898485
138.57,0.00288254424196246
138.58,0.00282991856379717
138.59,0.00277851156147684
138.6,0.00272830086439952
138.61,0.0026792622520044
138.62,0.00263137167400613
138.63,0.00258460494617945
138.64,0.0025389376691145
138.65,0.00249434523894241
138.66,0.0024508029621301
138.67,0.00240828641391907
138.68,0.00236677093488112
138.69,0.00232623204828983
138.7,0.00228664557643545
138.71,0.00224798734587503
138.72,0.00221023354760958
138.73,0.00217336068521689
138.74,0.0021373454920858
138.75,0.00210216518747475
138.76,0.00206779737421856
138.77,0.00203421988478041
138.78,0.00200141122722741
138.79,0.00196935025386144
138.8,0.00193801596738001
138.81,0.00190738816452396
138.82,0.00187744694495098
138.83,0.00184817276585585
138.84,0.0018195466686299
138.85,0.00179155010825615
138.86,0.001764165004716
138.87,0.00173737376585747
138.88,0.0017111592400108
138.89,0.00168550475722631
138.9,0.00166039414834437
138.91,0.00163581157017276
138.92,0.00161174170134854
138.93,0.00158816967892505
138.94,0.00156508090081767
138.95,0.00154246129435206
138.96,0.00152029715779291
138.97,0.00149857532437796
138.98,0.00147728291725415
138.99,0.00145640748771375
139,0.00143593691250695
139.01,0.00141585952170993
139.02,0.00139616398824273
139.03,0.00137683930105777
139.04,0.00135787484541573
139.05,0.00133926033423981
139.06,0.00132098582336418
139.07,0.00130304168578636
139.08,0.0012854186191447
139.09,0.00126810765739167
139.1,0.00125110011996834
139.11,0.00123438763741656
139.12,0.00121796216128816
139.13,0.0012018159127256
139.14,0.0011859414043914
139.15,0.00117033140113493
139.16,0.00115497896049258
139.17,0.00113987739340113
139.18,0.00112502026111061
139.19,0.00111040137409254
139.2,0.00109601478326005
139.21,0.00108185481812541
139.22,0.00106791599711876
139.23,0.00105419307856353
139.24,0.00104068106318813
139.25,0.00102737516014527
139.26,0.00101427078824495
139.27,0.00100136356552351
139.28,0.000988649299784977
139.29,0.000976124008223619
139.3,0.000963783889202942
139.31,0.000951625330110224
139.32,0.000939644885336617
139.33,0.00092783928204842
139.34,0.000916205396661319
139.35,0.000904740272324461
139.36,0.000893441099921286
139.37,0.000882305228791335
139.38,0.000871330151205919
139.39,0.000860513483486383
139.4,0.000849852969696992
139.41,0.000839346455252532
139.42,0.000828991924597067
139.43,0.000818787462441414
139.44,0.000808731304147328
139.45,0.000798821728582895
139.46,0.000789057126843854
139.47,0.000779435977515944
139.48,0.000769956834521705
139.49,0.000760618331250584
139.5,0.000751419171148577
139.51,0.000742358119868946
139.52,0.000733434016855896
139.53,0.000724645759732657
139.54,0.000715992274767766
139.55,0.000707472540523185
139.56,0.000699085588248837
139.57,0.000690830528860304
139.58,0.000682706442130597
139.59,0.000674712459690073
139.6,0.000666847737421385
139.61,0.00065911151129364
139.62,0.000651502967763322
139.63,0.000644021331248481
139.64,0.000636665836739234
139.65,0.000629435775006425
139.66,0.000622330413031544
139.67,0.000615349012797728
139.68,0.000608490846567983
139.69,0.00060175522868819
139.7,0.000595141490440384
139.71,0.000588648902231994
139.72,0.000582276757995954
139.73,0.000576024366872501
139.74,0.000569891100553263
139.75,0.000563876230648183
139.76,0.000557979061558008
139.77,0.000552198892443067
139.78,0.000546535074127613
139.79,0.000540986913729607
139.8,0.000535553705789355
139.81,0.000530234751455749
139.82,0.000525029362837588
139.83,0.000519936891431105
139.84,0.000514956620770467
139.85,0.000510087857608363
139.86,0.000505329906559885
139.87,0.000500682134018919
139.88,0.000496143859860896
139.89,0.000491714403596489
139.9,0.000487393098973206
139.91,0.000483179294800681
139.92,0.000479072368806544
139.93,0.000475071670653244
139.94,0.000471176573345149
139.95,0.000467386459943169
139.96,0.000463700701137257
139.97,0.000460118696625514
139.98,0.00045663985556585
139.99,0.00045326359458621
140,0.000449989337746088
140.01,0.00044681651406626
140.02,0.000443744573990078
140.03,0.000440772975243141
140.04,0.000437901187303737
140.05,0.000435128751710161
140.06,0.0004324551733252
140.07,0.00042987998169238
140.08,0.00042740273211621
140.09,0.000425022994785093
140.1,0.000422740352938038
140.11,0.000420554425851572
140.12,0.000418464848889593
140.13,0.000416471280230573
140.14,0.000414573237412779
140.15,0.000412770407756526
140.16,0.00041106246029125
140.17,0.00040944906103789
140.18,0.000407929901812236
140.19,0.000406504702568978
140.2,0.000405173156797315
140.21,0.000403934984315935
140.22,0.00040278991567697
140.23,0.000401737749206143
140.24,0.000400778239309302
140.25,0.000399911169202559
140.26,0.000399136340247044
140.27,0.000398453519107556
140.28,0.000397862422214003
140.29,0.000397362857044406
140.3,0.000396954589853683
140.31,0.000396637408770378
140.32,0.000396411081474934
140.33,0.000396275362872444
140.34,0.000396230007007559
140.35,0.000396274787842341
140.36,0.000396409441741233
140.37,0.000396633706929451
140.38,0.000396947289904621
140.39,0.000397349856061588
140.4,0.000397841094700494
140.41,0.00039842065658227
140.42,0.000399088142396594
140.43,0.000399843135172913
140.44,0.000400685190413417
140.45,0.00040161382381098
140.46,0.000402628526823272
140.47,0.000403728736068772
140.48,0.000404913850927037
140.49,0.000406183224732687
140.5,0.000407536161708285
140.51,0.000408971918625383
140.52,0.000410489698500104
140.53,0.000412088636305726
140.54,0.00041376781319405
140.55,0.000415526250589265
140.56,0.000417362902418116
140.57,0.00041927666360893
140.58,0.000421266349049278
140.59,0.000423330703974364
140.6,0.000425468408570789
140.61,0.000427678080424242
140.62,0.000429958238790427
140.63,0.000432307332154503
140.64,0.000434723751867139
140.65,0.00043720579910725
140.66,0.000439751688143002
140.67,0.000442359558041835
140.68,0.000445027505391783
140.69,0.000447753504957398
140.7,0.000450535464670181
140.71,0.000453371230533748
140.72,0.000456258596506596
140.73,0.000459195240245065
140.74,0.000462178779887112
140.75,0.000465206807486655
140.76,0.000468276827263282
140.77,0.000471386265010322
140.78,0.000474532496535048
140.79,0.000477712903642577
140.8,0.000480924747840242
140.81,0.000484165264370187
140.82,0.000487431657528278
140.83,0.000490721121339251
140.84,0.000494030788682743
140.85,0.000497357781386933
140.86,0.00050069920664938
140.87,0.000504052152076474
140.88,0.000507413700495551
140.89,0.000510780933933556
140.9,0.000514150932854584
140.91,0.000517520794517387
140.92,0.000520887638732702
140.93,0.000524248596035799
140.94,0.000527600829399787
140.95,0.000530941536004287
140.96,0.000534267951865618
140.97,0.000537577355242701
140.98,0.000540867072949685
140.99,0.000544134490516012
141,0.000547377046279254
141.01,0.000550592241020373
141.02,0.000553777649885631
141.03,0.00055693090979125
141.04,0.000560049732474626
141.05,0.00056313191610039
141.06,0.000566175326166935
141.07,0.000569177913032488
141.08,0.000572137721973779
141.09,0.000575052871157101
141.1,0.000577921571402955
141.11,0.000580742132254558
141.12,0.000583512947628005
141.13,0.000586232509584239
141.14,0.000588899410739541
141.15,0.000591512316243077
141.16,0.000594069996627534
141.17,0.000596571324015853
141.18,0.000599015226535981
141.19,0.00060140073843612
141.2,0.00060372698579635
141.21,0.000605993178430481
141.22,0.000608198612411623
141.23,0.000610342669696107
141.24,0.000612424808795834
141.25,0.000614444576129548
141.26,0.000616401599132611
141.27,0.000618295564909989
141.28,0.000620126249493486
141.29,0.00062189349952146
141.3,0.000623597209156901
141.31,0.00062523735461995
141.32,0.000626813969791155
141.33,0.000628327143487637
141.34,0.000629777023765468
141.35,0.000631163810950379
141.36,0.000632487759263735
141.37,0.000633749168467034
141.38,0.000634948385105169
141.39,0.000636085803483807
141.4,0.000637161855535782
141.41,0.000638177012999562
141.42,0.000639131779193397
141.43,0.000640026694464237
141.44,0.000640862328139259
141.45,0.000641639276477409
141.46,0.000642358161135917
141.47,0.000643019625832652
141.48,0.000643624334621157
141.49,0.000644172967780027
141.5,0.000644666223110504
141.51,0.000645104830194446
141.52,0.000645489515303079
141.53,0.000645821023427104
141.54,0.000646100116751219
141.55,0.000646327561654177
141.56,0.000646504132895977
141.57,0.000646630601931513
141.58,0.000646707752135659
141.59,0.000646736366566061
141.6,0.000646717234519849
141.61,0.000646651137462306
141.62,0.000646538861023572
141.63,0.000646381203773519
141.64,0.000646178947332401
141.65,0.000645932876403727
141.66,0.000645643772879518
141.67,0.000645312414823168
141.68,0.000644939575396504
141.69,0.000644526021481065
141.7,0.000644072514189792
141.71,0.000643579807974669
141.72,0.000643048654181159
141.73,0.000642479791212865
141.74,0.00064187395100161
141.75,0.00064123186355862
141.76,0.000640554243628135
141.77,0.000639841799005973
141.78,0.000639095232926594
141.79,0.000638315235292717
141.8,0.000637502487877211
141.81,0.000636657666607658
141.82,0.000635781435584621
141.83,0.000634874449726386
141.84,0.000633937357748748
141.85,0.000632970798110523
141.86,0.000631975399508096
141.87,0.000630951780594599
141.88,0.000629900550451191
141.89,0.000628822309246178
141.9,0.000627717646872084
141.91,0.000626587143188514
141.92,0.000625431367967067
141.93,0.000624250883063952
141.94,0.000623046245807079
141.95,0.000621817998591319
141.96,0.000620566677238652
141.97,0.000619292809678604
141.98,0.000617996914816293
141.99,0.000616679503562259
142,0.000615341078583812
142.01,0.000613982134745018
142.02,0.000612603159044023
142.03,0.000611204625595712
142.04,0.000609787002542697
142.05,0.000608350749775624
142.06,0.000606896322504386
142.07,0.000605424168609876
142.08,0.000603934725651021
142.09,0.000602428424254828
142.1,0.000600905686446495
142.11,0.000599366928942509
142.12,0.000597812561029234
142.13,0.000596242986860764
142.14,0.000594658602078048
142.15,0.000593059796644008
142.16,0.000591446955294147
142.17,0.000589820455998825
142.18,0.000588180671331725
142.19,0.000586527962741199
142.2,0.000584862691060433
142.21,0.000583185210187008
142.22,0.000581495868098192
142.23,0.000579795003222622
142.24,0.000578082951957966
142.25,0.000576360044029644
142.26,0.000574626603285183
142.27,0.000572882952111338
142.28,0.000571129403720712
142.29,0.000569366267308035
142.3,0.000567593847315821
142.31,0.000565812444802927
142.32,0.000564022354942647
142.33,0.000562223868887679
142.34,0.000560417273591863
142.35,0.000558602845989699
142.36,0.000556780864308866
142.37,0.00055495160065395
142.38,0.00055311532253588
142.39,0.000551272293051783
142.4,0.000549422771004966
142.41,0.000547567010927391
142.42,0.000545705263149636
142.43,0.00054383777915477
142.44,0.000541964801491385
142.45,0.000540086570901424
142.46,0.000538203324911455
142.47,0.000536315288840588
142.48,0.000534422694759747
142.49,0.000532525767752789
142.5,0.000530624729306463
142.51,0.000528719797627756
142.52,0.000526811187877508
142.53,0.000524899111398725
142.54,0.000522983776542188
142.55,0.000521065388521915
142.56,0.000519144145640613
142.57,0.000517220244544469
142.58,0.000515293880389033
142.59,0.000513365243758437
142.6,0.000511434521981871
142.61,0.00050950190684625
142.62,0.000507567578175778
142.63,0.000505631716289314
142.64,0.000503694498884504
142.65,0.000501756100213352
142.66,0.000499816690594283
142.67,0.000497876440287064
142.68,0.00049593551598598
142.69,0.00049399408188959
142.7,0.000492052295357918
142.71,0.000490110313350928
142.72,0.000488168291647628
142.73,0.000486226382013939
142.74,0.00048428473363876
142.75,0.000482343499732199
142.76,0.000480402822976493
142.77,0.000478462846666994
142.78,0.000476523711892253
142.79,0.000474585556556154
142.8,0.000472648515135081
142.81,0.000470712722350988
142.82,0.000468778309673262
142.83,0.00046684540637251
142.84,0.000464914138685495
142.85,0.000462984631189853
142.86,0.000461057006500672
142.87,0.000459131384863464
142.88,0.000457207884445807
142.89,0.000455286622369373
142.9,0.000453367712415833
142.91,0.000451451266851172
142.92,0.000449537395988956
142.93,0.000447626208004991
142.94,0.000445717808887392
142.95,0.000443812303275516
142.96,0.000441909793707194
142.97,0.00044001038087095
142.98,0.000438114163073825
142.99,0.000436221237049769
143,0.000434331697953395
143.01,0.000432445638961587
143.02,0.000430563151462707
143.03,0.000428684325769854
143.04,0.000426809249694882
143.05,0.000424938009638078
143.06,0.000423070690356621
143.07,0.000421207374945866
143.08,0.000419348144801784
143.09,0.00041749307989136
143.1,0.000415642258563153
143.11,0.000413795757631354
143.12,0.00041195365189026
143.13,0.000410116014670175
143.14,0.000408282918216228
143.15,0.000406454433033628
143.16,0.000404630628133792
143.17,0.000402811571251285
143.18,0.000400997328478006
143.19,0.000399187964518179
143.2,0.000397383542686816
143.21,0.000395584124974251
143.22,0.000393789772285399
143.23,0.000392000543755509
143.24,0.000390216497381656
143.25,0.000388437689871682
143.26,0.000386664176664984
143.27,0.00038489601157776
143.28,0.000383133247177995
143.29,0.00038137593526578
143.3,0.000379624126178672
143.31,0.000377877869049387
143.32,0.000376137211823701
143.33,0.000374402200808974
143.34,0.000372672881631557
143.35,0.000370949298698901
143.36,0.000369231495216578
143.37,0.000367519513264178
143.38,0.000365813393883986
143.39,0.000364113177432382
143.4,0.000362418902590093
143.41,0.000360730607239463
143.42,0.000359048328242233
143.43,0.000357372101457316
143.44,0.000355701961482418
143.45,0.000354037941896481
143.46,0.000352380075697035
143.47,0.000350728394727428
143.48,0.000349082929886029
143.49,0.000347443711141815
143.5,0.000345810766608325
143.51,0.00034418412439834
143.52,0.000342563811629105
143.53,0.000340949854353249
143.54,0.000339342277713028
143.55,0.000337741106064047
143.56,0.000336146363652565
143.57,0.000334558072739413
143.58,0.000332976255205258
143.59,0.000331400932124304
143.6,0.000329832123779159
143.61,0.000328269849864248
143.62,0.000326714129359469
143.63,0.000325164980210695
143.64,0.000323622419797416
143.65,0.000322086464800474
143.66,0.000320557131218214
143.67,0.000319034433318445
143.68,0.000317518384142688
143.69,0.000316008998124929
143.7,0.000314506287979988
143.71,0.000313010265704616
143.72,0.000311520942585624
143.73,0.000310038329159131
143.74,0.000308562435223883
143.75,0.000307093270008839
143.76,0.000305630842005724
143.77,0.000304175159031015
143.78,0.000302726228233665
143.79,0.000301284057436204
143.8,0.000299848655588512
143.81,0.000298420027068404
143.82,0.000296998177564286
143.83,0.000295583112321251
143.84,0.000294174836161693
143.85,0.000292773352352426
143.86,0.000291378661590715
143.87,0.000289990768461792
143.88,0.000288609675178263
143.89,0.000287235383447868
143.9,0.000285867894481202
143.91,0.000284507208430173
143.92,0.000283153323461105
143.93,0.000281806239919489
143.94,0.000280465956454333
143.95,0.000279132471148683
143.96,0.000277805781519885
143.97,0.000276485885320792
143.98,0.000275172782682962
143.99,0.000273866468354248
144,0.000272566938692335
144.01,0.000271274189672909
144.02,0.00026998821690265
144.03,0.000268709015763469
144.04,0.000267436581941973
144.05,0.00026617090972424
144.06,0.000264911993549966
144.07,0.000263659827582009
144.08,0.000262414405721088
144.09,0.000261175721620548
144.1,0.000259943765682301
144.11,0.00025871852757745
144.12,0.000257500001548679
144.13,0.000256288178922958
144.14,0.000255083050633677
144.15,0.000253884607221543
144.16,0.000252692838835477
144.17,0.000251507737992319
144.18,0.000250329294665476
144.19,0.000249157498238257
144.2,0.000247992338506671
144.21,0.000246833805084856
144.22,0.000245681886886964
144.23,0.000244536570818361
144.24,0.000243397846443501
144.25,0.000242265701878403
144.26,0.000241140124952221
144.27,0.0002400211032689
144.28,0.000238908624779622
144.29,0.00023780267623957
144.3,0.00023670324448225
144.31,0.00023561031607062
144.32,0.000234523877297113
144.33,0.000233443915414197
144.34,0.000232370415825168
144.35,0.00023130336423886
144.36,0.000230242746138555
144.37,0.000229188546763813
144.38,0.000228140752639255
144.39,0.000227099348419683
144.4,0.000226064318785648
144.41,0.00022503564840306
144.42,0.000224013321734065
144.43,0.000222997324004014
144.44,0.000221987639491299
144.45,0.000220984252062191
144.46,0.000219987145670973
144.47,0.000218996304099148
144.48,0.000218011711398326
144.49,0.00021703335129291
144.5,0.000216061206992973
144.51,0.000215095261764812
144.52,0.000214135498719915
144.53,0.00021318190122719
144.54,0.000212234452522968
144.55,0.000211293135024458
144.56,0.000210357931358074
144.57,0.000209428824006951
144.58,0.000208505795310919
144.59,0.000207588827487622
144.6,0.000206677904621701
144.61,0.00020577300770861
144.62,0.000204874118777165
144.63,0.000203981219736315
144.64,0.000203094292375132
144.65,0.000202213318362813
144.66,0.00020133828047779
144.67,0.000200469160881327
144.68,0.000199605940452924
144.69,0.00019874860071159
144.7,0.000197897123084496
144.71,0.000197051488906987
144.72,0.000196211679617851
144.73,0.000195377678477055
144.74,0.000194549465579566
144.75,0.000193727022198172
144.76,0.000192910329540846
144.77,0.000192099368750732
144.78,0.000191294120906152
144.79,0.000190494567771653
144.8,0.00018970069049473
144.81,0.00018891246980925
144.82,0.000188129886704439
144.83,0.000187352922119073
144.84,0.000186581556941492
144.85,0.000185815772317316
144.86,0.000185055550559508
144.87,0.000184300871692278
144.88,0.000183551716654323
144.89,0.000182808066356059
144.9,0.00018206990167962
144.91,0.000181337203478864
144.92,0.00018060995353204
144.93,0.000179888132568422
144.94,0.000179171721226139
144.95,0.000178460700387004
144.96,0.000177755050915109
144.97,0.000177054753656814
144.98,0.000176359789440751
144.99,0.000175670139648829
145,0.000174985786307826
145.01,0.000174306709450586
145.02,0.000173632890042825
145.03,0.000172964309048591
145.04,0.000172300947430265
145.05,0.000171642786148559
145.06,0.000170989806162517
145.07,0.000170341990805768
145.08,0.000169699320128929
145.09,0.000169061775145562
145.1,0.000168429337089739
145.11,0.000167801987214694
145.12,0.000167179706792797
145.13,0.000166562477115577
145.14,0.000165950280311819
145.15,0.000165343098400182
145.16,0.000164740912226995
145.17,0.000164143703353609
145.18,0.000163551453375259
145.19,0.000162964143921073
145.2,0.00016238175665406
145.21,0.000161804273337874
145.22,0.000161231676889321
145.23,0.000160663948445449
145.24,0.000160101069930869
145.25,0.000159543023313997
145.26,0.00015898979060707
145.27,0.00015844135386614
145.28,0.000157897695191079
145.29,0.000157358797386861
145.3,0.000156824642761867
145.31,0.000156295213368594
145.32,0.000155770491596259
145.33,0.000155250459886481
145.34,0.000154735100733293
145.35,0.000154224396683133
145.36,0.000153718330832199
145.37,0.000153216887616795
145.38,0.000152720048542333
145.39,0.000152227796549083
145.4,0.000151740114642083
145.41,0.000151256985891145
145.42,0.000150778393430847
145.43,0.000150304320460539
145.44,0.000149834750244349
145.45,0.00014936966683107
145.46,0.00014890905429745
145.47,0.000148452895493643
145.48,0.000148001174075088
145.49,0.000147553873770745
145.5,0.000147110978383088
145.51,0.000146672471788107
145.52,0.000146238337935312
145.53,0.000145808560847731
145.54,0.000145383125981408
145.55,0.000144962017561854
145.56,0.000144545219416765
145.57,0.00014413271602614
145.58,0.000143724491954107
145.59,0.000143320531848938
145.6,0.000142920820443044
145.61,0.000142525342552979
145.62,0.000142134083079433
145.63,0.000141747028369072
145.64,0.000141364162919145
145.65,0.000140985471839496
145.66,0.000140610940486754
145.67,0.000140240554309363
145.68,0.000139874298847582
145.69,0.00013951215973349
145.7,0.000139154122690978
145.71,0.000138800173664443
145.72,0.000138450299989978
145.73,0.000138104486784572
145.74,0.000137762720255535
145.75,0.000137424986709854
145.76,0.000137091272554197
145.77,0.000136761564294911
145.78,0.000136435848538025
145.79,0.000136114111989248
145.8,0.000135796341798557
145.81,0.000135482525600424
145.82,0.000135172649869908
145.83,0.000134866701803152
145.84,0.000134564668702104
145.85,0.000134266537974506
145.86,0.000133972297133909
145.87,0.000133681933799658
145.88,0.0001333954356969
145.89,0.000133112790961542
145.9,0.00013283398773891
145.91,0.000132559013942059
145.92,0.000132287857809013
145.93,0.000132020507694597
145.94,0.000131756952071018
145.95,0.000131497179528428
145.96,0.000131241178775497
145.97,0.000130988938639988
145.98,0.000130740448069323
145.99,0.000130495696131163
146,0.000130254672072778
146.01,0.000130017365180646
146.02,0.000129783764883268
146.03,0.000129553860740657
146.04,0.000129327642436461
146.05,0.000129105099778562
146.06,0.000128886222699662
146.07,0.000128671001257887
146.08,0.000128459425637373
146.09,0.000128251486148861
146.1,0.000128047173276079
146.11,0.000127846477819161
146.12,0.000127649390315604
146.13,0.000127455901611633
146.14,0.000127266002685347
146.15,0.000127079684647408
146.16,0.000126896938741736
146.17,0.000126717756346197
146.18,0.000126542128973296
146.19,0.000126370048270874
146.2,0.000126201506022789
146.21,0.000126036493512956
146.22,0.000125875002405929
146.23,0.000125717025328185
146.24,0.000125562554505227
146.25,0.00012541158229136
146.26,0.000125264101169932
146.27,0.000125120103753583
146.28,0.000124979582784483
146.29,0.000124842531134584
146.3,0.000124708941805854
146.31,0.000124578807930527
146.32,0.000124452123100449
146.33,0.000124328880596446
146.34,0.000124209073913588
146.35,0.000124092696740874
146.36,0.000123979742901984
146.37,0.000123870206355648
146.38,0.000123764081196027
146.39,0.000123661361653084
146.4,0.000123562042092966
146.41,0.000123466117018375
146.42,0.00012337358112498
146.43,0.000123284429562145
146.44,0.000123198657000661
146.45,0.000123116258527848
146.46,0.000123037229372908
146.47,0.000122961564907452
146.48,0.000122889260646017
146.49,0.000122820312246593
146.5,0.000122754715511145
146.51,0.000122692466386133
146.52,0.000122633560963036
146.53,0.00012257799556025
146.54,0.000122525766624547
146.55,0.000122476870622411
146.56,0.000122431304245593
146.57,0.000122389064334941
146.58,0.000122350147880982
146.59,0.000122314552024509
146.6,0.000122282274057163
146.61,0.000122253311422018
146.62,0.000122227661714165
146.63,0.000122205322681295
146.64,0.00012218629130092
146.65,0.000122170565968776
146.66,0.000122158145047556
146.67,0.000122149026838217
146.68,0.000122143209792238
146.69,0.000122140692512034
146.7,0.000122141473751367
146.71,0.000122145552415756
146.72,0.000122152927562895
146.73,0.000122163598403064
146.74,0.000122177564299538
146.75,0.000122194824769004
146.76,0.000122215379481971
146.77,0.000122239227998149
146.78,0.000122266370274557
146.79,0.000122296806572112
146.8,0.000122330537156809
146.81,0.000122367562448618
146.82,0.000122407883021822
146.83,0.000122451499605371
146.84,0.000122498413083225
146.85,0.0001225486244947
146.86,0.000122602135034816
146.87,0.000122658946054644
146.88,0.00012271905906165
146.89,0.000122782475720044
146.9,0.000122849198595745
146.91,0.00012291923036507
146.92,0.000122992572374949
146.93,0.000123069227018233
146.94,0.000123149196854169
146.95,0.000123232484609029
146.96,0.000123319093176726
146.97,0.000123409025619439
146.98,0.000123502285168233
146.99,0.00012359887522368
147,0.000123698799356486
147.01,0.000123802061308104
147.02,0.000123908664991363
147.03,0.000124018614454177
147.04,0.000124131913838481
147.05,0.000124248567669444
147.06,0.000124368580542784
147.07,0.000124491957227983
147.08,0.000124618702668884
147.09,0.000124748821984288
147.1,0.000124882320468554
147.11,0.000125019203592186
147.12,0.00012515947700244
147.13,0.000125303146523917
147.14,0.000125450218159158
147.15,0.000125600698089241
147.16,0.00012575459262919
147.17,0.000125911907345173
147.18,0.000126072649642286
147.19,0.000126236826370196
147.2,0.000126404444555868
147.21,0.000126575511404008
147.22,0.000126750034297509
147.23,0.000126928020797908
147.24,0.000127109478645819
147.25,0.000127294415761397
147.26,0.000127482840244775
147.27,0.000127674760376516
147.28,0.000127870184618061
147.29,0.000128069121612174
147.3,0.000128271582926035
147.31,0.000128477576192443
147.32,0.000128687110391488
147.33,0.000128900195065258
147.34,0.00012911683995282
147.35,0.000129337054991127
147.36,0.000129560850315921
147.37,0.000129788236262645
147.38,0.000130019223367351
147.39,0.000130253822367597
147.4,0.000130492044203367
147.41,0.000130733900017965
147.42,0.000130979401158932
147.43,0.000131228559767338
147.44,0.000131481387523276
147.45,0.0001317378961995
147.46,0.000131998098016427
147.47,0.000132262005406981
147.48,0.000132529631017626
147.49,0.000132800987709399
147.5,0.000133076088558956
147.51,0.000133354946859596
147.52,0.000133637576122301
147.53,0.000133923990076775
147.54,0.000134214202672471
147.55,0.000134508228079635
147.56,0.000134806079264982
147.57,0.000135107770177558
147.58,0.000135413316785121
147.59,0.000135722734017983
147.6,0.000136036037022477
147.61,0.000136353241161662
147.62,0.000136674362016054
147.63,0.00013699941538433
147.64,0.000137328417284048
147.65,0.000137661383952362
147.66,0.000137998331846737
147.67,0.000138339277645665
147.68,0.000138684238249383
147.69,0.000139033230780578
147.7,0.000139386273180531
147.71,0.000139743385446151
147.72,0.00014010458337745
147.73,0.000140469885139343
147.74,0.000140839309133737
147.75,0.000141212874000617
147.76,0.000141590598619109
147.77,0.000141972502108554
147.78,0.000142358603829577
147.79,0.000142748923385161
147.8,0.00014314348062172
147.81,0.000143542295630168
147.82,0.000143945388746987
147.83,0.000144352780555308
147.84,0.000144764491885975
147.85,0.000145180549352952
147.86,0.00014560097113449
147.87,0.000146025778495536
147.88,0.00014645499354856
147.89,0.000146888638679647
147.9,0.000147326736550222
147.91,0.000147769310098773
147.92,0.000148216382542576
147.93,0.00014866797737942
147.94,0.000149124118389322
147.95,0.000149584829636266
147.96,0.000150050135469913
147.97,0.000150520060527334
147.98,0.000150994629734732
147.99,0.000151473865972927
148,0.000151957794539143
148.01,0.000152446442464574
148.02,0.000152939835666986
148.03,0.000153438000348368
148.04,0.000153940962996217
148.05,0.00015444875038483
148.06,0.000154961389576596
148.07,0.000155478907923276
148.08,0.00015600133306731
148.09,0.000156528692943094
148.1,0.000157061015778277
148.11,0.00015759833009504
148.12,0.000158140664711404
148.13,0.00015868804815456
148.14,0.000159240508591155
148.15,0.000159798076889097
148.16,0.000160360782967112
148.17,0.000160928657039027
148.18,0.00016150172961483
148.19,0.000162080031501712
148.2,0.000162663593805145
148.21,0.000163252447929929
148.22,0.000163846625581249
148.23,0.000164446158765741
148.24,0.000165051079792531
148.25,0.000165661421274315
148.26,0.000166277216128404
148.27,0.000166898497577784
148.28,0.000167525315963397
148.29,0.000168157693442097
148.3,0.000168795664698319
148.31,0.000169439264951862
148.32,0.00017008852978927
148.33,0.000170743495166676
148.34,0.000171404197412617
148.35,0.00017207067323086
148.36,0.00017274295970321
148.37,0.000173421094292361
148.38,0.000174105114844701
148.39,0.00017479505959314
148.4,0.000175490967159934
148.41,0.000176192876559511
148.42,0.00017690082342892
148.43,0.000177614848257633
148.44,0.00017833499250828
148.45,0.000179061296540583
148.46,0.000179793801101936
148.47,0.000180532547329636
148.48,0.00018127757675312
148.49,0.000182028931296172
148.5,0.000182786653279178
148.51,0.000183550785421344
148.52,0.000184321370842921
148.53,0.000185098453067437
148.54,0.000185882076023929
148.55,0.000186672284049166
148.56,0.000187469118912512
148.57,0.000188272622026609
148.58,0.000189082842431749
148.59,0.000189899825568287
148.6,0.000190723617245851
148.61,0.000191554263643626
148.62,0.000192391811310689
148.63,0.000193236307166298
148.64,0.000194087798500197
148.65,0.000194946332972926
148.66,0.000195811958616126
148.67,0.000196684723832839
148.68,0.000197564688545696
148.69,0.000198451900960577
148.7,0.000199346407261442
148.71,0.000200248258475408
148.72,0.000201157506103523
148.73,0.000202074202124948
148.74,0.000202998399001113
148.75,0.000203930149679924
148.76,0.000204869507599922
148.77,0.000205816526694459
148.78,0.000206771261395881
148.79,0.0002077337666397
148.8,0.00020870410802291
148.81,0.000209682335248565
148.82,0.000210668505230749
148.83,0.000211662675662933
148.84,0.000212664904824318
148.85,0.000213675251586368
148.86,0.000214693775419299
148.87,0.000215720536398626
148.88,0.000216755595211658
148.89,0.000217799013164017
148.9,0.000218850852186155
148.91,0.000219911166407472
148.92,0.000220979996082162
148.93,0.000222057420119708
148.94,0.000223143499692808
148.95,0.000224238296272118
148.96,0.000225341871616122
148.97,0.00022645428776103
148.98,0.000227575607010676
148.99,0.000228705891926389
149,0.000229845205316922
149.01,0.000230993626163191
149.02,0.000232151222038423
149.03,0.00023331805022217
149.04,0.000234494177189812
149.05,0.00023567966990852
149.06,0.000236874595840599
149.07,0.000238079022946786
149.08,0.000239293019689619
149.09,0.000240516655036743
149.1,0.000241749998464252
149.11,0.000242993170763124
149.12,0.000244246219034553
149.13,0.000245509215710609
149.14,0.000246782237891304
149.15,0.00024806536378078
149.16,0.000249358672716632
149.17,0.000250662245199239
149.18,0.000251976162921096
149.19,0.000253300508796111
149.2,0.000254635351241766
149.21,0.000255980719189814
149.22,0.000257336726591126
149.23,0.000258703450157091
149.24,0.000260080966450319
149.25,0.000261469351828133
149.26,0.000262868682385978
149.27,0.000264279033900872
149.28,0.000265700492019739
149.29,0.000267133138683856
149.3,0.000268577044398254
149.31,0.000270032286343836
149.32,0.000271498941523518
149.33,0.000272977086729301
149.34,0.000274466798509252
149.35,0.000275968153134548
149.36,0.000277481356036024
149.37,0.000279006456870136
149.38,0.000280543528708529
149.39,0.000282092667223905
149.4,0.000283653969525678
149.41,0.000285227534159969
149.42,0.00028681346110961
149.43,0.000288411792822936
149.44,0.000290022656660211
149.45,0.00029164615217855
149.46,0.000293282377459829
149.47,0.000294931431423372
149.48,0.000296593413825951
149.49,0.000298268418908534
149.5,0.000299956454866709
149.51,0.000301657669738534
149.52,0.000303372155016084
149.53,0.000305100002051929
149.54,0.000306841302059139
149.55,0.000308596146111277
149.56,0.000310364638477996
149.57,0.000312146930398124
149.58,0.000313943081654177
149.59,0.000315753191879774
149.6,0.00031757736132792
149.61,0.000319415690870968
149.62,0.000321268282000679
149.63,0.000323135273030957
149.64,0.000325016843831868
149.65,0.000326913055910321
149.66,0.0003288240282017
149.67,0.00033074988149338
149.68,0.000332690738424739
149.69,0.000334646723487118
149.7,0.000336617888358661
149.71,0.000338604282517456
149.72,0.000340606083433269
149.73,0.000342623401153093
149.74,0.000344656345794681
149.75,0.000346705027546621
149.76,0.000348769556668285
149.77,0.000350850036995273
149.78,0.000352946576054772
149.79,0.000355059286516518
149.8,0.00035718827746575
149.81,0.000359333657940946
149.82,0.00036149553693377
149.83,0.000363674023389147
149.84,0.000365869331630704
149.85,0.000368081572462783
149.86,0.000370310837406756
149.87,0.00037255725257928
149.88,0.000374820945384726
149.89,0.000377102044515198
149.9,0.000379400679950527
149.91,0.000381716976142755
149.92,0.000384051060800668
149.93,0.000386403071283522
149.94,0.000388773141118191
149.95,0.000391161404994114
149.96,0.000393567998763248
149.97,0.000395993059440077
149.98,0.000398436686337523
149.99,0.000400898930876362
150,0.000403379984125498
150.01,0.00040587997240577
150.02,0.000408399021984021
150.03,0.000410937259073095
150.04,0.000413494809831842
150.05,0.000416071807780448
150.06,0.000418668445264435
150.07,0.000421284813629672
150.08,0.000423921046863888
150.09,0.000426577279548781
150.1,0.000429253646860044
150.11,0.000431950284567307
150.12,0.000434667329034227
150.13,0.000437404942514116
150.14,0.000440163252579269
150.15,0.000442942398565887
150.16,0.000445742522323263
150.17,0.000448563766529937
150.18,0.000451406274693711
150.19,0.000454270191151591
150.2,0.000457155624636475
150.21,0.000460062721624087
150.22,0.00046299163432335
150.23,0.000465942504506605
150.24,0.000468915474323664
150.25,0.000471910686301903
150.26,0.000474928283346204
150.27,0.000477968397614732
150.28,0.000481031165525445
150.29,0.000484116736515808
150.3,0.000487225252451426
150.31,0.000490356855376627
150.32,0.000493511687514394
150.33,0.000496689891266467
150.34,0.000499891609180093
150.35,0.00050311698394452
150.36,0.000506366158538121
150.37,0.000509639276064895
150.38,0.000512936479806535
150.39,0.000516257913222443
150.4,0.000519603719949732
150.41,0.000522974041300975
150.42,0.000526369001478724
150.43,0.000529788755043592
150.44,0.000533233443895748
150.45,0.000536703209916177
150.46,0.0005401981949666
150.47,0.000543718540889495
150.48,0.000547264389508119
150.49,0.000550835852729422
150.5,0.000554433081557405
150.51,0.000558056214533272
150.52,0.000561705388149427
150.53,0.000565380738416586
150.54,0.000569082400863778
150.55,0.000572810498377181
150.56,0.000576565170154991
150.57,0.000580346548600168
150.58,0.000584154765302673
150.59,0.000587989951194391
150.6,0.000591852236169748
150.61,0.000595741734688243
150.62,0.000599658581848687
150.63,0.000603602903627569
150.64,0.000607574825121195
150.65,0.000611574470545692
150.66,0.000615601961265671
150.67,0.000619657390554765
150.68,0.000623740891858016
150.69,0.000627852581134404
150.7,0.000631992573012043
150.71,0.000636160980788089
150.72,0.000640357912901922
150.73,0.00064458344970805
150.74,0.000648837712877722
150.75,0.000653120805153749
150.76,0.000657432827452492
150.77,0.000661773878863892
150.78,0.000666144052111368
150.79,0.000670543416445594
150.8,0.000674972076219804
150.81,0.000679430118375591
150.82,0.000683917627571423
150.83,0.000688434686182797
150.84,0.000692981368020154
150.85,0.000697557723258282
150.86,0.000702163835560922
150.87,0.000706799770072435
150.88,0.000711465588320387
150.89,0.000716161348122797
150.9,0.00072088710349536
150.91,0.000725642897771483
150.92,0.000730428772521997
150.93,0.0007352447712439
150.94,0.000740090929060227
150.95,0.000744967276420399
150.96,0.000749873838981689
150.97,0.000754810637490826
150.98,0.000759777680547771
150.99,0.000764774980347122
151,0.000769802541267465
151.01,0.000774860361509741
151.02,0.000779948433524687
151.03,0.00078506674387915
151.04,0.000790215271271584
151.05,0.000795393982937665
151.06,0.000800602849610776
151.07,0.00080584183113737
151.08,0.000811110880531124
151.09,0.000816409943821115
151.1,0.000821738959900178
151.11,0.00082709785238493
151.12,0.000832486540544003
151.13,0.000837904942472776
151.14,0.00084335296384568
151.15,0.000848830501976142
151.16,0.000854337445635563
151.17,0.000859873674872307
151.18,0.00086543905095068
151.19,0.000871033438417718
151.2,0.00087665668869146
151.21,0.000882308642773397
151.22,0.000887989131699702
151.23,0.000893697976339482
151.24,0.000899434985898892
151.25,0.000905199955703089
151.26,0.000910992676589885
151.27,0.000916812925525078
151.28,0.00092266046811389
151.29,0.000928535058387349
151.3,0.000934436438588661
151.31,0.000940364330392888
151.32,0.00094631844705798
151.33,0.000952298495630941
151.34,0.000958304165771244
151.35,0.000964335133796121
151.36,0.000970391062436244
151.37,0.000976471600591755
151.38,0.000982576365238352
151.39,0.000988704981785732
151.4,0.000994857053535342
151.41,0.00100103216746103
151.42,0.0010072298948872
151.43,0.00101344979120795
151.44,0.00101969139664312
151.45,0.00102595423728495
151.46,0.00103223781781184
151.47,0.00103854162800861
151.48,0.00104486514046465
151.49,0.00105120781030168
151.5,0.00105756907490201
151.51,0.00106394836464342
151.52,0.00107034508614911
151.53,0.00107675862031313
151.54,0.00108318833496619
151.55,0.00108963357944763
151.56,0.0010960936843716
151.57,0.00110256796139309
151.58,0.00110905568379865
151.59,0.00111555613031739
151.6,0.00112206855132216
151.61,0.00112859217589905
151.62,0.00113512621237546
151.63,0.00114166984804734
151.64,0.00114822224553043
151.65,0.00115478253901288
151.66,0.00116134985477578
151.67,0.0011679232904199
151.68,0.00117450192072144
151.69,0.00118108479733175
151.7,0.00118767094847741
151.71,0.00119425942835707
151.72,0.00120084923989548
151.73,0.00120743933281561
151.74,0.00121402865680713
151.75,0.00122061613930799
151.76,0.00122720068537189
151.77,0.00123378117753573
151.78,0.00124035659135458
151.79,0.00124692572709608
151.8,0.00125348741802239
151.81,0.00126004048133625
151.82,0.0012665837147962
151.83,0.00127311589681377
151.84,0.00127963577578317
151.85,0.001286142061538
151.86,0.00129263348595975
151.87,0.00129910874242447
151.88,0.00130556650414342
151.89,0.00131200542417666
151.9,0.00131842413544658
151.91,0.00132482130983536
151.92,0.00133119556382623
151.93,0.0013375454634659
151.94,0.00134386958232612
151.95,0.00135016647700607
151.96,0.00135643468733982
151.97,0.00136267273660397
151.98,0.0013688793958183
151.99,0.00137505306612688
152,0.00138119226805543
152.01,0.00138729551922633
152.02,0.00139336133011852
152.03,0.001399388204789
152.04,0.00140537469114611
152.05,0.00141131941122656
152.06,0.00141722080768103
152.07,0.00142307740384953
152.08,0.00142888772595664
152.09,0.00143465030419735
152.1,0.00144036367382307
152.11,0.00144602645450294
152.12,0.00145163722271808
152.13,0.00145719452812723
152.14,0.00146269696430169
152.15,0.00146814313929888
152.16,0.0014735316769986
152.17,0.00147886121843939
152.18,0.00148413062460581
152.19,0.00148933852846728
152.2,0.00149448368368399
152.21,0.00149956487791467
152.22,0.00150458093343916
152.23,0.001509530765062
152.24,0.00151441334993299
152.25,0.00151922761794676
152.26,0.00152397259287162
152.27,0.00152864735096532
152.28,0.00153325102362291
152.29,0.00153778281904777
152.3,0.00154224198397782
152.31,0.00154662783572481
152.32,0.00155093975919803
152.33,0.00155517720877038
152.34,0.0015593397324204
152.35,0.00156342697011364
152.36,0.00156743859554677
152.37,0.00157137438643825
152.38,0.00157523420680613
152.39,0.00157901800993189
152.4,0.00158272592688517
152.41,0.00158635809295833
152.42,0.00158991476579436
152.43,0.00159339631647081
152.44,0.00159680322538406
152.45,0.00160013607077666
152.46,0.00160339552798428
152.47,0.00160658243091549
152.48,0.00160969771614149
152.49,0.00161274244368719
152.5,0.00161571780017972
152.51,0.00161862497964533
152.52,0.00162146542706675
152.53,0.001624240704048
152.54,0.00162695248753526
152.55,0.00162960258877338
152.56,0.00163219290751046
152.57,0.00163472539062079
152.58,0.00163720229328021
152.59,0.00163962593415642
152.6,0.00164199876920931
152.61,0.00164432339352282
152.62,0.00164660233007993
152.63,0.00164883842666005
152.64,0.00165103467153473
152.65,0.00165319414566871
152.66,0.0016553200632006
152.67,0.00165741569736164
152.68,0.00165948424787453
152.69,0.00166152938866701
152.7,0.00166355477075782
152.71,0.0016655641636158
152.72,0.0016675614545161
152.73,0.00166955036975359
152.74,0.00167153488917972
152.75,0.00167351914895326
152.76,0.00167550730030704
152.77,0.00167750357276947
152.78,0.00167951227636351
152.79,0.00168153777111802
152.8,0.00168358448610101
152.81,0.00168565690904843
152.82,0.00168775954174588
152.83,0.00168989697189247
152.84,0.0016920738231329
152.85,0.00169429475433572
152.86,0.00169656435331483
152.87,0.00169888716346104
152.88,0.00170126790321261
152.89,0.00170371121455722
152.9,0.00170622172803761
152.91,0.00170880402524507
152.92,0.00171146269848761
152.93,0.00171420229384049
152.94,0.00171702731690338
152.95,0.00171994227691202
152.96,0.0017229516223021
152.97,0.00172605971200666
152.98,0.00172927086368969
152.99,0.00173258933770769
153,0.00173601936705176
153.01,0.00173956505118268
153.02,0.00174323043111449
153.03,0.00174701946219875
153.04,0.0017509360365392
153.05,0.00175498393164172
153.06,0.00175916682204243
153.07,0.00176348828214928
153.08,0.0017679518189117
153.09,0.00177256089633186
153.1,0.00177731875040814
153.11,0.0017822285503536
153.12,0.00178729334808576
153.13,0.00179251627008392
153.14,0.00179790012951171
153.15,0.00180344768064285
153.16,0.00180916157133432
153.17,0.00181504439699234
153.18,0.00182109866001163
153.19,0.00182732667081289
153.2,0.00183373066661658
153.21,0.00184031278200886
153.22,0.00184707515067607
153.23,0.0018540196654742
153.24,0.00186114816308021
153.25,0.00186846237570144
153.26,0.0018759640107879
153.27,0.00188365469556787
153.28,0.00189153586727892
153.29,0.00189960891836949
153.3,0.00190787515257584
153.31,0.00191633593854504
153.32,0.00192499240361324
153.33,0.00193384565078837
153.34,0.00194289671744105
153.35,0.00195214658718873
153.36,0.00196159619735612
153.37,0.00197124639234654
153.38,0.00198109797387045
153.39,0.00199115169023202
153.4,0.00200140824470448
153.41,0.00201186829048949
153.42,0.00202253243656101
153.43,0.00203340126733663
153.44,0.00204447539485238
153.45,0.00205575533679689
153.46,0.00206724161715862
153.47,0.0020789347064933
153.48,0.00209083506843089
153.49,0.0021029431719602
153.5,0.00211525946035661
153.51,0.002127784313337
153.52,0.00214051815608703
153.53,0.00215346138516834
153.54,0.00216661441147375
153.55,0.00217997765178622
153.56,0.00219355150397678
153.57,0.00220733638209387
153.58,0.0022213327268617
153.59,0.00223554097795612
153.6,0.00224996159875894
153.61,0.00226459505165552
153.62,0.00227944179256069
153.63,0.00229450233990854
153.64,0.00230977721741445
153.65,0.00232526693013971
153.66,0.00234097203865243
153.67,0.00235689312197647
153.68,0.00237303077922348
153.69,0.00238938562220897
153.7,0.00240595829990721
153.71,0.00242274948502015
153.72,0.00243975987752522
153.73,0.00245699017017038
153.74,0.0024744411208594
153.75,0.00249211350266762
153.76,0.00251000811419662
153.77,0.00252812572621972
153.78,0.00254646719540133
153.79,0.00256503338173013
153.8,0.00258382516529481
153.81,0.00260284341521507
153.82,0.00262208905991641
153.83,0.00264156303382699
153.84,0.00266126628653536
153.85,0.00268119976631549
153.86,0.00270136445996926
153.87,0.00272176136065577
153.88,0.00274239146886264
153.89,0.00276325577668395
153.9,0.00278435531135266
153.91,0.00280569109806923
153.92,0.002827264162965
153.93,0.00284907552546114
153.94,0.00287112622231468
153.95,0.00289341728451145
153.96,0.00291594974127502
153.97,0.00293872461843352
153.98,0.00296174293794627
153.99,0.00298500571545502
154,0.0030085139591398
154.01,0.00303226866819019
154.02,0.00305627083107444
154.03,0.00308052142426743
154.04,0.00310502141271686
154.05,0.00312977174959064
154.06,0.00315477336710806
154.07,0.00318002718208356
154.08,0.00320553409814891
154.09,0.00323129501503166
154.1,0.00325731079168101
154.11,0.00328358227467719
154.12,0.00331011029316233
154.13,0.00333689567515816
154.14,0.00336393920168673
154.15,0.00339124164107465
154.16,0.00341880374044161
154.17,0.00344662624082262
154.18,0.0034747098410248
154.19,0.00350305522356308
154.2,0.00353166304760949
154.21,0.00356053397342019
154.22,0.00358966861134135
154.23,0.00361906755808769
154.24,0.00364873138727383
154.25,0.0036786606735108
154.26,0.00370885594690081
154.27,0.00373931772146089
154.28,0.00377004649112369
154.29,0.00380104273767692
154.3,0.00383230691562249
154.31,0.00386383945932067
154.32,0.00389564078425249
154.33,0.00392771129121679
154.34,0.00396005135912849
154.35,0.00399266134666952
154.36,0.0040255415949876
154.37,0.00405869243349796
154.38,0.00409211417271195
154.39,0.0041258071022708
154.4,0.0041597714975143
154.41,0.00419400761649818
154.42,0.00422851570114756
154.43,0.00426329597892971
154.44,0.00429834866139983
154.45,0.00433367394072672
154.46,0.00436927199057552
154.47,0.00440514297629602
154.48,0.00444128704493115
154.49,0.00447770433005381
154.5,0.00451439495316147
154.51,0.00455135901712976
154.52,0.00458859661252965
154.53,0.00462610781811608
154.54,0.004663892705053
154.55,0.00470195132442134
154.56,0.00474028371813006
154.57,0.00477888991278348
154.58,0.00481776990261293
154.59,0.00485692369377494
154.6,0.00489635127006598
154.61,0.00493605259947183
154.62,0.00497602760554295
154.63,0.00501627623210533
154.64,0.00505679839386787
154.65,0.0050975939887742
154.66,0.00513866294763789
154.67,0.00518000515071269
154.68,0.00522162046459796
154.69,0.00526350875149443
154.7,0.00530566984681091
154.71,0.00534810356918773
154.72,0.00539080974285725
154.73,0.00543378817001783
154.74,0.00547703863445523
154.75,0.00552056088780079
154.76,0.00556435469046206
154.77,0.00560841977778646
154.78,0.00565275586875821
154.79,0.00569736268576629
154.8,0.0057422399150069
154.81,0.00578738723344749
154.82,0.00583280430324559
154.83,0.00587849077539572
154.84,0.00592444628436043
154.85,0.00597067044762286
154.86,0.00601716286903982
154.87,0.00606392313319174
154.88,0.00611095080340146
154.89,0.00615824543748882
154.9,0.0062058065728645
154.91,0.00625363373046012
154.92,0.00630172641351094
154.93,0.00635008410990929
154.94,0.00639870629014929
154.95,0.00644759240767569
154.96,0.0064967419053263
154.97,0.00654615420577323
154.98,0.00659582871285317
154.99,0.00664576481532378
155,0.00669596188533802
155.01,0.00674641927855461
155.02,0.00679713633331909
155.03,0.00684811237128729
155.04,0.00689934669718613
155.05,0.00695083859422621
155.06,0.00700258733292836
155.07,0.00705459216506268
155.08,0.00710685232463774
155.09,0.00715936702936819
155.1,0.00721213547947255
155.11,0.00726515685605934
155.12,0.00731843032322344
155.13,0.00737195502798477
155.14,0.00742573010407846
155.15,0.00747975466205928
155.16,0.00753402779705166
155.17,0.0075885485866886
155.18,0.00764331609034539
155.19,0.00769832935032589
155.2,0.00775358739139594
155.21,0.0078090892205315
155.22,0.00786483382625307
155.23,0.00792082017846668
155.24,0.00797704723100369
155.25,0.00803351391900881
155.26,0.00809021915964936
155.27,0.00814716185457067
155.28,0.00820434088728788
155.29,0.0082617551212296
155.3,0.00831940340321043
155.31,0.00837728456224094
155.32,0.00843539741274887
155.33,0.00849374074921451
155.34,0.00855231334805224
155.35,0.00861111396882088
155.36,0.00867014135357673
155.37,0.00872939422375514
155.38,0.00878887128660643
155.39,0.00884857123074249
155.4,0.00890849272698097
155.41,0.00896863442837731
155.42,0.00902899496951704
155.43,0.00908957296827574
155.44,0.00915036702440555
155.45,0.00921137571990183
155.46,0.00927259762099496
155.47,0.00933403128060882
155.48,0.00939567522712847
155.49,0.00945752797456916
155.5,0.00951958801977195
155.51,0.00958185384341768
155.52,0.00964432390951907
155.53,0.00970699666376121
155.54,0.00976987053564164
155.55,0.00983294393788106
155.56,0.0098962152575694
155.57,0.00995968286945712
155.58,0.0100233451349742
155.59,0.0100872003952764
155.6,0.0101512469741249
155.61,0.0102154831857824
155.62,0.0102799073304859
155.63,0.0103445176794097
155.64,0.0104093124932288
155.65,0.0104742900163835
155.66,0.010539448473805
155.67,0.0106047860654649
155.68,0.0106703009892503
155.69,0.0107359914204667
155.7,0.0108018555176582
155.71,0.0108678914235441
155.72,0.0109340972792693
155.73,0.0110004711901537
155.74,0.0110670112529899
155.75,0.0111337155488527
155.76,0.0112005821431855
155.77,0.0112676090780756
155.78,0.0113347943878927
155.79,0.0114021360897278
155.8,0.0114696321841164
155.81,0.0115372806558281
155.82,0.0116050794824594
155.83,0.0116730266217258
155.84,0.0117411200126405
155.85,0.0118093575821794
155.86,0.0118777372426472
155.87,0.0119462568849741
155.88,0.0120149143828196
155.89,0.012083707605417
155.9,0.0121526344018431
155.91,0.0122216926060208
155.92,0.0122908800398274
155.93,0.0123601945180679
155.94,0.0124296338278991
155.95,0.0124991957475045
155.96,0.012568878040925
155.97,0.012638678458595
155.98,0.0127085947439124
155.99,0.0127786246177198
156,0.0128487657908573
156.01,0.012919015960971
156.02,0.0129893728126488
156.03,0.0130598340100359
156.04,0.0131303972119651
156.05,0.013201060062734
156.06,0.013271820192907
156.07,0.0133426752201079
156.08,0.0134136227490522
156.09,0.0134846603717342
156.1,0.013555785667511
156.11,0.0136269962031463
156.12,0.0136982895329249
156.13,0.0137696632033657
156.14,0.0138411147502424
156.15,0.0139126416904359
156.16,0.0139842415326855
156.17,0.0140559117743235
156.18,0.0141276499014381
156.19,0.0141994533901383
156.2,0.0142713197040926
156.21,0.0143432462967201
156.22,0.0144152306107855
156.23,0.0144872700785421
156.24,0.0145593621246324
156.25,0.0146315041630183
156.26,0.0147036935952998
156.27,0.0147759278147979
156.28,0.0148482042053317
156.29,0.0149205201407081
156.3,0.0149928729795572
156.31,0.0150652600796292
156.32,0.0151376787862987
156.33,0.0152101264358826
156.34,0.0152826003557735
156.35,0.015355097865858
156.36,0.015427616276697
156.37,0.0155001528898495
156.38,0.015572704999028
156.39,0.0156452698898135
156.4,0.0157178448428465
156.41,0.0157904271427129
156.42,0.0158630140485533
156.43,0.0159356028200744
156.44,0.0160081907105147
156.45,0.0160807749668634
156.46,0.0161533528287916
156.47,0.0162259215311705
156.48,0.0162984783033233
156.49,0.0163710203688277
156.5,0.016443544945994
156.51,0.0165160492412462
156.52,0.0165885304456728
156.53,0.0166609857695008
156.54,0.0167334124070563
156.55,0.016805807547696
156.56,0.0168781683759693
156.57,0.0169504920717782
156.58,0.0170227758195208
156.59,0.0170950167963608
156.6,0.0171672121671583
156.61,0.0172393590984152
156.62,0.0173114547533188
156.63,0.0173834962919342
156.64,0.017455480871399
156.65,0.0175274056600748
156.66,0.0175992678090277
156.67,0.0176710644685261
156.68,0.0177427927896597
156.69,0.0178144499220934
156.7,0.0178860330142971
156.71,0.0179575392132435
156.72,0.0180289656531463
156.73,0.0181003094850393
156.74,0.0181715678524563
156.75,0.018242737898502
156.76,0.0183138167660535
156.77,0.0183848015979637
156.78,0.0184556895373129
156.79,0.0185264777276492
156.8,0.018597163312923
156.81,0.018667743437961
156.82,0.0187382152485864
156.83,0.0188085758918247
156.84,0.0188788225161056
156.85,0.0189489522784966
156.86,0.019018962336165
156.87,0.0190888498411314
156.88,0.0191586119523734
156.89,0.019228245831715
156.9,0.0192977486440558
156.91,0.0193671175576016
156.92,0.0194363497402926
156.93,0.019505442367706
156.94,0.0195743926191982
156.95,0.0196431976774589
156.96,0.0197118547294841
156.97,0.0197803609667968
156.98,0.019848713585373
156.99,0.0199169097757419
157,0.0199849467490896
157.01,0.0200528217155944
157.02,0.0201205318908343
157.03,0.0201880744959946
157.04,0.020255446758075
157.05,0.0203226459100964
157.06,0.0203896691928998
157.07,0.0204565138531431
157.08,0.0205231771426413
157.09,0.0205896563210881
157.1,0.020655948655304
157.11,0.0207220514194458
157.12,0.02078796189522
157.13,0.0208536773721953
157.14,0.0209191951493796
157.15,0.0209845125316899
157.16,0.021049626833395
157.17,0.0211145353774038
157.18,0.0211792354954782
157.19,0.0212437245284456
157.2,0.0213079998264138
157.21,0.0213720587410388
157.22,0.0214358986381046
157.23,0.021499516898808
157.24,0.0215629109101311
157.25,0.0216260780690859
157.26,0.021689015782908
157.27,0.0217517214692518
157.28,0.0218141925553216
157.29,0.0218764264704047
157.3,0.0219384206689784
157.31,0.022000172610624
157.32,0.0220616797660815
157.33,0.022122939617433
157.34,0.0221839496582826
157.35,0.022244707393939
157.36,0.0223052103414945
157.37,0.0223654560301797
157.38,0.0224254420015211
157.39,0.0224851658094284
157.4,0.0225446250204185
157.41,0.0226038172137967
157.42,0.0226627399818377
157.43,0.0227213909282706
157.44,0.022779767661119
157.45,0.022837867817501
157.46,0.0228956890413937
157.47,0.022953228990376
157.48,0.0230104853357939
157.49,0.0230674557629242
157.5,0.0231241379711421
157.51,0.0231805296582141
157.52,0.0232366285501024
157.53,0.0232924323918944
157.54,0.0233479389373279
157.55,0.0234031459545981
157.56,0.0234580512264975
157.57,0.0235126525505551
157.58,0.0235669477391777
157.59,0.0236209346104775
157.6,0.0236746110084294
157.61,0.0237279747910866
157.62,0.0237810238299535
157.63,0.0238337560118834
157.64,0.0238861692392066
157.65,0.0239382614298581
157.66,0.0239900305175053
157.67,0.0240414744458184
157.68,0.0240925911824189
157.69,0.0241433787084617
157.7,0.0241938350208438
157.71,0.0242439581327108
157.72,0.0242937460735786
157.73,0.0243431968894547
157.74,0.024392308642004
157.75,0.0244410793819022
157.76,0.0244895072189561
157.77,0.0245375902622963
157.78,0.0245853266376129
157.79,0.0246327144872467
157.8,0.0246797519702805
157.81,0.0247264372626298
157.82,0.0247727685530928
157.83,0.0248187440259352
157.84,0.0248643619205567
157.85,0.0249096204768226
157.86,0.0249545179513213
157.87,0.0249990526174247
157.88,0.0250432227653476
157.89,0.0250870267022064
157.9,0.0251304627523316
157.91,0.0251735292575486
157.92,0.0252162245756718
157.93,0.0252585470821726
157.94,0.0253004951697411
157.95,0.0253420672483483
157.96,0.0253832617453052
157.97,0.0254240771053242
157.98,0.0254645117872586
157.99,0.025504564265845
158,0.0255442330410104
158.01,0.025583516626306
158.02,0.0256224135528099
158.03,0.0256609223691782
158.04,0.0256990416416953
158.05,0.0257367699543251
158.06,0.0257741058826388
158.07,0.0258110480276677
158.08,0.0258475950391605
158.09,0.0258837455648986
158.1,0.025919498269686
158.11,0.025954851835352
158.12,0.0259898049607548
158.13,0.026024356361784
158.14,0.0260585047645306
158.15,0.0260922488974723
158.16,0.0261255875391287
158.17,0.0261585194695715
158.18,0.0261910434854217
158.19,0.0262231583998255
158.2,0.0262548630424315
158.21,0.0262861562593671
158.22,0.0263170369133117
158.23,0.0263475039181142
158.24,0.026377556151941
158.25,0.0264071925308909
158.26,0.0264364119879704
158.27,0.0264652134731
158.28,0.0264935959531194
158.29,0.0265215584117944
158.3,0.0265490998498224
158.31,0.0265762192676624
158.32,0.026602915700899
158.33,0.0266291882027034
158.34,0.026655035838283
158.35,0.02668045768941
158.36,0.0267054528544065
158.37,0.0267300204481309
158.38,0.0267541596019624
158.39,0.026777869414583
158.4,0.026801149009077
158.41,0.0268239975929897
158.42,0.0268464143488863
158.43,0.0268683984739628
158.44,0.0268899491799355
158.45,0.0269110656929314
158.46,0.0269317472533777
158.47,0.0269519931192401
158.48,0.0269718025715962
158.49,0.0269911748865501
158.5,0.0270101093628018
158.51,0.0270286053130725
158.52,0.0270466620640097
158.53,0.0270642789560908
158.54,0.0270814553435279
158.55,0.0270981905941717
158.56,0.0271144842291961
158.57,0.0271303355784763
158.58,0.0271457440652353
158.59,0.0271607091307597
158.6,0.0271752302318629
158.61,0.0271893068409103
158.62,0.0272029384458455
158.63,0.027216124550216
158.64,0.0272288645539187
158.65,0.0272411579912607
158.66,0.0272530044279082
158.67,0.027264403406414
158.68,0.0272753544821923
158.69,0.0272858572233949
158.7,0.0272959112107886
158.71,0.0273055160376304
158.72,0.0273146712652572
158.73,0.0273233764678015
158.74,0.0273316313025376
158.75,0.0273394353973713
158.76,0.0273467883903442
158.77,0.0273536899294181
158.78,0.0273601396722608
158.79,0.02736613728603
158.8,0.0273716824688133
158.81,0.0273767750090815
158.82,0.0273814145617207
158.83,0.0273856008539757
158.84,0.027389333625138
158.85,0.0273926126265606
158.86,0.0273954376216725
158.87,0.0273978084069392
158.88,0.0273997248003394
158.89,0.0274011865863886
158.9,0.0274021935847032
158.91,0.0274027456276336
158.92,0.027402842560265
158.93,0.0274024842242187
158.94,0.0274016703019793
158.95,0.0274004007603124
158.96,0.0273986754671677
158.97,0.0273964943006927
158.98,0.0273938571492333
158.99,0.0273907639113331
159,0.0273872143167866
159.01,0.0273832082975259
159.02,0.0273787457882112
159.03,0.0273738266939638
159.04,0.0273684509271921
159.05,0.0273626184075921
159.06,0.0273563291035247
159.07,0.0273495829925014
159.08,0.0273423799943306
159.09,0.0273347200717862
159.1,0.0273266031961467
159.11,0.0273180293471956
159.12,0.0273089985306052
159.13,0.0272995108562116
159.14,0.027289566278574
159.15,0.0272791648298674
159.16,0.0272683065524221
159.17,0.0272569914987244
159.18,0.0272452197314158
159.19,0.0272329910779094
159.2,0.0272203056690938
159.21,0.0272071635922005
159.22,0.0271935649074451
159.23,0.0271795096815551
159.24,0.027164997987771
159.25,0.0271500297970211
159.26,0.027134605116768
159.27,0.0271187240815882
159.28,0.0271023867587081
159.29,0.027085593219079
159.3,0.0270683435373774
159.31,0.0270506378158553
159.32,0.0270324762373322
159.33,0.0270138588418672
159.34,0.02699478573705
159.35,0.0269752570358051
159.36,0.0269552728563918
159.37,0.0269348333224041
159.38,0.0269139385979156
159.39,0.0268925888063393
159.4,0.0268707840896637
159.41,0.0268485245983764
159.42,0.0268258104887626
159.43,0.0268026419229053
159.44,0.026779018949076
159.45,0.0267549416468847
159.46,0.0267304102466635
159.47,0.0267054248981857
159.48,0.0266799857539627
159.49,0.0266540929692443
159.5,0.0266277466852462
159.51,0.0266009469216295
159.52,0.0265736939058705
159.53,0.026545987782686
159.54,0.0265178286976147
159.55,0.0264892167970177
159.56,0.0264601522280778
159.57,0.0264306351916515
159.58,0.026400665837844
159.59,0.026370244311932
159.6,0.0263393707749498
159.61,0.0263080453896481
159.62,0.0262762683204923
159.63,0.0262440397374043
159.64,0.0262113598157805
159.65,0.0261782287216075
159.66,0.0261446466279082
159.67,0.0261106137095693
159.68,0.026076130143341
159.69,0.0260411961078379
159.7,0.0260058115666841
159.71,0.0259699767867477
159.72,0.0259336919294842
159.73,0.0258969571488813
159.74,0.0258597725981273
159.75,0.0258221384296103
159.76,0.0257840546851496
159.77,0.0257455214582839
159.78,0.025706538936524
159.79,0.02566710724186
159.8,0.0256272264932174
159.81,0.0255868968064575
159.82,0.0255461182943776
159.83,0.0255048911468358
159.84,0.0254632154394451
159.85,0.025421091282638
159.86,0.0253785187882005
159.87,0.0253354980657613
159.88,0.0252920292227934
159.89,0.0252481124043179
159.9,0.025203747805338
159.91,0.025158935480174
159.92,0.0251136755460448
159.93,0.025067968119575
159.94,0.0250218133167961
159.95,0.0249752112531447
159.96,0.0249281617954414
159.97,0.0248806650291178
159.98,0.0248327211055461
159.99,0.0247843300882797
160,0.0247354920361972
160.01,0.0246862070035029
160.02,0.0246364750314046
160.03,0.0245862960221979
160.04,0.0245356700829835
160.05,0.0244845972305142
160.06,0.0244330774752386
160.07,0.0243811108213022
160.08,0.0243286972665454
160.09,0.0242758368426039
160.1,0.0242225295822174
160.11,0.0241687754382059
160.12,0.0241145743963096
160.13,0.024059926437069
160.14,0.0240048315358244
160.15,0.0239492896627156
160.16,0.0238933008212109
160.17,0.023836864969199
160.18,0.0237799820632835
160.19,0.0237226520619877
160.2,0.0236648749195005
160.21,0.0236066505524972
160.22,0.0235479788111006
160.23,0.0234888596700795
160.24,0.0234292930421135
160.25,0.0233692788331484
160.26,0.0233088169423978
160.27,0.0232479071489099
160.28,0.0231865493345574
160.29,0.0231247433757472
160.3,0.0230624891161952
160.31,0.0229997863901786
160.32,0.0229366350448216
160.33,0.0228730349743805
160.34,0.0228089859569262
160.35,0.0227444878077244
160.36,0.0226795403344703
160.37,0.0226141433372866
160.38,0.022548296738275
160.39,0.0224820003385596
160.4,0.022415253914181
160.41,0.0223480572695303
160.42,0.0222804102047122
160.43,0.022212312496286
160.44,0.0221437638505484
160.45,0.0220747640850087
160.46,0.0220053129635282
160.47,0.0219354102437716
160.48,0.0218650556772073
160.49,0.0217942488045898
160.5,0.0217229893190532
160.51,0.0216512769632056
160.52,0.0215791114058044
160.53,0.0215064923038843
160.54,0.0214334193540153
160.55,0.0213598924806287
160.56,0.0212859112019867
160.57,0.0212114751899273
160.58,0.021136584110757
160.59,0.021061237625252
160.6,0.0209854355063262
160.61,0.0209091774663611
160.62,0.0208324631581114
160.63,0.0207552922743643
160.64,0.0206776644820348
160.65,0.0205995793221391
160.66,0.0205210365179189
160.67,0.0204420357178182
160.68,0.0203625765653021
160.69,0.0202826585679335
160.7,0.0202022813140904
160.71,0.0201214444170304
160.72,0.0200401474460016
160.73,0.0199583900474755
160.74,0.0198761721234968
160.75,0.0197934931480817
160.76,0.0197103527630127
160.77,0.0196267506128119
160.78,0.0195426865110246
160.79,0.0194581601385131
160.8,0.0193731711736603
160.81,0.0192877193345811
160.82,0.0192018042867252
160.83,0.0191154255847418
160.84,0.0190285830048335
160.85,0.0189412762383582
160.86,0.0188535049786864
160.87,0.0187652689504905
160.88,0.0186765678525986
160.89,0.0185874013898867
160.9,0.0184977692738516
160.91,0.0184076713641532
160.92,0.0183171076965802
160.93,0.0182260779482822
160.94,0.0181345819691137
160.95,0.018042619626713
160.96,0.0179501910054155
160.97,0.017857296028846
160.98,0.0177639346859177
160.99,0.0176701069943563
161,0.0175758129485149
161.01,0.0174810526376276
161.02,0.0173858261519469
161.03,0.0172901335988887
161.04,0.0171939751094234
161.05,0.0170973508481429
161.06,0.0170002610001487
161.07,0.0169027061362612
161.08,0.016804686551347
161.09,0.0167062026250735
161.1,0.0166072548811931
161.11,0.0165078442371758
161.12,0.0164079712386357
161.13,0.0163076366555759
161.14,0.0162068413040344
161.15,0.0161055860606543
161.16,0.016003871901384
161.17,0.0159016998562847
161.18,0.0157990709198032
161.19,0.0156959862326207
161.2,0.0155924469937601
161.21,0.0154884545266158
161.22,0.0153840107193423
161.23,0.0152791169301195
161.24,0.0151737748253106
161.25,0.015067986563354
161.26,0.0149617546371004
161.27,0.0148550810803524
161.28,0.0147479683208733
161.29,0.0146404190874141
161.3,0.014532436183132
161.31,0.0144240225549851
161.32,0.0143151809299194
161.33,0.014205914365746
161.34,0.0140962261008112
161.35,0.0139861197537354
161.36,0.0138755989377731
161.37,0.0137646673565361
161.38,0.0136533298061199
161.39,0.013541590936825
161.4,0.0134294554496211
161.41,0.0133169288562741
161.42,0.0132040168134232
161.43,0.0130907251790691
161.44,0.0129770597014508
161.45,0.0128630265676081
161.46,0.0127486323745915
161.47,0.0126338837472727
161.48,0.0125187875869957
161.49,0.0124033510750944
161.5,0.0122875826217748
161.51,0.0121714907054074
161.52,0.0120550837535444
161.53,0.011938371774581
161.54,0.0118213650374323
161.55,0.0117040738660657
161.56,0.0115865090581017
161.57,0.0114686819373581
161.58,0.0113506044348469
161.59,0.0112322883191231
161.6,0.0111137456638229
161.61,0.0109949893248546
161.62,0.0108760333315421
161.63,0.0107568913788836
161.64,0.0106375790622905
161.65,0.0105181128746756
161.66,0.0103985092871908
161.67,0.0102787854473537
161.68,0.0101589595437224
161.69,0.0100390498537686
161.7,0.00991907515010168
161.71,0.0097990551851568
161.72,0.00967901051965218
161.73,0.00955896204226187
161.74,0.00943893189494168
161.75,0.00931894310663137
161.76,0.00919901910678926
161.77,0.00907918451770534
161.78,0.00895946454926785
161.79,0.00883988520891735
161.8,0.00872047327370948
161.81,0.00860125636145989
161.82,0.00848226264760925
161.83,0.00836352124116497
161.84,0.00824506184013878
161.85,0.00812691481527257
161.86,0.00800911138063704
161.87,0.00789168343858951
161.88,0.00777466361464859
161.89,0.00765808509075573
161.9,0.00754198161590445
161.91,0.00742638779350454
161.92,0.00731133820911134
161.93,0.00719686853541632
161.94,0.00708301449736284
161.95,0.00696981194536639
161.96,0.00685729770895934
161.97,0.0067455075697251
161.98,0.006634478635412
161.99,0.00652424760629414
162,0.00641485087461095
162.01,0.00630632559248936
162.02,0.0061987073906549
162.03,0.0060920328359799
162.04,0.00598633765768748
162.05,0.00588165635549024
162.06,0.00577802423492661
162.07,0.0056754742139357
162.08,0.00557403964570015
162.09,0.00547375272131609
162.1,0.00537464364119359
162.11,0.00527674302493744
162.12,0.00518007892742336
162.13,0.00508467853374417
162.14,0.00499056769026493
162.15,0.0048977704699671
162.16,0.00480630935231214
162.17,0.004716205190106
162.18,0.00462747713896339
162.19,0.00454014229746461
162.2,0.00445421617751993
162.21,0.00436971213843975
162.22,0.00428664162047836
162.23,0.00420501426834368
162.24,0.00412483744392603
162.25,0.00404611665471711
162.26,0.00396885535116851
162.27,0.00389305479255281
162.28,0.00381871479249862
162.29,0.0037458327151288
162.3,0.00367440424306995
162.31,0.00360442345846072
162.32,0.00353588224812732
162.33,0.00346877107182327
162.34,0.00340307891011334
162.35,0.00333879281637089
162.36,0.00327589872648613
162.37,0.00321438122489396
162.38,0.00315422338435797
162.39,0.00309540737831716
162.4,0.00303791422178193
162.41,0.00298172387159783
162.42,0.00292681556283114
162.43,0.00287316765899429
162.44,0.00282075784131692
162.45,0.00276956326198347
162.46,0.00271956054086808
162.47,0.00267072591223406
162.48,0.00262303523497545
162.49,0.00257646421441529
162.5,0.00253098836487814
162.51,0.00248658295163133
162.52,0.00244322343767104
162.53,0.00240088524514609
162.54,0.00235954364450958
162.55,0.00231917436747345
162.56,0.00227975322972234
162.57,0.00224125603248075
162.58,0.00220365916866425
162.59,0.00216693923451169
162.6,0.00213107293863143
162.61,0.00209603765112959
162.62,0.00206181103372751
162.63,0.00202837091915575
162.64,0.00199569586508556
162.65,0.00196376476325946
162.66,0.00193255671770225
162.67,0.00190205156576903
162.68,0.00187222950963945
162.69,0.00184307105647504
162.7,0.00181455736824192
162.71,0.00178667001361614
162.72,0.00175939094147903
162.73,0.00173270270313992
162.74,0.00170658830479243
162.75,0.00168103103117777
162.76,0.00165601482264914
162.77,0.00163152404793301
162.78,0.00160754333341329
162.79,0.0015840577568695
162.8,0.00156105292360565
162.81,0.00153851482029299
162.82,0.00151642988748023
162.83,0.0014947849172459
162.84,0.0014735671259567
162.85,0.00145276410827651
162.86,0.00143236387238559
162.87,0.0014123548068713
162.88,0.00139272560143263
162.89,0.00137346535405713
162.9,0.00135456351934456
162.91,0.00133600987204382
162.92,0.00131779451289145
162.93,0.0012999078830776
162.94,0.00128234073942823
162.95,0.00126508417141643
162.96,0.00124812953879803
162.97,0.00123146850644504
162.98,0.00121509306891303
162.99,0.00119899551820784
163,0.0011831683827608
163.01,0.00116760448579254
163.02,0.00115229693494763
163.03,0.00113723909155283
163.04,0.00112242457502826
163.05,0.00110784725627311
163.06,0.00109350122410308
163.07,0.00107938083282243
163.08,0.00106548065622178
163.09,0.00105179549787865
163.1,0.00103832038963397
163.11,0.00102505055866576
163.12,0.00101198144418654
163.13,0.000999108715637612
163.14,0.000986428234200095
163.15,0.000973936038071344
163.16,0.000961628362197912
163.17,0.000949501615872931
163.18,0.000937552392045744
163.19,0.000925777452239586
163.2,0.000914173714919672
163.21,0.000902738225391051
163.22,0.000891468221942876
163.23,0.000880361071077784
163.24,0.000869414277188089
163.25,0.000858625476747655
163.26,0.000847992431897588
163.27,0.000837513024594843
163.28,0.000827185250616678
163.29,0.000817007226283426
163.3,0.000806977184307955
163.31,0.000797093428925151
163.32,0.000787354368508986
163.33,0.000777758498795545
163.34,0.000768304390879872
163.35,0.000758990698626595
163.36,0.000749816143222239
163.37,0.000740779509895186
163.38,0.000731879626405843
163.39,0.000723115373453047
163.4,0.000714485688657713
163.41,0.000705989541546978
163.42,0.000697625961899744
163.43,0.000689394149961284
163.44,0.000681293154702065
163.45,0.000673322123611662
163.46,0.000665480230925747
163.47,0.00065776668323177
163.48,0.000650180698790904
163.49,0.000642721509848676
163.5,0.000635388360920216
163.51,0.000628180513050343
163.52,0.000621097243705029
163.53,0.000614137806465503
163.54,0.000607301461356995
163.55,0.000600587461187721
163.56,0.000593995273257933
163.57,0.000587524117352187
163.58,0.000581173293951198
163.59,0.000574942104082794
163.6,0.000568829882557728
163.61,0.00056283596220855
163.62,0.000556959639439925
163.63,0.000551200224991171
163.64,0.000545557026871775
163.65,0.00054002935559262
163.66,0.000534616506013043
163.67,0.000529317769514098
163.68,0.000524132429248346
163.69,0.00051905987889646
163.7,0.000514099441255263
163.71,0.000509250410559206
163.72,0.000504512110715974
163.73,0.000499883866068513
163.74,0.000495364997550696
163.75,0.000490954839136235
163.76,0.0004866527239811
163.77,0.00048245798847337
163.78,0.000478370013691515
163.79,0.000474388150254182
163.8,0.000470511761352788
163.81,0.000466740222540637
163.82,0.000463072923374863
163.83,0.000459509267845464
163.84,0.000456048661790613
163.85,0.000452690527114477
163.86,0.000449434298566424
163.87,0.000446279419379371
163.88,0.000443225352512473
163.89,0.000440271573559916
163.9,0.000437417573413814
163.91,0.000434662851433958
163.92,0.00043200692262002
163.93,0.000429449325539395
163.94,0.000426989611844568
163.95,0.000424627348115493
163.96,0.000422362098369917
163.97,0.000420193468116532
163.98,0.000418121070815709
163.99,0.000416144537085004
164,0.000414263495712893
164.01,0.000412477600737223
164.02,0.000410786529576319
164.03,0.000409189970208284
164.04,0.000407687619349193
164.05,0.000406279166535025
164.06,0.000404964346911863
164.07,0.000403742896620212
164.08,0.00040261456460812
164.09,0.000401579079848043
164.1,0.0004006362077714
164.11,0.000399785722079054
164.12,0.00039902740046733
164.13,0.000398361017823941
164.14,0.000397786338037516
164.15,0.000397303150877425
164.16,0.000396911238128822
164.17,0.000396610370311601
164.18,0.000396400318995517
164.19,0.00039628085444813
164.2,0.000396251737675506
164.21,0.000396312707991868
164.22,0.000396463507824448
164.23,0.000396703862319007
164.24,0.000397033475662811
164.25,0.000397452025050637
164.26,0.000397959181834695
164.27,0.000398554589394499
164.28,0.00039923785383058
164.29,0.000400008557835901
164.3,0.000400866256749535
164.31,0.000401810468137738
164.32,0.000402840642413785
164.33,0.000403956219269789
164.34,0.000405156582724885
164.35,0.000406441078892867
164.36,0.000407809019195747
164.37,0.000409259642971935
164.38,0.000410792145705675
164.39,0.000412405647613842
164.4,0.000414099217793423
164.41,0.000415871867911336
164.42,0.000417722539937026
164.43,0.000419650117934456
164.44,0.000421653404008178
164.45,0.000423731130811534
164.46,0.000425881964589462
164.47,0.00042810450747579
164.48,0.00043039726449016
164.49,0.000432758668486394
164.5,0.000435187099253566
164.51,0.000437680844233867
164.52,0.000440238102918058
164.53,0.000442857000870075
164.54,0.000445535620897784
164.55,0.000448271924977811
164.56,0.000451063808559603
164.57,0.000453909104969321
164.58,0.000456805593306478
164.59,0.000459750939928074
164.6,0.000462742750780603
164.61,0.000465778606801869
164.62,0.000468855999189058
164.63,0.000471972342853397
164.64,0.000475125003562012
164.65,0.000478311355268972
164.66,0.000481528649989481
164.67,0.000484774115251639
164.68,0.000488044950583761
164.69,0.000491338346530652
164.7,0.000494651433622326
164.71,0.000497981329592254
164.72,0.000501325132446508
164.73,0.000504679927459104
164.74,0.000508042798700374
164.75,0.000511410836464042
164.76,0.000514781123697206
164.77,0.00051815076014784
164.78,0.000521516863441235
164.79,0.000524876570387073
164.8,0.000528227047949586
164.81,0.00053156549739676
164.82,0.000534889158061817
164.83,0.000538195317182627
164.84,0.00054148131404077
164.85,0.000544744543723082
164.86,0.000547982453578691
164.87,0.00055119255572599
164.88,0.0005543724392888
164.89,0.000557519751383768
164.9,0.000560632216418468
164.91,0.00056370764517728
164.92,0.000566743921003376
164.93,0.000569739015119651
164.94,0.000572690991229396
164.95,0.000575597985052144
164.96,0.000578458230854962
164.97,0.000581270061685259
164.98,0.000584031878410183
164.99,0.000586742186848103
165,0.000589399590526241
165.01,0.000592002767904243
165.02,0.000594550500536718
165.03,0.000597041664412482
165.04,0.000599475215774195
165.05,0.000601850211530425
165.06,0.000604165800590693
165.07,0.0006064211984253
165.08,0.000608615726278853
165.09,0.000610748788766649
165.1,0.000612819851015448
165.11,0.000614828477830066
165.12,0.000616774307249397
165.13,0.000618657035297005
165.14,0.000620476445277995
165.15,0.000622232385455544
165.16,0.000623924774947322
165.17,0.000625553595800293
165.18,0.000627118894509302
165.19,0.000628620771617817
165.2,0.000630059391864984
165.21,0.000631434973361168
165.22,0.000632747768359556
165.23,0.000633998091830768
165.24,0.000635186298119925
165.25,0.000636312785324214
165.26,0.000637377987857836
165.27,0.00063838237689636
165.28,0.000639326472647014
165.29,0.000640210815115144
165.3,0.000641035979106865
165.31,0.000641802565994345
165.32,0.000642511204461823
165.33,0.000643162545790584
165.34,0.000643757254634613
165.35,0.000644296019197462
165.36,0.000644779540115356
165.37,0.000645208546830219
165.38,0.000645583768881218
165.39,0.000645905948415766
165.4,0.00064617584775891
165.41,0.000646394232942523
165.42,0.000646561875566701
165.43,0.000646679555135038
165.44,0.000646748055234763
165.45,0.000646768161539387
165.46,0.000646740661809277
165.47,0.000646666343859166
165.48,0.000646545992715886
165.49,0.000646380395886214
165.5,0.000646170345242216
165.51,0.000645916619398656
165.52,0.000645619998401707
165.53,0.000645281264089425
165.54,0.000644901186909621
165.55,0.000644480533948929
165.56,0.00064402006356573
165.57,0.00064352052921822
165.58,0.000642982675682135
165.59,0.000642407245885
165.6,0.000641794967885623
165.61,0.000641146562471496
165.62,0.0006404627523363
165.63,0.000639744242654684
165.64,0.000638991732087966
165.65,0.000638205912253139
165.66,0.000637387465288667
165.67,0.000636537063943926
165.68,0.00063565537243407
165.69,0.000634743045693304
165.7,0.00063380072866758
165.71,0.000632829056366725
165.72,0.000631828653282333
165.73,0.000630800134139207
165.74,0.000629744104782871
165.75,0.000628661168045679
165.76,0.000627551910009387
165.77,0.000626416910241691
165.78,0.00062525674107178
165.79,0.000624071964519971
165.8,0.000622863134557827
165.81,0.000621630791402989
165.82,0.00062037546998222
165.83,0.000619097694994284
165.84,0.000617797984546288
165.85,0.000616476846379117
165.86,0.000615134778713101
165.87,0.000613772272903634
165.88,0.000612389816755362
165.89,0.000610987884604343
165.9,0.000609566945236217
165.91,0.000608127457302908
165.92,0.000606669873298466
165.93,0.000605194638567766
165.94,0.000603702189988652
165.95,0.000602192955198192
165.96,0.000600667356300312
165.97,0.000599125807073403
165.98,0.000597568719487119
165.99,0.000595996495611326
166,0.000594409530741791
166.01,0.000592808214577241
166.02,0.000591192930329495
166.03,0.000589564056090303
166.04,0.000587921964075827
166.05,0.000586267012293356
166.06,0.000584599557670204
166.07,0.000582919950577037
166.08,0.000581228535952157
166.09,0.000579525658053413
166.1,0.000577811649687915
166.11,0.000576086840448824
166.12,0.000574351552660564
166.13,0.000572606105946877
166.14,0.000570850814274126
166.15,0.000569085986825351
166.16,0.000567311928162601
166.17,0.00056552893835093
166.18,0.000563737311691909
166.19,0.000561937338885497
166.2,0.000560129306171419
166.21,0.000558313493249886
166.22,0.000556490175537061
166.23,0.000554659624462194
166.24,0.000552822105893843
166.25,0.000550977880651111
166.26,0.000549127204949536
166.27,0.000547270333034565
166.28,0.000545407520337125
166.29,0.000543539012687841
166.3,0.000541665054238834
166.31,0.000539785880695577
166.32,0.000537901729114219
166.33,0.0005360128310611
166.34,0.000534119413167842
166.35,0.000532221699127797
166.36,0.000530319908516117
166.37,0.000528414260293073
166.38,0.000526504970067298
166.39,0.00052459224700455
166.4,0.000522676298654715
166.41,0.000520757331036908
166.42,0.000518835544469436
166.43,0.000516911136813291
166.44,0.000514984301303353
166.45,0.000513055229042728
166.46,0.000511124107466391
166.47,0.000509191121327921
166.48,0.000507256452070483
166.49,0.000505320277250373
166.5,0.000503382773528687
166.51,0.00050144412023575
166.52,0.000499504485228917
166.53,0.000497564036707677
166.54,0.000495622940309641
166.55,0.000493681359000022
166.56,0.000491739452569478
166.57,0.000489797378185308
166.58,0.000487855292083933
166.59,0.000485913347018728
166.6,0.000483971692268191
166.61,0.000482030474982814
166.62,0.000480089840545529
166.63,0.000478149930911226
166.64,0.000476210885575946
166.65,0.000474272841762086
166.66,0.000472335937496587
166.67,0.000470400304310416
166.68,0.000468466072711152
166.69,0.00046653337130086
166.7,0.000464602327577651
166.71,0.000462673064792515
166.72,0.000460745704602703
166.73,0.000458820367890064
166.74,0.000456897173882471
166.75,0.000454976237468492
166.76,0.000453057672336545
166.77,0.000451141590888321
166.78,0.000449228103476793
166.79,0.000447317317467158
166.8,0.000445409338581862
166.81,0.000443504271227513
166.82,0.000441602217636056
166.83,0.000439703277452469
166.84,0.000437807548610163
166.85,0.000435915128744355
166.86,0.000434026112879119
166.87,0.000432140593268385
166.88,0.000430258660809849
166.89,0.000428380405543019
166.9,0.00042650591507561
166.91,0.000424635274883927
166.92,0.000422768568869345
166.93,0.000420905881850368
166.94,0.000419047294948113
166.95,0.000417192887293121
166.96,0.000415342736836949
166.97,0.000413496919756062
166.98,0.000411655510674337
166.99,0.000409818582546365
167,0.000407986206649834
167.01,0.000406158454100964
167.02,0.000404335393950119
167.03,0.000402517092643444
167.04,0.000400703615640963
167.05,0.000398895028109471
167.06,0.000397091394879427
167.07,0.000395292776564846
167.08,0.000393499233501859
167.09,0.000391710824777858
167.1,0.000389927608905576
167.11,0.000388149641801533
167.12,0.000386376978442878
167.13,0.00038460967242354
167.14,0.000382847776980287
167.15,0.000381091342785321
167.16,0.000379340419566082
167.17,0.000377595055712553
167.18,0.000375855300419343
167.19,0.000374121199981511
167.2,0.000372392799160003
167.21,0.0003706701418919
167.22,0.000368953271716231
167.23,0.000367242231242263
167.24,0.00036553706114372
167.25,0.000363837801458831
167.26,0.000362144491224019
167.27,0.000360457167502226
167.28,0.000358775865860957
167.29,0.000357100622487179
167.3,0.00035543147173811
167.31,0.000353768446912114
167.32,0.000352111580495086
167.33,0.00035046090426025
167.34,0.000348816448339219
167.35,0.000347178242158429
167.36,0.000345546314181732
167.37,0.000343920692538328
167.38,0.00034230140615946
167.39,0.000340688480422329
167.4,0.000339081941058413
167.41,0.000337481813090408
167.42,0.000335888120154659
167.43,0.000334300881081693
167.44,0.000332720119651258
167.45,0.000331145856525295
167.46,0.00032957811144871
167.47,0.000328016903462834
167.48,0.000326462254267207
167.49,0.000324914180214815
167.5,0.000323372698653128
167.51,0.000321837826260244
167.52,0.000320309579065014
167.53,0.000318787968552216
167.54,0.000317273010099972
167.55,0.000315764716711605
167.56,0.000314263100516943
167.57,0.000312768172829411
167.58,0.00031127994662533
167.59,0.000309798431631588
167.6,0.000308323637384372
167.61,0.000306855573006075
167.62,0.000305394246995279
167.63,0.000303939668703582
167.64,0.00030249184576021
167.65,0.000301050785215407
167.66,0.000299616493945596
167.67,0.00029818897840842
167.68,0.000296768242083634
167.69,0.00029535428955359
167.7,0.000293947125877222
167.71,0.000292546754779248
167.72,0.000291153179462363
167.73,0.000289766402369064
167.74,0.000288386424718766
167.75,0.000287013248371533
167.76,0.000285646874162797
167.77,0.000284287302380889
167.78,0.000282934532770088
167.79,0.000281588565850976
167.8,0.000280249400381038
167.81,0.00027891703475566
167.82,0.000277591467111658
167.83,0.000276272695149428
167.84,0.000274960715594562
167.85,0.000273655524235654
167.86,0.000272357117660097
167.87,0.000271065491416876
167.88,0.000269780640577487
167.89,0.000268502559738939
167.9,0.000267231245113429
167.91,0.000265966689967483
167.92,0.000264708888046723
167.93,0.000263457832790612
167.94,0.000262213517299571
167.95,0.000260975935140959
167.96,0.000259745079571247
167.97,0.00025852094272302
167.98,0.000257303516982782
167.99,0.000256092794549207
168,0.00025488876717924
168.01,0.000253691423676031
168.02,0.000252500756449205
168.03,0.00025131675617907
168.04,0.00025013941327587
168.05,0.000248968717884887
168.06,0.000247804657360693
168.07,0.00024664722034371
168.08,0.000245496396082442
168.09,0.00024435217257636
168.1,0.000243214537397277
168.11,0.000242083477681239
168.12,0.000240958986028331
168.13,0.000239841047837576
168.14,0.000238729650110582
168.15,0.000237624780060047
168.16,0.000236526424730532
168.17,0.000235434570856129
168.18,0.000234349203951382
168.19,0.000233270310955188
168.2,0.00023219787801431
168.21,0.000231131891111279
168.22,0.000230072336073053
168.23,0.000229019198223493
168.24,0.000227972462375379
168.25,0.00022693211408897
168.26,0.000225898138352221
168.27,0.000224870519989219
168.28,0.000223849243665142
168.29,0.000222834293658354
168.3,0.000221825654184733
168.31,0.000220823309466034
168.32,0.000219827243463414
168.33,0.000218837439984233
168.34,0.00021785388268564
168.35,0.000216876555137163
168.36,0.000215905440705451
168.37,0.00021494052262838
168.38,0.000213981784018703
168.39,0.000213029207860185
168.4,0.000212082777046318
168.41,0.000211142474892214
168.42,0.000210208283862192
168.43,0.000209280186616436
168.44,0.000208358165732181
168.45,0.000207442203709473
168.46,0.000206532282681534
168.47,0.000205628384253323
168.48,0.000204730491038907
168.49,0.000203838585084744
168.5,0.000202952648359833
168.51,0.000202072662759741
168.52,0.000201198610110601
168.53,0.000200330472166408
168.54,0.000199468230606327
168.55,0.000198611867080438
168.56,0.000197761363172069
168.57,0.000196916700414408
168.58,0.000196077860294428
168.59,0.000195244824256871
168.6,0.000194417573573866
168.61,0.000193596089143627
168.62,0.000192780352501945
168.63,0.000191970344850347
168.64,0.000191166047351446
168.65,0.000190367441131887
168.66,0.000189574507285295
168.67,0.000188787226924026
168.68,0.000188005581289063
168.69,0.000187229551308987
168.7,0.000186459118021605
168.71,0.000185694262453233
168.72,0.000184934965622056
168.73,0.000184181208541489
168.74,0.000183432972183686
168.75,0.000182690237361422
168.76,0.000181952985176259
168.77,0.000181221196612269
168.78,0.000180494852659195
168.79,0.000179773934315429
168.8,0.000179058422590982
168.81,0.000178348298456081
168.82,0.00017764354261636
168.83,0.000176944136271995
168.84,0.000176250060438856
168.85,0.000175561296149045
168.86,0.000174877824453252
168.87,0.000174199626423075
168.88,0.000173526683125417
168.89,0.00017285897546273
168.9,0.000172196484672406
168.91,0.000171539191889414
168.92,0.000170887078274964
168.93,0.00017024012501845
168.94,0.000169598313339414
168.95,0.000168961624488984
168.96,0.000168330039748296
168.97,0.0001677035404416
168.98,0.000167082107927939
168.99,0.000166465723606177
169,0.000165854368916927
169.01,0.000165248025344509
169.02,0.000164646674418887
169.03,0.000164050297717618
169.04,0.000163458876867793
169.05,0.000162872393721652
169.06,0.000162290830033233
169.07,0.000161714167539135
169.08,0.000161142388113203
169.09,0.000160575473691689
169.1,0.000160013406275341
169.11,0.000159456167931501
169.12,0.000158903740796179
169.13,0.000158356107076154
169.14,0.000157813248923035
169.15,0.000157275148032276
169.16,0.000156741787232995
169.17,0.000156213148954242
169.18,0.000155689215697207
169.19,0.000155169970036898
169.2,0.000154655394623779
169.21,0.000154145472185447
169.22,0.000153640185528286
169.23,0.000153139517539125
169.24,0.000152643450714345
169.25,0.00015215196813274
169.26,0.000151665053022242
169.27,0.000151182688536698
169.28,0.000150704857911031
169.29,0.000150231544462542
169.3,0.00014976273159222
169.31,0.000149298402786041
169.32,0.000148838541616289
169.33,0.000148383131663669
169.34,0.000147932156419695
169.35,0.000147485599885041
169.36,0.00014704344595381
169.37,0.0001466056786089
169.38,0.000146172281923125
169.39,0.000145743240060329
169.4,0.000145318537276502
169.41,0.000144898157920895
169.42,0.000144482086437136
169.43,0.000144070307291747
169.44,0.000143662805135423
169.45,0.000143259564709249
169.46,0.000142860570835567
169.47,0.000142465808435611
169.48,0.000142075262530565
169.49,0.000141688918242643
169.5,0.000141306760796143
169.51,0.000140928775518519
169.52,0.000140554947786116
169.53,0.000140185263016026
169.54,0.000139819706931
169.55,0.000139458265261939
169.56,0.000139100923846044
169.57,0.000138747668627789
169.58,0.000138398485659875
169.59,0.000138053361104196
169.6,0.000137712281232802
169.61,0.000137375232428874
169.62,0.000137042200624381
169.63,0.000136713172665911
169.64,0.000136388135318952
169.65,0.000136067075374378
169.66,0.000135749979734869
169.67,0.000135436835415717
169.68,0.000135127629545634
169.69,0.000134822349367557
169.7,0.000134520982239449
169.71,0.000134223515635107
169.72,0.000133929937144966
169.73,0.00013364023440186
169.74,0.000133354395014065
169.75,0.000133072407092491
169.76,0.000132794258680311
169.77,0.000132519937939353
169.78,0.000132249433150834
169.79,0.000131982732716079
169.8,0.000131719825157253
169.81,0.000131460699118082
169.82,0.000131205343364585
169.83,0.000130953746785797
169.84,0.000130705898394491
169.85,0.000130461786968864
169.86,0.000130221401777178
169.87,0.000129984732329061
169.88,0.000129751768100795
169.89,0.000129522498692558
169.9,0.000129296913829012
169.91,0.000129075003359901
169.92,0.000128856757260634
169.93,0.000128642165632884
169.94,0.000128431218705179
169.95,0.000128223906833488
169.96,0.000128020220453379
169.97,0.00012782014934582
169.98,0.000127623684802189
169.99,0.000127430817636493
170,0.000127241538787801
170.01,0.00012705583932063
170.02,0.000126873710425323
170.03,0.000126695143418431
170.04,0.000126520129743093
170.05,0.000126348660969413
170.06,0.000126180728794845
170.07,0.000126016325044573
170.08,0.000125855442153299
170.09,0.000125698072548474
170.1,0.000125544208051493
170.11,0.000125393841076359
170.12,0.000125246964173417
170.13,0.000125103570030007
170.14,0.000124963651471102
170.15,0.00012482720145995
170.16,0.000124694213098716
170.17,0.000124564679629125
170.18,0.000124438594433103
170.19,0.000124315951033422
170.2,0.000124196741684182
170.21,0.000124080960849834
170.22,0.000123968602548068
170.23,0.000123859660759068
170.24,0.000123754129597083
170.25,0.000123652003310688
170.26,0.000123553276283041
170.27,0.000123457943032146
170.28,0.000123365998211106
170.29,0.000123277436608387
170.3,0.000123192253148072
170.31,0.000123110443151624
170.32,0.000123032002454813
170.33,0.000122956925889152
170.34,0.000122885208992471
170.35,0.000122816847445802
170.36,0.000122751837073888
170.37,0.000122690173845679
170.38,0.000122631853874848
170.39,0.00012257687342029
170.4,0.00012252522888663
170.41,0.00012247691682473
170.42,0.000122431933932193
170.43,0.00012239027833808
170.44,0.000122351946887263
170.45,0.00012231693630002
170.46,0.000122285243944323
170.47,0.000122256867337004
170.48,0.000122231804143755
170.49,0.000122210052179131
170.5,0.000122191609406547
170.51,0.000122176473938281
170.52,0.00012216464403547
170.53,0.000122156117193485
170.54,0.000122150890533834
170.55,0.000122148964045295
170.56,0.000122150336429368
170.57,0.000122155006527475
170.58,0.000122162973320964
170.59,0.000122174235931104
170.6,0.00012218879361909
170.61,0.000122206645786038
170.62,0.00012222779197299
170.63,0.000122252231884584
170.64,0.000122279967408528
170.65,0.000122310997149144
170.66,0.000122345321316511
170.67,0.000122382940267062
170.68,0.000122423854503576
170.69,0.000122468064675183
170.7,0.000122515571577363
170.71,0.000122566376151945
170.72,0.000122620479487107
170.73,0.000122677882817378
170.74,0.000122738591000688
170.75,0.000122802605271122
170.76,0.000122869926191034
170.77,0.00012294055587254
170.78,0.00012301449659063
170.79,0.00012309175078317
170.8,0.000123172321050901
170.81,0.000123256210157441
170.82,0.000123343421029279
170.83,0.000123433956755782
170.84,0.000123527820723051
170.85,0.000123625016565102
170.86,0.000123725547666868
170.87,0.000123829417792355
170.88,0.000123936630869778
170.89,0.000124047190991561
170.9,0.000124161102414337
170.91,0.000124278369558948
170.92,0.000124398997010446
170.93,0.000124522989518092
170.94,0.000124650351996954
170.95,0.000124781089796901
170.96,0.00012491520798175
170.97,0.000125052711971866
170.98,0.000125193607352662
170.99,0.000125337899874595
171,0.000125485595453175
171.01,0.000125636700168957
171.02,0.000125791220267545
171.03,0.000125949162159589
171.04,0.00012611053242079
171.05,0.000126275340794719
171.06,0.000126443593779782
171.07,0.00012661529735392
171.08,0.00012679045893545
171.09,0.00012696908611664
171.1,0.000127151186663713
171.11,0.000127336768516841
171.12,0.000127525839790155
171.13,0.000127718408771737
171.14,0.000127914483923621
171.15,0.000128114073881797
171.16,0.000128317187456206
171.17,0.000128523836280412
171.18,0.000128734031216111
171.19,0.000128947779175635
171.2,0.000129165089903022
171.21,0.000129385973328013
171.22,0.000129610439566056
171.23,0.000129838498918305
171.24,0.000130070161871615
171.25,0.000130305439098553
171.26,0.000130544341457386
171.27,0.000130786879992089
171.28,0.000131033065932342
171.29,0.000131282911789457
171.3,0.000131536432121062
171.31,0.000131793636126189
171.32,0.000132054535960505
171.33,0.000132319143974513
171.34,0.000132587472713547
171.35,0.000132859534917779
171.36,0.000133135343522205
171.37,0.000133414911656661
171.38,0.000133698252645816
171.39,0.00013398538000917
171.4,0.000134276307461057
171.41,0.00013457104914251
171.42,0.000134869624629875
171.43,0.000135172044259708
171.44,0.00013547832274684
171.45,0.00013578847501208
171.46,0.000136102516182202
171.47,0.000136420461589954
171.48,0.000136742326774055
171.49,0.000137068127479187
171.5,0.000137397879656012
171.51,0.000137731599461156
171.52,0.000138069303257219
171.53,0.00013841100761277
171.54,0.000138756736630626
171.55,0.000139106503791797
171.56,0.000139460325383728
171.57,0.000139818219150523
171.58,0.000140180203059294
171.59,0.000140546295300149
171.6,0.0001409165142862
171.61,0.000141290878653551
171.62,0.000141669407261314
171.63,0.000142052119191597
171.64,0.000142439033749509
171.65,0.00014283017046316
171.66,0.000143225552164634
171.67,0.0001436251987772
171.68,0.000144029129117613
171.69,0.000144437363806885
171.7,0.000144849923698863
171.71,0.000145266829880223
171.72,0.000145688103670465
171.73,0.000146113766621924
171.74,0.000146543840519754
171.75,0.000146978347381947
171.76,0.000147417309459319
171.77,0.000147860749235516
171.78,0.000148308693784119
171.79,0.000148761170503617
171.8,0.000149218198184855
171.81,0.000149679800900398
171.82,0.000150146002994654
171.83,0.000150616829083881
171.84,0.000151092304056188
171.85,0.00015157245307153
171.86,0.000152057301561702
171.87,0.000152546875230358
171.88,0.00015304119935042
171.89,0.000153540299642254
171.9,0.00015404420321129
171.91,0.000154552936753104
171.92,0.000155066527229472
171.93,0.000155585001868371
171.94,0.000156108388163967
171.95,0.000156636713876632
171.96,0.000157170007032935
171.97,0.000157708295925642
171.98,0.000158251611438171
171.99,0.000158799983618222
172,0.000159353439951
172.01,0.000159912010080995
172.02,0.000160475723935831
172.03,0.000161044611726269
172.04,0.0001616187039462
172.05,0.000162198031372655
172.06,0.000162782625065799
172.07,0.000163372516368924
172.08,0.000163967742792233
172.09,0.000164568338231214
172.1,0.000165174331522686
172.11,0.000165785755807323
172.12,0.000166402644548086
172.13,0.000167025031530207
172.14,0.000167652950861198
172.15,0.000168286436970846
172.16,0.000168925524611213
172.17,0.00016957024885664
172.18,0.000170220646758932
172.19,0.000170876754329749
172.2,0.000171538606836471
172.21,0.000172206240814848
172.22,0.000172879693133029
172.23,0.00017355900099156
172.24,0.000174244201923369
172.25,0.000174935333793792
172.26,0.000175632434800554
172.27,0.000176335543473775
172.28,0.000177044701567368
172.29,0.00017775994838694
172.3,0.00017848132236477
172.31,0.000179208863639392
172.32,0.000179942612698055
172.33,0.000180682610376743
172.34,0.000181428897860166
172.35,0.000182181516681762
172.36,0.00018294050872368
172.37,0.000183705916216811
172.38,0.00018447778702058
172.39,0.000185256163627607
172.4,0.000186041087724106
172.41,0.000186832603409783
172.42,0.000187630755160754
172.43,0.000188435587829553
172.44,0.000189247146645111
172.45,0.000190065477212785
172.46,0.000190890625514339
172.47,0.000191722637907949
172.48,0.00019256156817087
172.49,0.000193407462084597
172.5,0.000194260365494191
172.51,0.000195120326854334
172.52,0.000195987395030544
172.53,0.000196861619299184
172.54,0.000197743049347455
172.55,0.000198631735273399
172.56,0.000199527727585905
172.57,0.000200431077204686
172.58,0.000201341839234543
172.59,0.000202260064348916
172.6,0.000203185804047845
172.61,0.000204119111191463
172.62,0.000205060039068022
172.63,0.000206008641393873
172.64,0.000206964972313475
172.65,0.000207929086399391
172.66,0.00020890103865229
172.67,0.000209880884500948
172.68,0.000210868685669632
172.69,0.000211864496817144
172.7,0.000212868374196144
172.71,0.000213880375596574
172.72,0.000214900559281141
172.73,0.000215928983985316
172.74,0.000216965708917315
172.75,0.000218010793758131
172.76,0.000219064300968224
172.77,0.000220126291276572
172.78,0.000221196825182776
172.79,0.000222275964573681
172.8,0.000223363771830776
172.81,0.0002244603098302
172.82,0.000225565641942714
172.83,0.000226679832033745
172.84,0.000227802946146863
172.85,0.000228935050038322
172.86,0.000230076208154242
172.87,0.00023122648663536
172.88,0.000232385952137882
172.89,0.000233554671833487
172.9,0.00023473271340933
172.91,0.000235920145068039
172.92,0.000237117037267443
172.93,0.00023832346164175
172.94,0.000239539486180953
172.95,0.000240765181575778
172.96,0.000242000619062634
172.97,0.000243245870423624
172.98,0.000244501007986551
172.99,0.000245766104624891
173,0.000247041234494865
173.01,0.000248326473903257
173.02,0.000249621895871805
173.03,0.000250927575745519
173.04,0.000252243589435783
173.05,0.000253570013420354
173.06,0.000254906924743371
173.07,0.000256254401015325
173.08,0.000257612520926127
173.09,0.000258981368174989
173.1,0.000260361019170324
173.11,0.000261751554261331
173.12,0.000263153054397848
173.13,0.000264565601130319
173.14,0.000265989276609801
173.15,0.000267424163587964
173.16,0.000268870345417094
173.17,0.000270327909273207
173.18,0.000271796938041787
173.19,0.000273277517062434
173.2,0.000274769732384259
173.21,0.000276273670677031
173.22,0.000277789419231186
173.23,0.000279317065957836
173.24,0.000280856699388732
173.25,0.000282408411408788
173.26,0.00028397229098447
173.27,0.000285548428322996
173.28,0.000287136914736967
173.29,0.000288737842180161
173.3,0.000290351303247534
173.31,0.000291977391175228
173.32,0.000293616199840531
173.33,0.000295267827192437
173.34,0.000296932368452846
173.35,0.000298609918581617
173.36,0.000300300574481653
173.37,0.000302004433729074
173.38,0.000303721594573187
173.39,0.00030545215593649
173.4,0.000307196217414672
173.41,0.000308953879750032
173.42,0.000310725244118363
173.43,0.000312510411892091
173.44,0.000314309485441496
173.45,0.000316122567815818
173.46,0.000317949762743222
173.47,0.000319791174630806
173.48,0.000321646908564612
173.49,0.000323517071421824
173.5,0.000325401771095582
173.51,0.000327301113632173
173.52,0.000329215207098862
173.53,0.000331144160260662
173.54,0.000333088082580328
173.55,0.000335047084218365
173.56,0.000337021276033031
173.57,0.000339010769919078
173.58,0.000341015679143773
173.59,0.000343036116009571
173.6,0.000345072194293293
173.61,0.000347124028478602
173.62,0.00034919173375607
173.63,0.000351275426023138
173.64,0.000353375221884121
173.65,0.000355491238475298
173.66,0.000357623592368561
173.67,0.000359772403279095
173.68,0.000361937790537354
173.69,0.000364119874173059
173.7,0.000366318774915101
173.71,0.000368534614191321
173.72,0.00037076751412835
173.73,0.000373017597551454
173.74,0.000375284987984306
173.75,0.000377569808802619
173.76,0.000379872182550776
173.77,0.000382192236428295
173.78,0.000384530096422257
173.79,0.000386885889182334
173.8,0.000389259742019029
173.81,0.000391651782901921
173.82,0.00039406214045785
173.83,0.000396490943969234
173.84,0.000398938323372245
173.85,0.000401404407528955
173.86,0.000403889325677297
173.87,0.000406393211287608
173.88,0.000408916196469485
173.89,0.000411458413932718
173.9,0.0004140199969835
173.91,0.000416601079520637
173.92,0.000419201796031766
173.93,0.000421822281589575
173.94,0.00042446267184796
173.95,0.000427123099376157
173.96,0.000429803699593993
173.97,0.000432504611583972
173.98,0.000435225972634563
173.99,0.000437967920528198
174,0.000440730593534514
174.01,0.000443514130403434
174.02,0.000446318670358325
174.03,0.000449144353089146
174.04,0.000451991318745591
174.05,0.000454859701526449
174.06,0.000457749642977329
174.07,0.000460661285883071
174.08,0.000463594771274026
174.09,0.000466550240513654
174.1,0.000469527835287587
174.11,0.000472527697592579
174.12,0.000475549969725642
174.13,0.000478594794272997
174.14,0.000481662314099121
174.15,0.000484752662036298
174.16,0.000487865985353362
174.17,0.000491002427984608
174.18,0.000494162132631123
174.19,0.000497345242097264
174.2,0.000500551899274471
174.21,0.0005037822471249
174.22,0.000507036428665148
174.23,0.000510314586949972
174.24,0.000513616864960076
174.25,0.000516943393098777
174.26,0.000520294320589491
174.27,0.000523669788837146
174.28,0.000527069938990577
174.29,0.000530494911914531
174.3,0.000533944848161667
174.31,0.000537419887944584
174.32,0.000540920171107737
174.33,0.000544445833817333
174.34,0.000547997016334283
174.35,0.000551573856984896
174.36,0.000555176493343442
174.37,0.000558805062413064
174.38,0.000562459700594401
174.39,0.000566140543654297
174.4,0.000569847726694506
174.41,0.000573581378086752
174.42,0.000577341632911557
174.43,0.000581128624061922
174.44,0.000584942482605243
174.45,0.000588783338657326
174.46,0.000592651321344163
174.47,0.000596546558763806
174.48,0.000600469177948248
174.49,0.000604419291187709
174.5,0.000608397024025241
174.51,0.000612402501187927
174.52,0.00061643584236102
174.53,0.00062049716563998
174.54,0.000624586587474731
174.55,0.000628704222613924
174.56,0.00063285018404922
174.57,0.000637024572347885
174.58,0.000641227495050331
174.59,0.000645459061567804
174.6,0.000649719374907559
174.61,0.000654008535743581
174.62,0.000658326642345197
174.63,0.000662673790505447
174.64,0.000667050073469575
174.65,0.00067145557963947
174.66,0.0006758903959387
174.67,0.000680354608276517
174.68,0.000684848298407957
174.69,0.00068937154510971
174.7,0.000693924424104864
174.71,0.000698507007987379
174.72,0.000703119366146705
174.73,0.000707761558413231
174.74,0.000712433642248803
174.75,0.000717135680242115
174.76,0.000721867726253595
174.77,0.000726629830316568
174.78,0.000731422038548685
174.79,0.000736244393063349
174.8,0.000741096931881153
174.81,0.000745979674226352
174.82,0.000750892625877551
174.83,0.000755835819957503
174.84,0.000760809268448929
174.85,0.000765812977463222
174.86,0.000770846947065569
174.87,0.000775911171100377
174.88,0.000781005631723044
174.89,0.000786130310559495
174.9,0.000791285181161817
174.91,0.000796470209342686
174.92,0.00080168535361477
174.93,0.000806930565003132
174.94,0.000812205806492786
174.95,0.000817511064452387
174.96,0.000822846248782353
174.97,0.000828211294106017
174.98,0.000833606128985171
174.99,0.000839030675885767
175,0.000844484851143928
175.01,0.000849968523974678
175.02,0.000855481586339764
175.03,0.000861023925844718
175.04,0.000866595411904707
175.05,0.000872195903533364
175.06,0.0008778252317892
175.07,0.000883483230466661
175.08,0.000889169720672283
175.09,0.00089488450751614
175.1,0.000900627382304868
175.11,0.000906398185392383
175.12,0.000912196685672336
175.13,0.000918022647943781
175.14,0.000923875833798968
175.15,0.000929755994200317
175.16,0.000935662872759214
175.17,0.000941596199118075
175.18,0.00094755569305721
175.19,0.000953541064066166
175.2,0.000959552011051048
175.21,0.000965588159372715
175.22,0.000971649189908426
175.23,0.000977734750179477
175.24,0.000983844469440303
175.25,0.000989977961287342
175.26,0.00099613482200242
175.27,0.00100231463278514
175.28,0.00100851695739686
175.29,0.00101474134219365
175.3,0.0010209873162139
175.31,0.00102725443665627
175.32,0.00103354218785966
175.33,0.00103985005813346
175.34,0.00104617751946739
175.35,0.00105252402696236
175.36,0.00105888900918636
175.37,0.0010652718899237
175.38,0.00107167207087352
175.39,0.00107808893596145
175.4,0.00108452185062967
175.41,0.00109097013189454
175.42,0.00109743311426508
175.43,0.00110391009841518
175.44,0.00111040036420007
175.45,0.0011169031702816
175.46,0.00112341777877201
175.47,0.00112994340086434
175.48,0.00113647923734366
175.49,0.00114302446807055
175.5,0.00114957825158525
175.51,0.0011561397512869
175.52,0.00116270807954147
175.53,0.00116928233761046
175.54,0.00117586160702313
175.55,0.00118244494870924
175.56,0.00118903138545181
175.57,0.00119561993759247
175.58,0.00120220959852218
175.59,0.00120879933849063
175.6,0.00121538810535236
175.61,0.00122197482959555
175.62,0.00122855841374079
175.63,0.00123513773877433
175.64,0.00124171166330891
175.65,0.00124827902300072
175.66,0.00125483868118036
175.67,0.00126138943075191
175.68,0.00126793005139016
175.69,0.00127445930858708
175.7,0.00128097594830259
175.71,0.00128747872023333
175.72,0.00129396633283923
175.73,0.00130043747865033
175.74,0.00130689083604386
175.75,0.00131332506618136
175.76,0.00131973881168777
175.77,0.00132613069338769
175.78,0.00133249932385326
175.79,0.00133884329576054
175.8,0.00134516118551269
175.81,0.00135145155348048
175.82,0.00135771298944547
175.83,0.00136394404523422
175.84,0.00137014323723852
175.85,0.00137630908678631
175.86,0.00138244010424067
175.87,0.00138853479837379
175.88,0.00139459182496788
175.89,0.00140060962399527
175.9,0.00140658671378143
175.91,0.00141252161268588
175.92,0.00141841284025636
175.93,0.00142425895029814
175.94,0.00143005850920776
175.95,0.00143581004240777
175.96,0.00144151210817051
175.97,0.00144716327561155
175.98,0.00145276212612832
175.99,0.00145830721742673
176,0.00146379716304984
176.01,0.00146923058175985
176.02,0.00147460610531872
176.03,0.00147992238277123
176.04,0.0014851781259108
176.05,0.00149037215141626
176.06,0.00149550314283425
176.07,0.00150056988104411
176.08,0.00150557117940023
176.09,0.00151050588566597
176.1,0.00151537310321503
176.11,0.00152017181949368
176.12,0.00152490102210582
176.13,0.00152955981418397
176.14,0.00153414735960115
176.15,0.00153866288012433
176.16,0.00154310561301763
176.17,0.00154747492486757
176.18,0.00155177022770762
176.19,0.0015559910042931
176.2,0.00156013679163357
176.21,0.00156420720898779
176.22,0.00156820196054071
176.23,0.00157212082328251
176.24,0.00157596367814145
176.25,0.001579730587232
176.26,0.00158342157716094
176.27,0.0015870368224124
176.28,0.00159057660064214
176.29,0.00159404133371507
176.3,0.00159743153135569
176.31,0.00160074781539406
176.32,0.00160399093666624
176.33,0.00160716173482952
176.34,0.00161026109356181
176.35,0.00161329014805627
176.36,0.00161625010868145
176.37,0.0016191423130926
176.38,0.0016219681221999
176.39,0.00162472911575542
176.4,0.00162742698875386
176.41,0.00163006355151084
176.42,0.00163264074473276
176.43,0.00163516064168483
176.44,0.00163762544190483
176.45,0.00164003748054305
176.46,0.00164239922781462
176.47,0.0016447132547869
176.48,0.00164698230009722
176.49,0.00164920922927007
176.5,0.00165139702800196
176.51,0.00165354869197814
176.52,0.00165566747761652
176.53,0.00165775671478778
176.54,0.00165981982363371
176.55,0.00166186027886811
176.56,0.00166388174237236
176.57,0.00166588794703472
176.58,0.00166788273542824
176.59,0.00166987005112399
176.6,0.0016718539215083
176.61,0.00167383847280836
176.62,0.00167582785104353
176.63,0.00167782631597924
176.64,0.00167983821915426
176.65,0.00168186796807439
176.66,0.00168391991646388
176.67,0.00168599857851169
176.68,0.00168810848121724
176.69,0.00169025418554611
176.7,0.00169244029071818
176.71,0.00169467141333938
176.72,0.00169695219305097
176.73,0.00169928726912858
176.74,0.0017016812599183
176.75,0.00170413882309642
176.76,0.00170666459192204
176.77,0.00170926317255407
176.78,0.00171193912915294
176.79,0.00171469702366586
176.8,0.00171754136777709
176.81,0.00172047663545977
176.82,0.00172350725991355
176.83,0.00172663759939874
176.84,0.00172987195582094
176.85,0.00173321457986632
176.86,0.00173666966902591
176.87,0.00174024130646109
176.88,0.00174393350701032
176.89,0.0017477502175558
176.9,0.00175169531212144
176.91,0.00175577253338791
176.92,0.00175998553945339
176.93,0.00176433791542971
176.94,0.00176883316408784
176.95,0.00177347463204221
176.96,0.0017782655763241
176.97,0.00178320918485462
176.98,0.00178830855898384
176.99,0.00179356662568342
177,0.00179898622541405
177.01,0.00180457012855302
177.02,0.00181032101063577
177.03,0.00181624137904758
177.04,0.0018223336541917
177.05,0.00182860018044195
177.06,0.00183504322254024
177.07,0.001841664875019
177.08,0.00184846715211517
177.09,0.00185545198540169
177.1,0.00186262123549715
177.11,0.00186997660820846
177.12,0.00187751973207371
177.13,0.00188525217028345
177.14,0.00189317546296844
177.15,0.001901290963107
177.16,0.00190959998031341
177.17,0.00191810375267751
177.18,0.00192680346824056
177.19,0.00193570020869305
177.2,0.00194479499978424
177.21,0.00195408880399834
177.22,0.00196358253460003
177.23,0.00197327702888783
177.24,0.00198317307411973
177.25,0.00199327140898207
177.26,0.00200357276180606
177.27,0.00201407777179965
177.28,0.00202478705451497
177.29,0.00203570119041503
177.3,0.00204682074589262
177.31,0.00205814623913416
177.32,0.00206967817154882
177.33,0.00208141702413373
177.34,0.00209336323914607
177.35,0.00210551726773962
177.36,0.00211787954148084
177.37,0.00213045048368398
177.38,0.00214323049505456
177.39,0.00215621999065782
177.4,0.00216941938077007
177.41,0.0021828290782014
177.42,0.00219644948920505
177.43,0.00221028103929981
177.44,0.00222432416335659
177.45,0.00223857930926509
177.46,0.00225304690914812
177.47,0.0022677274350426
177.48,0.00228262137919136
177.49,0.00229772925041421
177.5,0.00231305154434861
177.51,0.00232858879790135
177.52,0.00234434158063534
177.53,0.00236031047933397
177.54,0.00237649608358366
177.55,0.00239289901586603
177.56,0.00240951993746886
177.57,0.00242635953042466
177.58,0.00244341848157934
177.59,0.00246069750565839
177.6,0.00247819736494248
177.61,0.00249591884002828
177.62,0.00251386271241473
177.63,0.00253202977993423
177.64,0.00255042089919087
177.65,0.00256903693617389
177.66,0.00258787876406322
177.67,0.00260694726398797
177.68,0.00262624336730751
177.69,0.00264576801272249
177.7,0.00266552214980491
177.71,0.00268550673342958
177.72,0.00270572275428712
177.73,0.00272617121004918
177.74,0.00274685310313459
177.75,0.00276776942525969
177.76,0.00278892120919872
177.77,0.00281030948319752
177.78,0.00283193527598155
177.79,0.00285379959768306
177.8,0.00287590348847534
177.81,0.0028982479770087
177.82,0.00292083409029367
177.83,0.00294366285789397
177.84,0.00296673529642432
177.85,0.00299005241876886
177.86,0.00301361523085632
177.87,0.00303742474358278
177.88,0.00306148194203045
177.89,0.00308578780603846
177.9,0.00311034330332276
177.91,0.00313514935966709
177.92,0.00316020690583147
177.93,0.00318551684341858
177.94,0.00321108008562136
177.95,0.00323689752201193
177.96,0.00326297002185519
177.97,0.00328929843378748
177.98,0.00331588359991261
177.99,0.00334272632507503
178,0.00336982737426375
178.01,0.00339718750258914
178.02,0.00342480746493061
178.03,0.00345268797118722
178.04,0.00348082971777191
178.05,0.00350923341353582
178.06,0.00353789972912066
178.07,0.00356682929993073
178.08,0.00359602273714782
178.09,0.00362548065088037
178.1,0.00365520358389441
178.11,0.00368519208630981
178.12,0.00371544668437876
178.13,0.0037459679013538
178.14,0.00377675621623181
178.15,0.00380781211619903
178.16,0.00383913606440182
178.17,0.00387072849883573
178.18,0.00390258981906796
178.19,0.00393472042592522
178.2,0.00396712068977293
178.21,0.00399979095666217
178.22,0.0040327315560924
178.23,0.00406594283408041
178.24,0.00409942508929734
178.25,0.00413317860527959
178.26,0.00416720365724806
178.27,0.0042015004995231
178.28,0.00423606936899372
178.29,0.00427091048948326
178.3,0.00430602406678637
178.31,0.00434141028939363
178.32,0.00437706933519349
178.33,0.00441300136459434
178.34,0.00444920651985995
178.35,0.00448568493677389
178.36,0.00452243673565548
178.37,0.0045594620169872
178.38,0.00459676087243887
178.39,0.00463433338008416
178.4,0.00467217960085071
178.41,0.00471029957936265
178.42,0.00474869334482583
178.43,0.00478736091610341
178.44,0.00482630229605722
178.45,0.00486551748357049
178.46,0.00490500645211626
178.47,0.00494476916502761
178.48,0.00498480556433214
178.49,0.00502511557532377
178.5,0.00506569911725265
178.51,0.00510655609199859
178.52,0.00514768642997543
178.53,0.00518909000196856
178.54,0.00523076668195673
178.55,0.00527271631470029
178.56,0.00531493872622974
178.57,0.00535743374830062
178.58,0.00540020118958471
178.59,0.00544324084064576
178.6,0.00548655248134638
178.61,0.00553013587557011
178.62,0.00557399077452149
178.63,0.0056181169154878
178.64,0.00566251401895534
178.65,0.00570718179177293
178.66,0.00575211991877313
178.67,0.00579732807854479
178.68,0.0058428059316227
178.69,0.0058885531234212
178.7,0.00593456927891701
178.71,0.00598085401278894
178.72,0.00602740692219347
178.73,0.00607422758823168
178.74,0.00612131557976923
178.75,0.00616867044625292
178.76,0.00621629172195095
178.77,0.00626417892537796
178.78,0.00631233155580451
178.79,0.00636074909858855
178.8,0.00640943102236239
178.81,0.00645837677870077
178.82,0.00650758580196211
178.83,0.00655705750975503
178.84,0.00660679130261227
178.85,0.00665678656375511
178.86,0.00670704266285016
178.87,0.00675755895071616
178.88,0.00680833475990199
178.89,0.00685936940675345
178.9,0.00691066219322995
178.91,0.00696221240371986
178.92,0.0070140193043085
178.93,0.00706608214516161
178.94,0.00711840015468794
178.95,0.00717097254442813
178.96,0.0072237985124823
178.97,0.00727687723720335
178.98,0.00733020787928739
178.99,0.00738378958196989
179,0.00743762147004868
179.01,0.00749170265053562
179.02,0.00754603221237472
179.03,0.00760060923420376
179.04,0.00765543276951355
179.05,0.00771050185577544
179.06,0.00776581551340599
179.07,0.00782137274542381
179.08,0.00787717253731807
179.09,0.00793321385688141
179.1,0.00798949565444581
179.11,0.00804601686216369
179.12,0.00810277639168504
179.13,0.00815977314064305
179.14,0.0082170059873677
179.15,0.00827447379224196
179.16,0.00833217539960935
179.17,0.00839010963422222
179.18,0.00844827530318626
179.19,0.00850667119591076
179.2,0.00856529608581258
179.21,0.00862414872913923
179.22,0.00868322786220366
179.23,0.00874253220483824
179.24,0.00880206045915212
179.25,0.00886181130869853
179.26,0.00892178342113838
179.27,0.00898197544598353
179.28,0.009042386015252
179.29,0.00910301374348557
179.3,0.00916385722727507
179.31,0.0092249150456493
179.32,0.00928618576091022
179.33,0.00934766791754106
179.34,0.00940936004258081
179.35,0.00947126064563787
179.36,0.00953336822120875
179.37,0.0095956812443375
179.38,0.0096581981727567
179.39,0.00972091744738662
179.4,0.00978383749193368
179.41,0.00984695671318086
179.42,0.00991027350392683
179.43,0.00997378623549787
179.44,0.0100374932639488
179.45,0.0101013929284121
179.46,0.0101654835511339
179.47,0.0102297634379916
179.48,0.010294230878462
179.49,0.0103588841441903
179.5,0.0104237214906399
179.51,0.0104887411566392
179.52,0.0105539413644234
179.53,0.0106193203202797
179.54,0.0106848762135792
179.55,0.0107506072170784
179.56,0.0108165114873225
179.57,0.0108825871645169
179.58,0.0109488323726062
179.59,0.0110152452230931
179.6,0.0110818238064051
179.61,0.0111485661988172
179.62,0.0112154704606619
179.63,0.0112825346363895
179.64,0.0113497567561648
179.65,0.0114171348369685
179.66,0.0114846668748116
179.67,0.0115523508525967
179.68,0.011620184737863
179.69,0.0116881664828578
179.7,0.0117562940241217
179.71,0.0118245652814275
179.72,0.0118929781622103
179.73,0.0119615305576681
179.74,0.0120302203439732
179.75,0.0120990453823408
179.76,0.0121680035201417
179.77,0.0122370925971147
179.78,0.0123063104275095
179.79,0.0123756548155357
179.8,0.012445123551137
179.81,0.0125147144100807
179.82,0.0125844251539917
179.83,0.0126542535292516
179.84,0.0127241972700602
179.85,0.0127942540960915
179.86,0.0128644217132509
179.87,0.012934697813762
179.88,0.0130050800762567
179.89,0.0130755661748207
179.9,0.0131461537587007
179.91,0.0132168404681485
179.92,0.0132876239307051
179.93,0.0133585017611296
179.94,0.0134294715615103
179.95,0.0135005309240441
179.96,0.0135716774254622
179.97,0.0136429086309512
179.98,0.0137142220938409
179.99,0.0137856153554755
180,0.0138570859453375
180.01,0.0139286313807556
180.02,0.0140002491678316
180.03,0.0140719368011382
180.04,0.0141436917637734
180.05,0.014215511527554
180.06,0.0142873935531336
180.07,0.0143593352969039
180.08,0.0144313341986509
180.09,0.0145033876860231
180.1,0.0145754931782789
180.11,0.014647648084408
180.12,0.0147198498032671
180.13,0.0147920957237198
180.14,0.0148643832368291
180.15,0.0149367097083153
180.16,0.015009072499636
180.17,0.0150814689637458
180.18,0.0151538964446747
180.19,0.0152263522776865
180.2,0.0152988337892957
180.21,0.015371338296777
180.22,0.015443863110424
180.23,0.0155164055318391
180.24,0.0155889628546305
180.25,0.0156615323645727
180.26,0.015734111339764
180.27,0.0158066970508788
180.28,0.0158792867613013
180.29,0.0159518777269928
180.3,0.0160244671969886
180.31,0.0160970524134477
180.32,0.0161696306118148
180.33,0.0162421990209772
180.34,0.0163147548815303
180.35,0.0163872954180744
180.36,0.0164598178380435
180.37,0.0165323193521523
180.38,0.0166047971662946
180.39,0.0166772484817579
180.4,0.0167496704954416
180.41,0.0168220603794848
180.42,0.0168944153253071
180.43,0.0169667325163128
180.44,0.017039009128815
180.45,0.0171112423350834
180.46,0.0171834293035141
180.47,0.0172555671995431
180.48,0.0173276531977825
180.49,0.0173996844508816
180.5,0.017471658116089
180.51,0.0175435713480375
180.52,0.0176154212989423
180.53,0.0176872051187982
180.54,0.0177589199606908
180.55,0.0178305629847879
180.56,0.0179021313292902
180.57,0.0179736221406427
180.58,0.0180450325645205
180.59,0.0181163597460542
180.6,0.0181876008300544
180.61,0.0182587529612368
180.62,0.0183298132681962
180.63,0.0184007789014251
180.64,0.0184716470049916
180.65,0.0185424147223729
180.66,0.018613079197665
180.67,0.0186836375757834
180.68,0.0187540870026652
180.69,0.0188244246302955
180.7,0.0188946476102595
180.71,0.0189647530912651
180.72,0.0190347382269592
180.73,0.0191046001732357
180.74,0.0191743360884483
180.75,0.019243943133627
180.76,0.0193134184742313
180.77,0.0193827592853828
180.78,0.0194519627338327
180.79,0.0195210259950555
180.8,0.0195899462484949
180.81,0.0196587206777899
180.82,0.0197273464710039
180.83,0.0197958208208511
180.84,0.0198641409165249
180.85,0.0199323039619058
180.86,0.0200003071648268
180.87,0.0200681477370414
180.88,0.0201358228958472
180.89,0.0202033298642981
180.9,0.0202706658714178
180.91,0.0203378281502471
180.92,0.0204048139398423
180.93,0.0204716204896155
180.94,0.0205382450536977
180.95,0.0206046848931345
180.96,0.0206709372760901
180.97,0.0207369994780544
180.98,0.020802868782305
180.99,0.0208685424832385
181,0.020934017877967
181.01,0.0209992922739613
181.02,0.0210643629871358
181.03,0.0211292273420589
181.04,0.0211938826721652
181.05,0.0212583263199666
181.06,0.0213225556317138
181.07,0.021386567968298
181.08,0.0214503607012813
181.09,0.0215139312102848
181.1,0.0215772768848928
181.11,0.0216403951248548
181.12,0.0217032833402863
181.13,0.0217659389507824
181.14,0.0218283593728714
181.15,0.0218905420558311
181.16,0.0219524844508848
181.17,0.0220141840203084
181.18,0.0220756382376137
181.19,0.0221368445877299
181.2,0.0221978005671893
181.21,0.0222585036819809
181.22,0.0223189514497916
181.23,0.0223791414043974
181.24,0.0224390710896742
181.25,0.0224987380618984
181.26,0.0225581398899217
181.27,0.0226172741553483
181.28,0.0226761384527107
181.29,0.0227347303837393
181.3,0.0227930475703869
181.31,0.0228510876469435
181.32,0.0229088482602308
181.33,0.0229663270707277
181.34,0.0230235217527383
181.35,0.0230804299945605
181.36,0.0231370494953403
181.37,0.0231933779556338
181.38,0.0232494131143279
181.39,0.0233051527143125
181.4,0.0233605945128976
181.41,0.0234157362819574
181.42,0.0234705758080751
181.43,0.0235251108926871
181.44,0.0235793393438988
181.45,0.0236332589887015
181.46,0.0236868676765983
181.47,0.0237401632673494
181.48,0.0237931436359576
181.49,0.023845806672792
181.5,0.0238981502837164
181.51,0.0239501723902131
181.52,0.0240018709226254
181.53,0.0240532438365609
181.54,0.0241042891004095
181.55,0.0241550046981808
181.56,0.0242053886299767
181.57,0.0242554389121097
181.58,0.0243051535772196
181.59,0.0243545306692785
181.6,0.0244035682416277
181.61,0.0244522643831957
181.62,0.0245006171905223
181.63,0.0245486247767351
181.64,0.0245962852716482
181.65,0.024643596821862
181.66,0.0246905575908628
181.67,0.02473716575445
181.68,0.0247834194833433
181.69,0.0248293170059281
181.7,0.0248748565499077
181.71,0.0249200363598176
181.72,0.0249648546970956
181.73,0.0250093098401515
181.74,0.0250534000844363
181.75,0.0250971237420198
181.76,0.0251404791248929
181.77,0.0251834645887655
181.78,0.0252260784956132
181.79,0.0252683192245008
181.8,0.0253101851716354
181.81,0.025351674750419
181.82,0.0253927863915028
181.83,0.0254335185428397
181.84,0.0254738696607055
181.85,0.025513838230878
181.86,0.025553422753059
181.87,0.0255926217434886
181.88,0.0256314337357993
181.89,0.0256698572810593
181.9,0.025707890947817
181.91,0.0257455333221444
181.92,0.0257827829841575
181.93,0.0258196385569873
181.94,0.0258560986813016
181.95,0.0258921620091703
181.96,0.0259278272098514
181.97,0.0259630929698054
181.98,0.0259979579927109
181.99,0.0260324209994786
182,0.0260664807092984
182.01,0.0261001358720555
182.02,0.0261333852653292
182.03,0.0261662276745707
182.04,0.026198661901977
182.05,0.0262306867664758
182.06,0.0262623011037099
182.07,0.0262935037660236
182.08,0.0263242936218031
182.09,0.0263546695561886
182.1,0.0263846304718863
182.11,0.0264141752876946
182.12,0.0264433029390129
182.13,0.0264720123778263
182.14,0.026500302572689
182.15,0.0265281725087081
182.16,0.0265556211843478
182.17,0.0265826476118183
182.18,0.0266092508292029
182.19,0.0266354298863313
182.2,0.0266611838493419
182.21,0.0266865118006569
182.22,0.0267114128389574
182.23,0.026735886079159
182.24,0.0267599306523863
182.25,0.0267835456543188
182.26,0.0268067302742617
182.27,0.0268294836856298
182.28,0.0268518050771594
182.29,0.0268736936528494
182.3,0.0268951486318947
182.31,0.026916169248619
182.32,0.0269367547524094
182.33,0.0269569043940578
182.34,0.0269766174502802
182.35,0.0269958932183697
182.36,0.0270147310043528
182.37,0.0270331301286301
182.38,0.0270510899258922
182.39,0.0270686097450343
182.4,0.0270856889490711
182.41,0.0271023269231101
182.42,0.0271185230781702
182.43,0.0271342768079895
182.44,0.0271495875351643
182.45,0.0271644546964747
182.46,0.0271788777428242
182.47,0.0271928561391815
182.48,0.0272063893645208
182.49,0.0272194769117623
182.5,0.0272321182645375
182.51,0.0272443129534956
182.52,0.0272560605110646
182.53,0.0272673604820398
182.54,0.0272782124244739
182.55,0.0272886159095978
182.56,0.0272985705217415
182.57,0.0273080758582547
182.58,0.0273171314825009
182.59,0.0273257370009057
182.6,0.027333892064073
182.61,0.0273415963095469
182.62,0.0273488493861519
182.63,0.0273556509538447
182.64,0.0273620006835646
182.65,0.0273678982570857
182.66,0.0273733433722524
182.67,0.0273783357500635
182.68,0.0273828750941495
182.69,0.0273869611313283
182.7,0.027390593598904
182.71,0.0273937722445389
182.72,0.0273964968261259
182.73,0.0273987671116601
182.74,0.0274005828791114
182.75,0.027401944005166
182.76,0.0274028502536996
182.77,0.0274033014349472
182.78,0.0274032973778606
182.79,0.0274028379221404
182.8,0.0274019229181775
182.81,0.0274005522269945
182.82,0.0273987257201878
182.83,0.0273964432658165
182.84,0.0273937046837417
182.85,0.0273905099172266
182.86,0.0273868588690511
182.87,0.0273827514510168
182.88,0.0273781875838235
182.89,0.0273731671969476
182.9,0.0273676902285184
182.91,0.0273617566251963
182.92,0.0273553662628149
182.93,0.0273485190299681
182.94,0.0273412149503306
182.95,0.0273334539809987
182.96,0.0273252360843461
182.97,0.0273165612277686
182.98,0.0273074293834289
182.99,0.0272978405280011
183,0.0272877946424157
183.01,0.0272772918644697
183.02,0.0272663321917214
183.03,0.0272549156136853
183.04,0.0272430421674778
183.05,0.0272307118990487
183.06,0.0272179248632778
183.07,0.02720468112407
183.08,0.0271909807040432
183.09,0.0271768236866122
183.1,0.0271622101625338
183.11,0.0271471402197026
183.12,0.0271316139536883
183.13,0.0271156314677218
183.14,0.0270991928726813
183.15,0.0270822980314003
183.16,0.0270649470966574
183.17,0.0270471401981271
183.18,0.0270288774257799
183.19,0.0270101588727141
183.2,0.0269909846351556
183.21,0.0269713548419493
183.22,0.0269512695928005
183.23,0.0269307289936861
183.24,0.0269097331593425
183.25,0.0268882822081634
183.26,0.0268663762622001
183.27,0.0268440155311795
183.28,0.026821200137404
183.29,0.0267979302145939
183.3,0.0267742059166428
183.31,0.0267500274026236
183.32,0.026725394836788
183.33,0.0267003082962409
183.34,0.0266747679624162
183.35,0.0266487740147319
183.36,0.0266223266191096
183.37,0.0265954259449663
183.38,0.0265680721652132
183.39,0.0265402652511087
183.4,0.026512005395608
183.41,0.0264832927821688
183.42,0.0264541275550652
183.43,0.0264245098582962
183.44,0.0263944398355859
183.45,0.0263639176978092
183.46,0.0263329435845514
183.47,0.0263015176383962
183.48,0.0262696400160725
183.49,0.0262373108752834
183.5,0.0262045303747044
183.51,0.0261712987107351
183.52,0.0261376160424291
183.53,0.0261034825310479
183.54,0.0260688983469034
183.55,0.0260338636619657
183.56,0.0259983786498645
183.57,0.0259624433409064
183.58,0.025926057924581
183.59,0.0258892225862695
183.6,0.0258519374801511
183.61,0.0258142027599022
183.62,0.0257760185786977
183.63,0.0257373850484184
183.64,0.0256983021853322
183.65,0.0256587702068394
183.66,0.0256187892395685
183.67,0.0255783594075199
183.68,0.0255374808320666
183.69,0.0254961536319541
183.7,0.0254543779395982
183.71,0.0254121538689627
183.72,0.025369481529277
183.73,0.0253263610319365
183.74,0.0252827924859727
183.75,0.0252387759980515
183.76,0.0251943116714709
183.77,0.0251493996035893
183.78,0.0251040398961589
183.79,0.0250582326456303
183.8,0.025011977946023
183.81,0.0249652758889269
183.82,0.0249181265635005
183.83,0.0248705299574584
183.84,0.0248224861391091
183.85,0.0247739952062899
183.86,0.0247250572176372
183.87,0.02467567222762
183.88,0.0246258402865382
183.89,0.0245755614223035
183.9,0.0245248355570774
183.91,0.0244736627849416
183.92,0.0244220431212194
183.93,0.0243699765754658
183.94,0.0243174631514694
183.95,0.0242645028472501
183.96,0.0242110956720743
183.97,0.0241572416177815
183.98,0.0241029406611435
183.99,0.0240481927810031
184,0.0239929979507612
184.01,0.0239373561383778
184.02,0.0238812673095343
184.03,0.0238247314544484
184.04,0.0237677485093669
184.05,0.0237103184251984
184.06,0.023652441147825
184.07,0.0235941166181003
184.08,0.0235353447718508
184.09,0.0234761254727132
184.1,0.023416458601547
184.11,0.0233563440907067
184.12,0.0232957818306536
184.13,0.0232347717043174
184.14,0.0231733135676738
184.15,0.0231114072106149
184.16,0.0230490525190696
184.17,0.0229862493268895
184.18,0.0229229974584518
184.19,0.0228592967286606
184.2,0.0227951471209963
184.21,0.0227305483984223
184.22,0.0226655003699067
184.23,0.0226000028527764
184.24,0.0225340556587577
184.25,0.0224676585985922
184.26,0.0224008114762757
184.27,0.0223335140857971
184.28,0.0222657662182803
184.29,0.0221975676594268
184.3,0.0221289181569108
184.31,0.0220598173382869
184.32,0.021990265021522
184.33,0.0219202609358457
184.34,0.0218498048014912
184.35,0.0217788963296954
184.36,0.02170753525215
184.37,0.0216357212576637
184.38,0.0215634540338405
184.39,0.0214907332627773
184.4,0.0214175586182335
184.41,0.0213439298550835
184.42,0.0212698467056874
184.43,0.0211953087979779
184.44,0.021120315808744
184.45,0.0210448674100547
184.46,0.0209689632801232
184.47,0.0208926031423326
184.48,0.0208157866435108
184.49,0.0207385134556566
184.5,0.0206607832482946
184.51,0.0205825955804185
184.52,0.0205039500871985
184.53,0.0204248464157523
184.54,0.0203452841824616
184.55,0.0202652630104261
184.56,0.0201847825447048
184.57,0.0201038423729456
184.58,0.0200224420976814
184.59,0.0199405813159456
184.6,0.0198582598907795
184.61,0.0197754774153308
184.62,0.0196922335234773
184.63,0.019608527882886
184.64,0.0195243601904169
184.65,0.0194397301688115
184.66,0.0193546374946821
184.67,0.0192690818740941
184.68,0.0191830630201239
184.69,0.0190965804243951
184.7,0.0190096338520274
184.71,0.018922222981677
184.72,0.0188343474869567
184.73,0.0187460070996066
184.74,0.0186572015592123
184.75,0.0185679305348653
184.76,0.0184781937345411
184.77,0.018387990903997
184.78,0.0182973223411901
184.79,0.018206187647311
184.8,0.0181145867035961
184.81,0.0180225194142225
184.82,0.017929985839511
184.83,0.0178369860490725
184.84,0.0177435200533942
184.85,0.0176495879462772
184.86,0.0175551894330642
184.87,0.017460324687285
184.88,0.017364993757452
184.89,0.0172691967186346
184.9,0.0171729336988931
184.91,0.017076204783799
184.92,0.0169790100977448
184.93,0.0168813503129431
184.94,0.0167832259634806
184.95,0.0166846373818546
184.96,0.016585585124152
184.97,0.016486070191259
184.98,0.0163860932406942
184.99,0.0162856551549041
185,0.0161847567201245
185.01,0.0160833985287274
185.02,0.015981581683892
185.03,0.0158793071675254
185.04,0.0157765759370496
185.05,0.0156733890365819
185.06,0.0155697475800306
185.07,0.0154656527817892
185.08,0.0153611070776731
185.09,0.0152561116593264
185.1,0.0151506682857049
185.11,0.0150447792231508
185.12,0.0149384472669823
185.13,0.0148316745972842
185.14,0.014724463876581
185.15,0.0146168173384967
185.16,0.0145087376007344
185.17,0.0144002275082531
185.18,0.014291289887208
185.19,0.0141819276731595
185.2,0.0140721439005807
185.21,0.013961942773653
185.22,0.0138513280348549
185.23,0.0137403035942734
185.24,0.0136288744957367
185.25,0.0135170455207705
185.26,0.0134048217776583
185.27,0.0132922082697966
185.28,0.0131792106165117
185.29,0.0130658346448614
185.3,0.0129520858668036
185.31,0.0128379704465737
185.32,0.0127234946605221
185.33,0.0126086658821522
185.34,0.0124934909624299
185.35,0.0123779772511985
185.36,0.01226213398958
185.37,0.0121459693589847
185.38,0.0120294924242734
185.39,0.0119127130493865
185.4,0.0117956412059701
185.41,0.0116782874081461
185.42,0.0115606620240744
185.43,0.0114427764091126
185.44,0.0113246421688605
185.45,0.0112062716974525
185.46,0.0110876774545244
185.47,0.0109688725602772
185.48,0.0108498717178923
185.49,0.0107306890518354
185.5,0.0106113396916726
185.51,0.0104918401347583
185.52,0.0103722066961698
185.53,0.0102524566131262
185.54,0.0101326079505683
185.55,0.010012679285948
185.56,0.00989268996144436
185.57,0.009772659994952
185.58,0.00965261007585615
185.59,0.00953256164411362
185.6,0.00941253677840847
185.61,0.00929255844142904
185.62,0.00917265026749496
185.63,0.00905283668389124
185.64,0.00893314323156005
185.65,0.00881359591947869
185.66,0.00869422187133861
185.67,0.0085750489382507
185.68,0.00845610568753457
185.69,0.00833742129290327
185.7,0.00821902594090779
185.71,0.00810094989528318
185.72,0.00798322450509375
185.73,0.00786588173529347
185.74,0.00774895418886093
185.75,0.00763247516794596
185.76,0.00751647863292407
185.77,0.00740099923003041
185.78,0.00728607208920903
185.79,0.00717173272419728
185.8,0.00705801756388396
185.81,0.00694496179594551
185.82,0.00683260213402287
185.83,0.0067209751834287
185.84,0.00661011723417836
185.85,0.00650006540353219
185.86,0.0063908559158526
185.87,0.00628252556755295
185.88,0.0061751108873535
185.89,0.00606864727470082
185.9,0.00596317106353715
185.91,0.00585871656214205
185.92,0.00575531828883877
185.93,0.005653010314293
185.94,0.0055518243783649
185.95,0.00545179310906548
185.96,0.00535294681012588
185.97,0.00525531477436686
185.98,0.00515892596577751
185.99,0.00506380615563854
186,0.00496998155072071
186.01,0.00487747588974182
186.02,0.00478631087309593
186.03,0.00469650775229431
186.04,0.00460808435829125
186.05,0.00452105802545898
186.06,0.00443544379969545
186.07,0.00435125414823069
186.08,0.00426850061744953
186.09,0.00418719200105005
186.1,0.00410733525117779
186.11,0.00402893562117051
186.12,0.00395199587491668
186.13,0.00387651713290974
186.14,0.00380249847424612
186.15,0.00372993711135582
186.16,0.00365882814054285
186.17,0.0035891652636963
186.18,0.00352094019112835
186.19,0.00345414260651299
186.2,0.00338876171400148
186.21,0.00332478387794376
186.22,0.0032621945905877
186.23,0.00320097865807798
186.24,0.00314111825476528
186.25,0.00308259551785521
186.26,0.00302539136615481
186.27,0.00296948535432031
186.28,0.00291485668788511
186.29,0.00286148358324653
186.3,0.00280934366805791
186.31,0.00275841390353718
186.32,0.00270867091508725
186.33,0.00266009081529435
186.34,0.00261264939540107
186.35,0.00256632226537911
186.36,0.00252108484152776
186.37,0.00247691248943262
186.38,0.00243378055649562
186.39,0.0023916643831449
186.4,0.00235053954061796
186.41,0.00231038162792131
186.42,0.00227116643012753
186.43,0.00223287013117984
186.44,0.00219546887407014
186.45,0.00215893937675583
186.46,0.00212325866572429
186.47,0.00208840388794688
186.48,0.00205435283359291
186.49,0.0020210836360035
186.5,0.00198857467809007
186.51,0.00195680498840233
186.52,0.00192575397427776
186.53,0.00189540135610611
186.54,0.00186572750369387
186.55,0.00183671316738877
186.56,0.00180833946297925
186.57,0.0017805881206874
186.58,0.00175344125531056
186.59,0.00172688140031722
186.6,0.00170089163547128
186.61,0.00167545543914637
186.62,0.00165055673428028
186.63,0.00162617993500296
186.64,0.00160230982811641
186.65,0.00157893167014712
186.66,0.00155603118097833
186.67,0.00153359449897195
186.68,0.0015116079802336
186.69,0.00149005860621256
186.7,0.00146893368835847
186.71,0.00144822090992592
186.72,0.00142790828546955
186.73,0.00140798427248922
186.74,0.0013884376670785
186.75,0.00136925764014018
186.76,0.00135043371379488
186.77,0.00133195574437129
186.78,0.00131381393363996
186.79,0.00129599876198709
186.8,0.00127850107747725
186.81,0.00126131202808821
186.82,0.00124442306667982
186.83,0.00122782595580334
186.84,0.00121151273266468
186.85,0.00119547572285045
186.86,0.00117970753798101
186.87,0.00116420106329968
186.88,0.00114894943601138
186.89,0.00113394605479246
186.9,0.00111918461878008
186.91,0.00110465903380805
186.92,0.00109036344986085
186.93,0.00107629225767563
186.94,0.00106244011065788
186.95,0.00104880186915757
186.96,0.001035372607709
186.97,0.00102214762266664
186.98,0.00100912240342614
186.99,0.000996292646030954
187,0.000983654250491918
187.01,0.000971203300880759
187.02,0.000958936066452643
187.03,0.000946848993711215
187.04,0.000934938698054553
187.05,0.000923201960908138
187.06,0.000911635738120489
187.07,0.000900237149998377
187.08,0.000889003443733133
187.09,0.000877932021385429
187.1,0.000867020421098193
187.11,0.000856266309702623
187.12,0.000845667489029783
187.13,0.000835221879190113
187.14,0.000824927507403078
187.15,0.000814782487105613
187.16,0.000804785063785757
187.17,0.000794933565554489
187.18,0.000785226412315386
187.19,0.000775662124572211
187.2,0.000766239276774657
187.21,0.000756956523769668
187.22,0.000747812586307818
187.23,0.000738806305711027
187.24,0.000729936522816893
187.25,0.000721202146416169
187.26,0.000712602137158102
187.27,0.0007041355128588
187.28,0.000695801327624311
187.29,0.000687598662061964
187.3,0.000679526631431034
187.31,0.00067158438440738
187.32,0.000663771104519751
187.33,0.000656085969249312
187.34,0.000648528177729112
187.35,0.000641096944245717
187.36,0.000633791608414761
187.37,0.00062661137766937
187.38,0.000619555514058315
187.39,0.000612623281996399
187.4,0.000605814049878324
187.41,0.000599127116033576
187.42,0.000592561774349061
187.43,0.000586117337637108
187.44,0.000579793121721204
187.45,0.000573588441827345
187.46,0.000567502606162891
187.47,0.000561534918970377
187.48,0.000555684681200686
187.49,0.000549951201241234
187.5,0.000544333754334543
187.51,0.000538831612529782
187.52,0.000533444034247429
187.53,0.000528170463620409
187.54,0.000523010207334212
187.55,0.000517962543741638
187.56,0.000513026793127327
187.57,0.000508202287224985
187.58,0.000503488380184438
187.59,0.000498884407487381
187.6,0.000494389722897663
187.61,0.000490003689200956
187.62,0.000485725557261652
187.63,0.000481554681685898
187.64,0.00047749041113357
187.65,0.000473532077870316
187.66,0.00046967905373702
187.67,0.000465930771856044
187.68,0.000462286564152492
187.69,0.000458745813902626
187.7,0.000455307913333445
187.71,0.000451972379841572
187.72,0.000448738635708816
187.73,0.000445606148647719
187.74,0.000442574416763613
187.75,0.000439642894371051
187.76,0.000436811001595487
187.77,0.000434078299843474
187.78,0.000431444310820486
187.79,0.000428908569876499
187.8,0.00042647061481923
187.81,0.00042413000906704
187.82,0.00042188632512537
187.83,0.000419739148466518
187.84,0.000417688105827983
187.85,0.000415732848693777
187.86,0.000413873009753039
187.87,0.000412108257181932
187.88,0.000410438276345598
187.89,0.000408862708152776
187.9,0.000407381284695271
187.91,0.000405993727522144
187.92,0.000404699773821407
187.93,0.000403499134341693
187.94,0.000402391533388351
187.95,0.000401376742405249
187.96,0.000400454522423051
187.97,0.000399624641265725
187.98,0.000398886863439314
187.99,0.000398240969195288
188,0.000397686739260262
188.01,0.000397223952832013
188.02,0.00039685238448732
188.03,0.000396571818108383
188.04,0.000396382032421511
188.05,0.000396282781410435
188.06,0.000396273820030375
188.07,0.000396354901869977
188.08,0.000396525764254483
188.09,0.000396786110703327
188.1,0.000397135649006019
188.11,0.000397574061197959
188.12,0.000398101005158716
188.13,0.000398716107298274
188.14,0.000399418977828353
188.15,0.000400209194367686
188.16,0.000401086293574251
188.17,0.000402049777323715
188.18,0.000403099116681558
188.19,0.000404233738856584
188.2,0.000405453018271873
188.21,0.000406756291044957
188.22,0.000408142841986507
188.23,0.000409611902028893
188.24,0.000411162641387193
188.25,0.000412794178200548
188.26,0.000414505566984808
188.27,0.000416295804004139
188.28,0.000418163824591788
188.29,0.000420108490003342
188.3,0.000422128592655705
188.31,0.000424222849901109
188.32,0.000426389907432773
188.33,0.000428628338567372
188.34,0.000430936651203316
188.35,0.000433313259949088
188.36,0.000435756510195679
188.37,0.000438264683428616
188.38,0.00044083596535397
188.39,0.000443468470191045
188.4,0.000446160243183181
188.41,0.000448909239905416
188.42,0.00045171334322444
188.43,0.00045457037862842
188.44,0.000457478075967294
188.45,0.000460434099222406
188.46,0.000463436072777739
188.47,0.000466481522975149
188.48,0.000469567920994131
188.49,0.000472692706337709
188.5,0.000475853234108602
188.51,0.000479046813767598
188.52,0.000482270732594158
188.53,0.000485522209889578
188.54,0.000488798431868747
188.55,0.000492096571705355
188.56,0.000495413757211507
188.57,0.000498747094601832
188.58,0.000502093690877305
188.59,0.000505450630266457
188.6,0.000508814990005366
188.61,0.000512183857858544
188.62,0.000515554323471654
188.63,0.000518923485981379
188.64,0.000522288468853909
188.65,0.000525646418261406
188.66,0.000528994507747019
188.67,0.000532329948211863
188.68,0.000535649991911131
188.69,0.0005389519377026
188.7,0.000542233132968632
188.71,0.000545490980672102
188.72,0.000548722950129652
188.73,0.000551926569151653
188.74,0.00055509943055939
188.75,0.000558239211470122
188.76,0.000561343656614228
188.77,0.000564410581732776
188.78,0.000567437901057426
188.79,0.000570423603862519
188.8,0.000573365752979271
188.81,0.000576262520461589
188.82,0.00057911215938879
188.83,0.00058191299921155
188.84,0.000584663483081253
188.85,0.000587362139786085
188.86,0.000590007575337018
188.87,0.000592598511339636
188.88,0.000595133755950022
188.89,0.000597612184675421
188.9,0.000600032793876166
188.91,0.000602394662134815
188.92,0.00060469693198121
188.93,0.000606938859457124
188.94,0.00060911977919077
188.95,0.000611239095418316
188.96,0.000613296309064582
188.97,0.000615290997971364
188.98,0.000617222805268798
188.99,0.000619091462154378
189,0.000620896770764426
189.01,0.000622638588146006
189.02,0.000624316850964926
189.03,0.000625931559079675
189.04,0.00062748276433568
189.05,0.000628970582297182
189.06,0.000630395184454843
189.07,0.000631756794115246
189.08,0.000633055684811078
189.09,0.000634292177603983
189.1,0.000635466638642616
189.11,0.000636579476261434
189.12,0.00063763113826725
189.13,0.000638622108153657
189.14,0.000639552903216088
189.15,0.000640424072699727
189.16,0.000641236195955077
189.17,0.000641989879432301
189.18,0.0006426857515232
189.19,0.000643324466944291
189.2,0.000643906703641718
189.21,0.00064443315220195
189.22,0.000644904522759521
189.23,0.000645321542788535
189.24,0.000645684948389426
189.25,0.000645995487865478
189.26,0.000646253920537939
189.27,0.00064646100987356
189.28,0.00064661752588269
189.29,0.000646724254636714
189.3,0.000646781973768691
189.31,0.000646791466304345
189.32,0.000646753529794501
189.33,0.00064666895132915
189.34,0.000646538521050111
189.35,0.000646363026974729
189.36,0.000646143255112043
189.37,0.000645879987716644
189.38,0.00064557400455553
189.39,0.000645226079463901
189.4,0.000644836978404887
189.41,0.000644407467046109
189.42,0.000643938307533742
189.43,0.000643430248062142
189.44,0.000642884034088564
189.45,0.000642300406655285
189.46,0.000641680095078881
189.47,0.00064102382185317
189.48,0.000640332300108854
189.49,0.000639606234558346
189.5,0.000638846320483219
189.51,0.000638053250628885
189.52,0.000637227701692225
189.53,0.000636370342998757
189.54,0.000635481838519147
189.55,0.000634562839646446
189.56,0.000633613989152524
189.57,0.000632635921898628
189.58,0.000631629262889687
189.59,0.000630594627487482
189.6,0.000629532620113124
189.61,0.000628443834926115
189.62,0.00062732885714178
189.63,0.000626188264358672
189.64,0.000625022628447449
189.65,0.000623832506840095
189.66,0.000622618449673299
189.67,0.000621380996892128
189.68,0.000620120680841906
189.69,0.000618838024569035
189.7,0.000617533544015429
189.71,0.000616207744921638
189.72,0.000614861125095568
189.73,0.000613494176237222
189.74,0.000612107380484787
189.75,0.000610701212646355
189.76,0.000609276138222257
189.77,0.00060783261554491
189.78,0.000606371095724911
189.79,0.000604892021268654
189.8,0.000603395826696324
189.81,0.000601882939404258
189.82,0.000600353780113749
189.83,0.000598808764542052
189.84,0.000597248298815789
189.85,0.000595672783505959
189.86,0.000594082613291115
189.87,0.000592478176165839
189.88,0.000590859854208087
189.89,0.000589228018812801
189.9,0.000587583039773498
189.91,0.000585925279191027
189.92,0.00058425509310069
189.93,0.000582572831544046
189.94,0.000580878838581859
189.95,0.000579173452601596
189.96,0.000577457010566646
189.97,0.000575729840247286
189.98,0.000573992265881944
189.99,0.000572244605084515
190,0.000570487169799514
190.01,0.000568720269104159
190.02,0.000566944206148919
190.03,0.000565159274483767
190.04,0.000563365766935231
190.05,0.000561563969443612
190.06,0.000559754167668674
190.07,0.000557936644557765
190.08,0.000556111674132766
190.09,0.000554279528559186
190.1,0.000552440467965893
190.11,0.000550594756532857
190.12,0.000548742651344289
190.13,0.000546884408100476
190.14,0.000545020279531552
190.15,0.000543150512215966
190.16,0.000541275350108684
190.17,0.000539395024392041
190.18,0.000537509771401587
190.19,0.000535619820001482
190.2,0.000533725397508924
190.21,0.000531826727854999
190.22,0.000529924028738444
190.23,0.000528017515760846
190.24,0.000526107407023301
190.25,0.000524193912094111
190.26,0.000522277240091095
190.27,0.000520357590564209
190.28,0.000518435160511576
190.29,0.000516510149548475
190.3,0.000514582751244527
190.31,0.000512653156440648
190.32,0.00051072155298605
190.33,0.000508788125218299
190.34,0.000506853054710522
190.35,0.000504916520414696
190.36,0.0005029786986018
190.37,0.000501039762296382
190.38,0.000499099881985053
190.39,0.000497159225030287
190.4,0.000495217955670994
190.41,0.000493276236278679
190.42,0.00049133422621461
190.43,0.000489392082332659
190.44,0.000487449959102117
190.45,0.000485508008130652
190.46,0.000483566378666481
190.47,0.000481625217604652
190.48,0.000479684669657964
190.49,0.000477744876901288
190.5,0.00047580597923879
190.51,0.000473868114105655
190.52,0.000471931415954593
190.53,0.000469996017979459
190.54,0.000468062050775954
190.55,0.00046612964257465
190.56,0.000464198918726566
190.57,0.000462270003394265
190.58,0.000460343018180658
190.59,0.000458418082535881
190.6,0.000456495313961323
190.61,0.000454574828299239
190.62,0.000452656738644943
190.63,0.000450741156371662
190.64,0.000448828190880263
190.65,0.000446917949694865
190.66,0.000445010538517503
190.67,0.000443106061003348
190.68,0.000441204619039927
190.69,0.000439306312705682
190.7,0.000437411239737113
190.71,0.000435519495745278
190.72,0.000433631175548844
190.73,0.000431746371736653
190.74,0.000429865175133957
190.75,0.000427987674817645
190.76,0.000426113958143759
190.77,0.000424244110777676
190.78,0.000422378216704179
190.79,0.000420516358253162
190.8,0.000418658616535505
190.81,0.000416805070969776
190.82,0.00041495579912316
190.83,0.000413110877218961
190.84,0.000411270379990893
190.85,0.000409434379911704
190.86,0.00040760294840058
190.87,0.000405776155706636
190.88,0.000403954070375704
190.89,0.000402136759502873
190.9,0.000400324288237452
190.91,0.000398516720740441
190.92,0.000396714119791432
190.93,0.000394916546656377
190.94,0.000393124061208802
190.95,0.000391336722214971
190.96,0.000389554588252273
190.97,0.000387777714799262
190.98,0.000386006156799602
190.99,0.000384239967971158
191,0.000382479200828631
191.01,0.000380723906361338
191.02,0.000378974134543781
191.03,0.000377229934403098
191.04,0.000375491353687297
191.05,0.000373758439023715
191.06,0.000372031235775878
191.07,0.000370309784997946
191.08,0.000368594130904425
191.09,0.00036688431489127
191.1,0.000365180377163732
191.11,0.00036348235674375
191.12,0.000361790293008079
191.13,0.00036010422451339
191.14,0.000358424186585414
191.15,0.000356750214645145
191.16,0.000355082343150794
191.17,0.00035342060561865
191.18,0.00035176503264695
191.19,0.00035011565619343
191.2,0.000348472506612131
191.21,0.00034683561317757
191.22,0.00034520500421282
191.23,0.000343580708063703
191.24,0.000341962753469718
191.25,0.000340351165574798
191.26,0.000338745969975848
191.27,0.000337147191549446
191.28,0.000335554854477009
191.29,0.000333968977331641
191.3,0.000332389582246607
191.31,0.000330816690696442
191.32,0.000329250322294349
191.33,0.000327690495739902
191.34,0.000326137229193659
191.35,0.000324590541401999
191.36,0.000323050447920168
191.37,0.000321516964426563
191.38,0.000319990105800122
191.39,0.000318469886129187
191.4,0.000316956321149721
191.41,0.000315449424726623
191.42,0.00031394920875432
191.43,0.000312455685499077
191.44,0.000310968866694832
191.45,0.000309488763381203
191.46,0.00030801538309474
191.47,0.0003065487370125
191.48,0.000305088834149523
191.49,0.000303635682966132
191.5,0.000302189291381762
191.51,0.000300749665865698
191.52,0.000299316809251658
191.53,0.000297890728952699
191.54,0.000296471429579141
191.55,0.000295058915050755
191.56,0.000293653188594936
191.57,0.000292254254528006
191.58,0.000290862118130733
191.59,0.000289476779807828
191.6,0.000288098241434072
191.61,0.000286726504423867
191.62,0.000285361569746553
191.63,0.000284003437153101
191.64,0.000282652106067546
191.65,0.000281307576301273
191.66,0.00027996984675661
191.67,0.000278638915894382
191.68,0.000277314781744083
191.69,0.00027599744161971
191.7,0.000274686892627225
191.71,0.000273383131545014
191.72,0.000272086154655
191.73,0.000270795957838358
191.74,0.000269512536584299
191.75,0.000268235885802754
191.76,0.000266966000236701
191.77,0.000265702874218321
191.78,0.000264446501690811
191.79,0.000263196876238603
191.8,0.000261953991087422
191.81,0.000260717838588018
191.82,0.000259488411450485
191.83,0.000258265701771968
191.84,0.000257049701307948
191.85,0.000255840401478592
191.86,0.000254637793462661
191.87,0.000253441868543904
191.88,0.000252252616985463
191.89,0.000251070029050472
191.9,0.000249894094716969
191.91,0.000248724803685433
191.92,0.000247562145386333
191.93,0.000246406108727261
191.94,0.000245256682404456
191.95,0.000244113855154097
191.96,0.000242977615288187
191.97,0.000241847950869514
191.98,0.000240724849718127
191.99,0.000239608299417826
192,0.000238498287050325
192.01,0.000237394799798515
192.02,0.00023629782454421
192.03,0.000235207347923089
192.04,0.000234123356357143
192.05,0.00023304583606054
192.06,0.000231974773042095
192.07,0.00023091015310423
192.08,0.000229851961877876
192.09,0.000228800184801105
192.1,0.00022775480713298
192.11,0.000226715813959386
192.12,0.000225683190198883
192.13,0.000224656920474745
192.14,0.000223636989310838
192.15,0.00022262338118213
192.16,0.000221616080343932
192.17,0.000220615070905664
192.18,0.0002196203368362
192.19,0.000218631861969232
192.2,0.000217649629795501
192.21,0.000216673623955673
192.22,0.00021570382787702
192.23,0.000214740224856568
192.24,0.000213782798075814
192.25,0.000212831530605594
192.26,0.000211886405219093
192.27,0.000210947404228449
192.28,0.000210014510601155
192.29,0.000209087706857747
192.3,0.000208166975408909
192.31,0.000207252298558883
192.32,0.000206343658508828
192.33,0.000205441037994153
192.34,0.000204544419164957
192.35,0.00020365378379979
192.36,0.000202769113872662
192.37,0.000201890391290436
192.38,0.000201017597897207
192.39,0.000200150715478718
192.4,0.00019928972576677
192.41,0.000198434610115153
192.42,0.00019758535009349
192.43,0.000196741927363799
192.44,0.000195904323408757
192.45,0.000195072519669405
192.46,0.000194246497549048
192.47,0.000193426238417137
192.48,0.00019261172361315
192.49,0.000191802933779659
192.5,0.000190999850085138
192.51,0.000190202453929218
192.52,0.000189410726414232
192.53,0.000188624648612403
192.54,0.000187844201568685
192.55,0.000187069366303587
192.56,0.000186300123816032
192.57,0.000185536455155838
192.58,0.00018477834129843
192.59,0.000184025763182508
192.6,0.000183278701764955
192.61,0.000182537137997228
192.62,0.000181801052828326
192.63,0.000181070427207702
192.64,0.000180345242088228
192.65,0.000179625478540561
192.66,0.000178911117548749
192.67,0.000178202140074845
192.68,0.000177498527140101
192.69,0.000176800259787077
192.7,0.000176107319082728
192.71,0.000175419686121534
192.72,0.00017473734202861
192.73,0.000174060267266615
192.74,0.000173388442948993
192.75,0.000172721850421251
192.76,0.000172060470805962
192.77,0.000171404285252355
192.78,0.000170753274938378
192.79,0.000170107421072769
192.8,0.000169466704897115
192.81,0.00016883110756878
192.82,0.000168200610389633
192.83,0.000167575194729834
192.84,0.000166954841956631
192.85,0.000166339533477156
192.86,0.000165729250740305
192.87,0.000165123975238645
192.88,0.000164523688510283
192.89,0.000163928372468411
192.9,0.000163338008736944
192.91,0.000162752578932734
192.92,0.000162172064843928
192.93,0.000161596448318869
192.94,0.000161025711268234
192.95,0.000160459835667141
192.96,0.000159898803557291
192.97,0.000159342597049089
192.98,0.000158791198232759
192.99,0.000158244588419455
193,0.000157702750493111
193.01,0.000157165666760331
193.02,0.00015663331959606
193.03,0.000156105691445193
193.04,0.00015558276482418
193.05,0.000155064522322641
193.06,0.000154550946604984
193.07,0.000154042020411995
193.08,0.000153537726120329
193.09,0.000153038046336156
193.1,0.000152542964306694
193.11,0.000152052463000499
193.12,0.000151566525460479
193.13,0.000151085134805025
193.14,0.000150608274229168
193.15,0.000150135927005717
193.16,0.000149668076486409
193.17,0.000149204706103049
193.18,0.000148745800256722
193.19,0.000148291342157883
193.2,0.000147841315499705
193.21,0.00014739570414637
193.22,0.000146954492058431
193.23,0.00014651766329443
193.24,0.00014608520201253
193.25,0.000145657092472124
193.26,0.000145233319035473
193.27,0.00014481386592573
193.28,0.000144398717167773
193.29,0.000143987857808771
193.3,0.000143581272551698
193.31,0.000143178946201053
193.32,0.00014278086366403
193.33,0.000142387009951708
193.34,0.000141997370180238
193.35,0.000141611929572018
193.36,0.000141230673456882
193.37,0.00014085358591198
193.38,0.000140480652553076
193.39,0.000140111859314604
193.4,0.000139747191766579
193.41,0.000139386635570968
193.42,0.000139030176481899
193.43,0.000138677800345864
193.44,0.000138329493101938
193.45,0.000137985240781966
193.46,0.00013764502968404
193.47,0.000137308847695864
193.48,0.000136976680144021
193.49,0.000136648513612238
193.5,0.000136324334797721
193.51,0.000136004130512293
193.52,0.000135687887683519
193.53,0.000135375593355842
193.54,0.000135067234691707
193.55,0.000134762798972694
193.56,0.000134462273813474
193.57,0.000134165646853423
193.58,0.000133872905599553
193.59,0.00013358403785516
193.6,0.000133299031551555
193.61,0.000133017874749329
193.62,0.00013274055563962
193.63,0.000132467062545363
193.64,0.000132197383922564
193.65,0.000131931508361555
193.66,0.000131669424588261
193.67,0.000131411119324286
193.68,0.000131156580931396
193.69,0.00013090579961773
193.7,0.000130658764360561
193.71,0.000130415464250183
193.72,0.000130175888489984
193.73,0.000129940026396531
193.74,0.000129707867399654
193.75,0.000129479401042519
193.76,0.000129254616981716
193.77,0.000129033504987335
193.78,0.000128816055393567
193.79,0.00012860225824185
193.8,0.000128392103474617
193.81,0.00012818558137432
193.82,0.000127982682342772
193.83,0.000127783396901454
193.84,0.000127587715691816
193.85,0.000127395629475587
193.86,0.000127207129135072
193.87,0.00012702220567346
193.88,0.000126840850215124
193.89,0.000126663055909361
193.9,0.000126488813994034
193.91,0.000126318115442429
193.92,0.000126150952087626
193.93,0.000125987315906294
193.94,0.000125827199019854
193.95,0.000125670593695623
193.96,0.00012551749234797
193.97,0.000125367887539476
193.98,0.000125221771982079
193.99,0.000125079138538236
194,0.00012493997813973
194.01,0.000124804284386557
194.02,0.000124672050984045
194.03,0.000124543271186951
194.04,0.000124417938385457
194.05,0.000124296046105475
194.06,0.00012417758800896
194.07,0.000124062557894208
194.08,0.000123950949696171
194.09,0.000123842757486758
194.1,0.000123737975475143
194.11,0.000123636597379502
194.12,0.000123538617890158
194.13,0.000123444031699418
194.14,0.000123352833507037
194.15,0.000123265018145784
194.16,0.000123180580581518
194.17,0.000123099515913258
194.18,0.000123021819373259
194.19,0.000122947486327079
194.2,0.000122876512273657
194.21,0.000122808892845382
194.22,0.000122744624940616
194.23,0.000122683703971642
194.24,0.000122626125918883
194.25,0.000122571887052006
194.26,0.000122520983784115
194.27,0.000122473412672218
194.28,0.000122429170417683
194.29,0.000122388253866705
194.3,0.000122350660010762
194.31,0.00012231638598708
194.32,0.000122285429079094
194.33,0.000122257787410278
194.34,0.000122233458123542
194.35,0.00012221243892344
194.36,0.000122194727713929
194.37,0.000122180322549678
194.38,0.000122169221636589
194.39,0.000122161423332332
194.4,0.000122156926146869
194.41,0.000122155728742983
194.42,0.000122157829936812
194.43,0.000122163228698367
194.44,0.000122171924152072
194.45,0.000122183915577284
194.46,0.000122199202408825
194.47,0.000122217784235388
194.48,0.000122239660698102
194.49,0.000122264831778868
194.5,0.000122293297535425
194.51,0.000122325058183308
194.52,0.00012236011409637
194.53,0.0001223984658073
194.54,0.00012244011400814
194.55,0.000122485059550806
194.56,0.000122533303447605
194.57,0.000122584846871754
194.58,0.000122639691157901
194.59,0.00012269783780264
194.6,0.000122759288465034
194.61,0.000122824044967129
194.62,0.000122892109243948
194.63,0.000122963483054248
194.64,0.000123038169017951
194.65,0.000123116169595753
194.66,0.000123197487412582
194.67,0.000123282125258074
194.68,0.000123370086087057
194.69,0.000123461373020016
194.7,0.000123555989343579
194.71,0.000123653938510991
194.72,0.000123755224142589
194.73,0.00012385985002628
194.74,0.000123967820118015
194.75,0.000124079138542272
194.76,0.000124193809592525
194.77,0.000124311837701968
194.78,0.000124433227401596
194.79,0.000124557983582465
194.8,0.000124686111212858
194.81,0.000124817615432004
194.82,0.00012495250155055
194.83,0.000125090775051018
194.84,0.000125232441588268
194.85,0.000125377506989966
194.86,0.000125525977257041
194.87,0.000125677858564152
194.88,0.00012583315726015
194.89,0.000125991879868541
194.9,0.00012615403308795
194.91,0.000126319623792583
194.92,0.000126488659957913
194.93,0.000126661150462887
194.94,0.000126837101075992
194.95,0.000127016519505391
194.96,0.000127199413646323
194.97,0.000127385791581846
194.98,0.000127575661583594
194.99,0.000127769032112517
195,0.000127965911819637
195.01,0.000128166309546794
195.02,0.000128370234327394
195.03,0.00012857769538716
195.04,0.000128788702144879
195.05,0.000129003264213152
195.06,0.00012922139139914
195.07,0.000129443094330446
195.08,0.000129668383781964
195.09,0.00012989726943315
195.1,0.000130129761941988
195.11,0.000130365872169455
195.12,0.00013060561118041
195.13,0.000130848990244493
195.14,0.000131096020837019
195.15,0.00013134671463987
195.16,0.000131601083542392
195.17,0.000131859139642284
195.18,0.000132120895246502
195.19,0.000132386362872138
195.2,0.000132655555247331
195.21,0.000132928485312151
195.22,0.000133205165056344
195.23,0.000133485607394611
195.24,0.00013376982679315
195.25,0.000134057836951406
195.26,0.000134349651778254
195.27,0.000134645285392672
195.28,0.000134944752124426
195.29,0.000135248066514742
195.3,0.000135555243316992
195.31,0.000135866297497361
195.32,0.000136181244235537
195.33,0.000136500098925383
195.34,0.000136822877175617
195.35,0.00013714959481049
195.36,0.000137480267870468
195.37,0.000137814915129713
195.38,0.00013815355312916
195.39,0.000138496197304196
195.4,0.000138842864742509
195.41,0.000139193572763936
195.42,0.000139548338921521
195.43,0.000139907181002589
195.44,0.000140270117029798
195.45,0.00014063716526222
195.46,0.000141008344196397
195.47,0.000141383672567407
195.48,0.000141763169349934
195.49,0.000142146853759323
195.5,0.000142534745252657
195.51,0.000142926863529818
195.52,0.000143323232615121
195.53,0.000143723871734344
195.54,0.000144128800054057
195.55,0.000144538038499736
195.56,0.000144951608262314
195.57,0.000145369530799803
195.58,0.000145791827838873
195.59,0.000146218521376463
195.6,0.000146649633681372
195.61,0.000147085187295865
195.62,0.00014752520503726
195.63,0.000147969709999542
195.64,0.000148418725554951
195.65,0.000148872275355585
195.66,0.000149330383334999
195.67,0.000149793069552902
195.68,0.000150260360317002
195.69,0.000150732281111456
195.7,0.000151208856794894
195.71,0.000151690112500027
195.72,0.000152176073634782
195.73,0.000152666765883431
195.74,0.000153162215207708
195.75,0.000153662447847951
195.76,0.000154167490324223
195.77,0.000154677369437438
195.78,0.000155192112270491
195.79,0.000155711746189386
195.8,0.000156236298844364
195.81,0.000156765798171021
195.82,0.000157300273944289
195.83,0.000157839753757343
195.84,0.000158384266322724
195.85,0.000158933840800498
195.86,0.000159488506646802
195.87,0.000160048293615112
195.88,0.000160613231757546
195.89,0.000161183351426132
195.9,0.000161758683274096
195.91,0.000162339258257144
195.92,0.000162925107634742
195.93,0.000163516262971405
195.94,0.000164112756137966
195.95,0.000164714619312875
195.96,0.000165321884983473
195.97,0.000165934597902214
195.98,0.000166552783602118
195.99,0.00016717647622882
196,0.000167805710353689
196.01,0.000168440520937556
196.02,0.000169080943334848
196.03,0.000169727013297708
196.04,0.000170378766980131
196.05,0.00017103624094209
196.06,0.000171699472153648
196.07,0.000172368497999112
196.08,0.000173043350879598
196.09,0.000173724064867654
196.1,0.000174410683134918
196.11,0.000175103243907307
196.12,0.000175801785767526
196.13,0.000176506347656166
196.14,0.000177216968872757
196.15,0.000177933689076842
196.16,0.000178656548289046
196.17,0.000179385586892147
196.18,0.000180120845632148
196.19,0.000180862365619334
196.2,0.000181610181561572
196.21,0.000182364338944543
196.22,0.000183124879981604
196.23,0.000183891846737319
196.24,0.000184665281600137
196.25,0.000185445227281727
196.26,0.000186231726816272
196.27,0.000187024823559786
196.28,0.000187824561189417
196.29,0.000188630983702767
196.3,0.000189444135417198
196.31,0.000190264068735345
196.32,0.000191090840174835
196.33,0.000191924487703918
196.34,0.000192765059588557
196.35,0.00019361260472778
196.36,0.000194467172669012
196.37,0.000195328813623371
196.38,0.000196197578481015
196.39,0.000197073518826446
196.4,0.000197956675032398
196.41,0.000198847099408231
196.42,0.000199744848023965
196.43,0.000200649973160592
196.44,0.000201562527610659
196.45,0.000202482564680712
196.46,0.000203410138193682
196.47,0.000204345302491292
196.48,0.000205288112436473
196.49,0.000206238599640893
196.5,0.00020719683198422
196.51,0.000208162863491626
196.52,0.000209136748137574
196.53,0.000210118540088274
196.54,0.000211108293687341
196.55,0.000212106063441457
196.56,0.000213111904006002
196.57,0.00021412587409322
196.58,0.000215148040339789
196.59,0.000216178453443262
196.6,0.000217217171751199
196.61,0.000218264254175905
196.62,0.000219319760211157
196.63,0.000220383749948983
196.64,0.000221456296861428
196.65,0.000222537469735805
196.66,0.000223627328183461
196.67,0.00022472593978273
196.68,0.000225833373517552
196.69,0.000226949699839469
196.7,0.000228074990729664
196.71,0.000229209275853946
196.72,0.000230352639308529
196.73,0.000231505153388116
196.74,0.000232666886738348
196.75,0.000233837908558446
196.76,0.000235018284132289
196.77,0.000236208050732216
196.78,0.000237407291908983
196.79,0.000238616072839641
196.8,0.000239834458646617
196.81,0.000241062514397677
196.82,0.000242300319941202
196.83,0.000243547963500987
196.84,0.000244805501031397
196.85,0.000246073004446305
196.86,0.000247350546276694
196.87,0.000248638199670626
196.88,0.000249936057042807
196.89,0.000251244197982867
196.9,0.000252562695571113
196.91,0.000253891630557729
196.92,0.000255231084786219
196.93,0.00025658114119342
196.94,0.000257941862135791
196.95,0.000259313339045943
196.96,0.000260695655498361
196.97,0.000262088894728772
196.98,0.000263493140697282
196.99,0.000264908469374468
197,0.000266334922412399
197.01,0.000267772602770529
197.02,0.000269221588413135
197.03,0.000270681957165955
197.04,0.000272153786716188
197.05,0.000273637176381049
197.06,0.000275132229614978
197.07,0.000276639013686549
197.08,0.000278157614827343
197.09,0.000279688119991252
197.1,0.000281230616854478
197.11,0.000282785219122968
197.12,0.000284352019133508
197.13,0.000285931105459409
197.14,0.000287522574956699
197.15,0.000289126525780534
197.16,0.000290743057385201
197.17,0.000292372241205322
197.18,0.000294014188138067
197.19,0.000295668997980812
197.2,0.000297336769986513
197.21,0.000299017604221821
197.22,0.000300711592440777
197.23,0.000302418772724198
197.24,0.000304139272395163
197.25,0.000305873182830847
197.26,0.000307620595066298
197.27,0.000309381599794445
197.28,0.000311156309521116
197.29,0.000312944857074226
197.3,0.000314747315291216
197.31,0.000316563785146321
197.32,0.000318394368376121
197.33,0.000320239167479501
197.34,0.000322098319745745
197.35,0.000323971949167639
197.36,0.000325860152634256
197.37,0.000327763046534393
197.38,0.000329680749026468
197.39,0.000331613380038476
197.4,0.000333561009622413
197.41,0.000335523763313851
197.42,0.000337501765504277
197.43,0.000339495131666786
197.44,0.000341503977993313
197.45,0.000343528420315583
197.46,0.000345568462630604
197.47,0.00034762427766084
197.48,0.000349695971238024
197.49,0.000351783648784385
197.5,0.000353887415312718
197.51,0.000356007375426341
197.52,0.000358143658194639
197.53,0.000360296484562059
197.54,0.000362465898865649
197.55,0.000364652021861056
197.56,0.000366854975387124
197.57,0.000369074882365964
197.58,0.00037131186680291
197.59,0.0003735660684035
197.6,0.000375837636377963
197.61,0.00037812668519819
197.62,0.000380433348414955
197.63,0.000382757761092879
197.64,0.000385100059810377
197.65,0.000387460382659671
197.66,0.000389838785904782
197.67,0.000392235370270694
197.68,0.000394650307612246
197.69,0.000397083722698961
197.7,0.000399535740237985
197.71,0.000402006484874034
197.72,0.00040449608118941
197.73,0.000407004689785615
197.74,0.000409532432527476
197.75,0.000412079430847032
197.76,0.000414645815202916
197.77,0.000417231716482142
197.78,0.000419837266000104
197.79,0.000422462595500575
197.8,0.000425107884870281
197.81,0.000427773247134792
197.82,0.00043045881924265
197.83,0.000433164740951861
197.84,0.000435891152946118
197.85,0.000438638196834802
197.86,0.000441406010596807
197.87,0.000444194703421274
197.88,0.000447004436627982
197.89,0.000449835350801256
197.9,0.000452687587052392
197.91,0.000455561287019651
197.92,0.000458456592868267
197.93,0.000461373639048114
197.94,0.000464312550688874
197.95,0.000467273481186514
197.96,0.000470256571292788
197.97,0.000473261961994076
197.98,0.000476289794511404
197.99,0.000479340210300375
198,0.000482413352640168
198.01,0.000485509364647737
198.02,0.000488628387722612
198.03,0.000491770564676205
198.04,0.000494936038588669
198.05,0.000498124952808911
198.06,0.000501337450954519
198.07,0.000504573670257924
198.08,0.000507833754372
198.09,0.000511117848740983
198.1,0.000514426096817649
198.11,0.000517758642223714
198.12,0.000521115628749761
198.13,0.000524497200355354
198.14,0.000527903476282393
198.15,0.000531334608704012
198.16,0.000534790741177977
198.17,0.000538272014794147
198.18,0.000541778570530146
198.19,0.000545310549251284
198.2,0.0005488680903103
198.21,0.000552451312903218
198.22,0.000556060365855713
198.23,0.000559695385380552
198.24,0.000563356506943778
198.25,0.000567043865224407
198.26,0.000570757594073941
198.27,0.000574497826625197
198.28,0.000578264696262779
198.29,0.000582058333588681
198.3,0.000585878869003444
198.31,0.000589726431916796
198.32,0.00059360115070979
198.33,0.000597503152696722
198.34,0.000601432562869815
198.35,0.000605389499133345
198.36,0.000609374088242815
198.37,0.000613386451321852
198.38,0.000617426708010542
198.39,0.000621494976413232
198.4,0.000625591373046452
198.41,0.000629716010353084
198.42,0.000633868991194021
198.43,0.000638050431144742
198.44,0.000642260437447561
198.45,0.000646499115144851
198.46,0.000650766567005031
198.47,0.000655062893448684
198.48,0.000659388191552011
198.49,0.000663742553881337
198.5,0.000668126074546073
198.51,0.000672538843092977
198.52,0.000676980946242989
198.53,0.000681452467810615
198.54,0.000685953488623313
198.55,0.000690484085582357
198.56,0.000695044331201653
198.57,0.000699634297703003
198.58,0.00070425405257642
198.59,0.000708903659837074
198.6,0.000713583179939452
198.61,0.000718292669691553
198.62,0.000723032176404082
198.63,0.00072780173839902
198.64,0.00073260140539923
198.65,0.00073743121539059
198.66,0.000742291201794386
198.67,0.000747181393351435
198.68,0.000752101814006228
198.69,0.000757052475875103
198.7,0.000762033382754226
198.71,0.000767044547584659
198.72,0.000772085970416345
198.73,0.000777157645411949
198.74,0.000782259560699542
198.75,0.000787391698225569
198.76,0.000792554034528286
198.77,0.000797746539835722
198.78,0.00080296917623244
198.79,0.000808221899892344
198.8,0.000813504660132868
198.81,0.000818817399271396
198.82,0.000824160052481974
198.83,0.000829532546033367
198.84,0.000834934798870587
198.85,0.000840366724477821
198.86,0.000845828227338967
198.87,0.000851319203979502
198.88,0.000856839542817249
198.89,0.000862389124012851
198.9,0.000867967795951142
198.91,0.000873575404858069
198.92,0.000879211811945049
198.93,0.000884876853828111
198.94,0.000890570356831894
198.95,0.00089629213676224
198.96,0.000902041998678454
198.97,0.000907819717663044
198.98,0.000913625066180502
198.99,0.000919457819779749
199,0.000925317731494089
199.01,0.000931204541510452
199.02,0.000937117976883538
199.03,0.000943057751249922
199.04,0.000949023608468898
199.05,0.000955015251798009
199.06,0.000961032346181542
199.07,0.000967074563216768
199.08,0.00097314156170731
199.09,0.000979232987501443
199.1,0.000985348473330345
199.11,0.000991487624031649
199.12,0.000997650041826057
199.13,0.00100383532056036
199.14,0.00101004303439043
199.15,0.00101627274291215
199.16,0.00102252399096134
199.17,0.00102879630841389
199.18,0.00103508914492802
199.19,0.00104140197824495
199.2,0.00104773428499267
199.21,0.00105408550318939
199.22,0.00106045504978413
199.23,0.00106684232314677
199.24,0.00107324671949376
199.25,0.00107966758389944
199.26,0.00108610425056437
199.27,0.00109255603106888
199.28,0.00109902221390133
199.29,0.00110550216729971
199.3,0.00111199523248315
199.31,0.00111850065380622
199.32,0.00112501771170607
199.33,0.00113154567500619
199.34,0.00113808360845734
199.35,0.00114463078919781
199.36,0.00115118639724191
199.37,0.00115774956673095
199.38,0.00116431932156192
199.39,0.00117089478918587
199.4,0.00117747502572944
199.41,0.00118405907549737
199.42,0.0011906459647826
199.43,0.00119723467686042
199.44,0.00120382417972606
199.45,0.0012104134797067
199.46,0.00121700152965281
199.47,0.00122358724410816
199.48,0.00123016953293872
199.49,0.00123674728234254
199.5,0.00124331936439638
199.51,0.00124988463057298
199.52,0.00125644190610177
199.53,0.00126298996006292
199.54,0.00126952758786445
199.55,0.0012760535465558
199.56,0.00128256657790707
199.57,0.00128906540751489
199.58,0.00129554872727494
199.59,0.00130201521349501
199.6,0.00130846353811845
199.61,0.0013148923975755
199.62,0.00132130039921353
199.63,0.00132768615919107
199.64,0.00133404828219868
199.65,0.0013403854135914
199.66,0.0013466961066176
199.67,0.00135297892645992
199.68,0.00135923242299361
199.69,0.00136545519694642
199.7,0.00137164575938673
199.71,0.00137780263285134
199.72,0.00138392432808585
199.73,0.00139000942803241
199.74,0.00139605643187454
199.75,0.00140206383123251
199.76,0.00140803012070848
199.77,0.00141395387908884
199.78,0.00141983363730294
199.79,0.00142566787785074
199.8,0.00143145510925162
199.81,0.0014371939015379
199.82,0.00144288285103141
199.83,0.00144852048379692
199.84,0.00145410537371407
199.85,0.0014596361085889
199.86,0.00146511133619567
199.87,0.00147052967433398
199.88,0.00147588977907709
199.89,0.00148119033095323
199.9,0.00148643004989241
199.91,0.00149160769568139
199.92,0.00149672203469156
199.93,0.0015017718787526
199.94,0.00150675607653311
199.95,0.00151167355932873
199.96,0.00151652326021766
199.97,0.00152130416764554
199.98,0.0015260153230934
199.99,0.0015306558323712
200,0.00153522487684421
200.01,0.00153972166438832
200.02,0.00154414547997722
200.03,0.00154849567513864
200.04,0.00155277168039347
200.05,0.00155697299175536
200.06,0.00156109918121201
200.07,0.00156514990140593
200.08,0.0015691248941446
200.09,0.00157302400774077
200.1,0.00157684715063331
200.11,0.00158059433679033
200.12,0.00158426567746916
200.13,0.00158786138150256
200.14,0.00159138176307622
200.15,0.00159482724400315
200.16,0.00159819835538968
200.17,0.00160149573731834
200.18,0.00160472011257346
200.19,0.00160787236379857
200.2,0.00161095347793834
200.21,0.00161396456461904
200.22,0.00161690683313012
200.23,0.0016197816181376
200.24,0.00162259040843535
200.25,0.00162533480996616
200.26,0.0016280165611945
200.27,0.00163063745698718
200.28,0.00163319951291937
200.29,0.00163570485028617
200.3,0.00163815572518481
200.31,0.00164055448979825
200.32,0.00164290358274497
200.33,0.0016452056738098
200.34,0.0016474635256228
200.35,0.00164968003470344
200.36,0.00165185810170373
200.37,0.0016540008581415
200.38,0.00165611156321963
200.39,0.0016581935800286
200.4,0.00166025036557615
200.41,0.00166228538001708
200.42,0.00166430235846484
200.43,0.00166630508339256
200.44,0.00166829744400536
200.45,0.00167028333605292
200.46,0.00167226678240257
200.47,0.00167425195516932
200.48,0.00167624307790144
200.49,0.0016782444532036
200.5,0.00168026028123329
200.51,0.00168229504317024
200.52,0.0016843532050257
200.53,0.00168643928869063
200.54,0.00168855780624079
200.55,0.00169071325320243
200.56,0.00169291028460175
200.57,0.00169515352617113
200.58,0.00169744762224564
200.59,0.00169979718096016
200.6,0.00170220685325036
200.61,0.00170468128889234
200.62,0.00170722512072575
200.63,0.00170984295602503
200.64,0.00171253932748287
200.65,0.00171531880590354
200.66,0.00171818589676725
200.67,0.00172114505949111
200.68,0.00172420070961734
200.69,0.00172735720345912
200.7,0.00173061882440484
200.71,0.00173398978857118
200.72,0.00173747423419364
200.73,0.0017410763199186
200.74,0.00174480000364435
200.75,0.00174864918977831
200.76,0.00175262768972757
200.77,0.00175673925571335
200.78,0.00176098760375667
200.79,0.0017653762282696
200.8,0.00176990856458151
200.81,0.00177458793690211
200.82,0.00177941768073954
200.83,0.0017844009401691
200.84,0.00178954071795028
200.85,0.00179483993043358
200.86,0.00180030138914203
200.87,0.00180592790282555
200.88,0.0018117220156429
200.89,0.00181768620843643
200.9,0.00182382284282961
200.91,0.00183013428944544
200.92,0.00183662284012558
200.93,0.00184329051313177
200.94,0.00185013929948933
200.95,0.00185717108586962
200.96,0.00186438779812372
200.97,0.00187179112366206
200.98,0.00187938268742052
200.99,0.00188716403290274
201,0.00189513660497098
201.01,0.00190330173701649
201.02,0.00191166070631075
201.03,0.00192021468757239
201.04,0.00192896476693625
201.05,0.00193791209733632
201.06,0.0019470577328237
201.07,0.00195640259566611
201.08,0.00196594760256919
201.09,0.0019756935547316
201.1,0.00198564127250465
201.11,0.00199579151744006
201.12,0.00200614499364316
201.13,0.00201670228361085
201.14,0.00202746402078292
201.15,0.00203843076292995
201.16,0.00204960305605622
201.17,0.00206098143714356
201.18,0.00207256636848547
201.19,0.0020843583071686
201.2,0.00209635772779737
201.21,0.00210856507757557
201.22,0.00212098078500253
201.23,0.00213360528415845
201.24,0.00214643894788373
201.25,0.00215948221072092
201.26,0.00217273548883131
201.27,0.00218619919548577
201.28,0.00219987372159884
201.29,0.00221375950006818
201.3,0.00222785696020203
201.31,0.00224216654516323
201.32,0.00225668871316429
201.33,0.00227142393625367
201.34,0.00228637270739285
201.35,0.00230153552898166
201.36,0.00231691290797086
201.37,0.00233250540607211
201.38,0.00234831359831155
201.39,0.00236433807379724
201.4,0.00238057939736002
201.41,0.00239703822729512
201.42,0.00241371522321132
201.43,0.00243061106929144
201.44,0.00244772644263845
201.45,0.00246506208737148
201.46,0.00248261876078657
201.47,0.00250039724817703
201.48,0.00251839832213375
201.49,0.00253662282347862
201.5,0.00255507160742135
201.51,0.00257374555473948
201.52,0.00259264551132268
201.53,0.00261177238952712
201.54,0.00263112712429383
201.55,0.00265071066146695
201.56,0.00267052393796274
201.57,0.0026905679150844
201.58,0.00271084358159057
201.59,0.00273135193054054
201.6,0.00275209396539989
201.61,0.00277307069966327
201.62,0.00279428315733607
201.63,0.00281573237011869
201.64,0.00283741936658522
201.65,0.00285934516597949
201.66,0.00288151081421286
201.67,0.00290391734827591
201.68,0.00292656579729152
201.69,0.00294945716128565
201.7,0.0029725924677976
201.71,0.00299597272295103
201.72,0.00301959892477064
201.73,0.00304347209021998
201.74,0.00306759318900714
201.75,0.00309196319071448
201.76,0.00311658305097031
201.77,0.00314145372196736
201.78,0.00316657612787132
201.79,0.00319195117947008
201.8,0.00321757976952866
201.81,0.00324346279333279
201.82,0.00326960111097624
201.83,0.00329599556274827
201.84,0.00332264697149524
201.85,0.00334955613868678
201.86,0.00337672384355168
201.87,0.00340415084210463
201.88,0.00343183786609696
201.89,0.00345978563899855
201.9,0.00348799486440563
201.91,0.00351646620287859
201.92,0.00354520029944082
201.93,0.00357419779339058
201.94,0.00360345932566186
201.95,0.00363298547355251
201.96,0.00366277681124606
201.97,0.00369283389130136
201.98,0.00372315723935332
201.99,0.00375374736724017
202,0.00378460476300081
202.01,0.00381572987542414
202.02,0.00384712313943102
202.03,0.0038787849655635
202.04,0.00391071576288122
202.05,0.0039429159602546
202.06,0.00397538591640202
202.07,0.00400812599767124
202.08,0.00404113651482286
202.09,0.00407441780227172
202.1,0.00410797016627617
202.11,0.00414179388131939
202.12,0.00417588919694166
202.13,0.00421025635810931
202.14,0.00424489558636053
202.15,0.00427980712407188
202.16,0.0043149911570811
202.17,0.00435044787036899
202.18,0.00438617745692634
202.19,0.00442218009504681
202.2,0.00445845594731769
202.21,0.00449500515549252
202.22,0.00453182778730731
202.23,0.00456892396754532
202.24,0.00460629377685951
202.25,0.00464393726422682
202.26,0.00468185446468691
202.27,0.00472004538961467
202.28,0.00475851006937473
202.29,0.00479724857288743
202.3,0.00483626088129401
202.31,0.00487554700060287
202.32,0.00491510688196999
202.33,0.00495494051678161
202.34,0.00499504787317412
202.35,0.00503542886694549
202.36,0.00507608338799492
202.37,0.00511701134513288
202.38,0.00515821261595651
202.39,0.00519968711085579
202.4,0.00524143466959991
202.41,0.0052834551355079
202.42,0.00532574834895748
202.43,0.00536831413317005
202.44,0.00541115229611883
202.45,0.00545426263246175
202.46,0.00549764490466234
202.47,0.00554129888317989
202.48,0.00558522431643466
202.49,0.00562942093336114
202.5,0.00567388844841177
202.51,0.00571862656219666
202.52,0.00576363495908214
202.53,0.00580891331608249
202.54,0.00585446128538588
202.55,0.00590027850692704
202.56,0.00594636460622958
202.57,0.00599271919346126
202.58,0.00603934186284469
202.59,0.00608623219321561
202.6,0.00613338974351931
202.61,0.00618081406124753
202.62,0.00622850467624336
202.63,0.00627646110134998
202.64,0.00632468283275433
202.65,0.00637316935054791
202.66,0.00642192011785117
202.67,0.00647093458404461
202.68,0.0065202121780484
202.69,0.00656975231307504
202.7,0.00661955438531308
202.71,0.00666961777893025
202.72,0.00671994185582981
202.73,0.00677052596291855
202.74,0.00682136943023469
202.75,0.00687247157014371
202.76,0.00692383167870327
202.77,0.00697544903470427
202.78,0.00702732289975441
202.79,0.00707945251546369
202.8,0.00713183710818603
202.81,0.00718447588640756
202.82,0.00723736804058381
202.83,0.00729051274586116
202.84,0.00734390915802175
202.85,0.00739755641486903
202.86,0.00745145363685788
202.87,0.00750559993001507
202.88,0.0075599943813091
202.89,0.00761463605921583
202.9,0.00766952401560353
202.91,0.00772465728328494
202.92,0.00778003487789476
202.93,0.00783565579838582
202.94,0.00789151902548309
202.95,0.00794762352052402
202.96,0.00800396822719047
202.97,0.00806055207263065
202.98,0.0081173739651869
202.99,0.00817443279510359
203,0.00823172743997073
203.01,0.00828925675531703
203.02,0.00834701957834754
203.03,0.00840501472952352
203.04,0.00846324101154956
203.05,0.00852169721502168
203.06,0.00858038210658942
203.07,0.00863929443761651
203.08,0.00869843294221695
203.09,0.0087577963362291
203.1,0.00881738331216489
203.11,0.00887719255296655
203.12,0.0089372227208323
203.13,0.00899747246020251
203.14,0.00905794039725397
203.15,0.00911862513962647
203.16,0.00917952527840695
203.17,0.00924063938619252
203.18,0.00930196601761391
203.19,0.00936350371890607
203.2,0.00942525101906178
203.21,0.00948720642025455
203.22,0.00954936841296962
203.23,0.00961173547115005
203.24,0.00967430603842915
203.25,0.00973707855075712
203.26,0.00980005142930405
203.27,0.00986322307464143
203.28,0.00992659186973597
203.29,0.00999015619886245
203.3,0.010053914408879
203.31,0.0101178648361444
203.32,0.0101820058015194
203.33,0.0102463356074218
203.34,0.0103108525212518
203.35,0.0103755548179659
203.36,0.0104404407460553
203.37,0.0105055085365643
203.38,0.0105707564085814
203.39,0.0106361825742152
203.4,0.010701785211416
203.41,0.0107675624890941
203.42,0.0108335125601063
203.43,0.010899633562453
203.44,0.0109659236185248
203.45,0.0110323808337214
203.46,0.0110990032985715
203.47,0.0111657890881945
203.48,0.0112327362512703
203.49,0.0112998428275113
203.5,0.0113671068438126
203.51,0.0114345263080781
203.52,0.0115020992120815
203.53,0.0115698235395225
203.54,0.0116376972514047
203.55,0.011705718293401
203.56,0.0117738845969529
203.57,0.0118421940781749
203.58,0.0119106446508678
203.59,0.011979234200438
203.6,0.0120479606014935
203.61,0.0121168217153065
203.62,0.0121858153888569
203.63,0.0122549394313736
203.64,0.01232419166637
203.65,0.0123935698919705
203.66,0.0124630718912846
203.67,0.0125326954344173
203.68,0.0126024382955989
203.69,0.012672298210323
203.7,0.0127422729097009
203.71,0.0128123601114702
203.72,0.0128825575183934
203.73,0.0129528628130318
203.74,0.0130232736746985
203.75,0.0130937877653232
203.76,0.0131644027334301
203.77,0.0132351162171899
203.78,0.0133059258474642
203.79,0.0133768292325525
203.8,0.013447823972457
203.81,0.0135189076550201
203.82,0.0135900778529946
203.83,0.0136613321256461
203.84,0.0137326680266322
203.85,0.0138040830947715
203.86,0.0138755748571793
203.87,0.013947140829397
203.88,0.0140187785151241
203.89,0.0140904854000046
203.9,0.0141622589680763
203.91,0.0142340966883172
203.92,0.0143059960185319
203.93,0.0143779544054648
203.94,0.0144499692849123
203.95,0.0145220380925579
203.96,0.0145941582448551
203.97,0.014666327145541
203.98,0.014738542191473
203.99,0.0148108007696918
204,0.0148831002575744
204.01,0.014955438024798
204.02,0.0150278114336413
204.03,0.0151002178322164
204.04,0.0151726545620567
204.05,0.0152451189559874
204.06,0.0153176083382873
204.07,0.0153901200248495
204.08,0.0154626513223731
204.09,0.0155351995308223
204.1,0.0156077619417318
204.11,0.0156803358388773
204.12,0.0157529184984358
204.13,0.0158255071891494
204.14,0.0158980991760799
204.15,0.0159706917149803
204.16,0.0160432820530553
204.17,0.0161158674322938
204.18,0.0161884450882668
204.19,0.0162610122503013
204.2,0.0163335661433747
204.21,0.016406103989776
204.22,0.0164786229995845
204.23,0.0165511203804272
204.24,0.0166235933348022
204.25,0.016696039060272
204.26,0.0167684547496533
204.27,0.0168408375937978
204.28,0.0169131847756864
204.29,0.0169854934753602
204.3,0.0170577608690536
204.31,0.0171299841292742
204.32,0.0172021604250006
204.33,0.0172742869218754
204.34,0.0173463607836948
204.35,0.0174183791705129
204.36,0.0174903392388733
204.37,0.0175622381434127
204.38,0.01763407303646
204.39,0.017705841068233
204.4,0.0177775393870361
204.41,0.0178491651414853
204.42,0.0179207154822421
204.43,0.0179921875505687
204.44,0.0180635784904447
204.45,0.0181348854451148
204.46,0.0182061055572958
204.47,0.0182772359693863
204.48,0.0183482738236758
204.49,0.0184192162691201
204.5,0.0184900604458936
204.51,0.0185608034980928
204.52,0.0186314425708665
204.53,0.0187019748104583
204.54,0.018772397364425
204.55,0.0188427073818546
204.56,0.018912902012708
204.57,0.0189829784095118
204.58,0.019052933727405
204.59,0.0191227651235251
204.6,0.019192469757596
204.61,0.0192620447921446
204.62,0.0193314873927151
204.63,0.0194007947277685
204.64,0.0194699639687475
204.65,0.019538992291901
204.66,0.01960787687681
204.67,0.0196766149071269
204.68,0.0197452035707897
204.69,0.0198136400602351
204.7,0.0198819215726154
204.71,0.0199500453125099
204.72,0.0200180084861113
204.73,0.0200858083063676
204.74,0.0201534419918797
204.75,0.0202209067670951
204.76,0.0202881998625241
204.77,0.020355318514958
204.78,0.0204222599656006
204.79,0.0204890214639679
204.8,0.020555600267333
204.81,0.0206219936392322
204.82,0.0206881988504989
204.83,0.0207542131794761
204.84,0.0208200339122303
204.85,0.0208856583416223
204.86,0.0209510837617318
204.87,0.0210163074867386
204.88,0.0210813268342866
204.89,0.0211461391306113
204.9,0.0212107417107419
204.91,0.0212751319187033
204.92,0.0213393071077181
204.93,0.0214032646377973
204.94,0.0214670018803612
204.95,0.0215305162179384
204.96,0.0215938050418392
204.97,0.0216568657534854
204.98,0.0217196957646079
204.99,0.0217822924974409
205,0.0218446533845
205.01,0.0219067758659536
205.02,0.0219686573983879
205.03,0.0220302954473856
205.04,0.0220916874899297
205.05,0.0221528310145947
205.06,0.0222137235217369
205.07,0.0222743625236879
205.08,0.0223347455363646
205.09,0.0223948700933157
205.1,0.0224547337458871
205.11,0.022514334053749
205.12,0.0225736685891736
205.13,0.02263273493721
205.14,0.0226915306958557
205.15,0.0227500534750144
205.16,0.022808300885647
205.17,0.0228662705716948
205.18,0.0229239601824172
205.19,0.0229813673805734
205.2,0.0230384898425793
205.21,0.0230953252586606
205.22,0.023151871333008
205.23,0.0232081257814701
205.24,0.0232640863354755
205.25,0.0233197507426879
205.26,0.0233751167639637
205.27,0.0234301821747993
205.28,0.0234849447654793
205.29,0.0235394023412262
205.3,0.0235935527214861
205.31,0.0236473937292349
205.32,0.0237009232215085
205.33,0.0237541390629503
205.34,0.0238070391336491
205.35,0.0238596213292748
205.36,0.0239118835612146
205.37,0.0239638237567079
205.38,0.0240154398567341
205.39,0.0240667297903471
205.4,0.0241176915478997
205.41,0.0241683231169807
205.42,0.0242186225011346
205.43,0.0242685877199655
205.44,0.0243182168092404
205.45,0.0243675078209945
205.46,0.0244164588222133
205.47,0.0244650678799947
205.48,0.0245133331044619
205.49,0.024561252611143
205.5,0.0246088245320132
205.51,0.0246560470155788
205.52,0.0247029182269625
205.53,0.0247494363479888
205.54,0.0247955995772787
205.55,0.024841406130435
205.56,0.0248868542398384
205.57,0.0249319421549886
205.58,0.0249766681425144
205.59,0.0250210304862591
205.6,0.0250650274873661
205.61,0.0251086574643639
205.62,0.0251519187508988
205.63,0.0251948096748297
205.64,0.0252373286198983
205.65,0.0252794739711841
205.66,0.0253212441310774
205.67,0.0253626375193369
205.68,0.0254036525731473
205.69,0.0254442877471763
205.7,0.0254845415092728
205.71,0.0255244123045215
205.72,0.0255638986622522
205.73,0.0256029991009014
205.74,0.0256417121557985
205.75,0.025680036379176
205.76,0.0257179703401777
205.77,0.0257555126248678
205.78,0.0257926618364106
205.79,0.0258294165963814
205.8,0.0258657755408564
205.81,0.025901737323922
205.82,0.0259373006166634
205.83,0.0259724641071749
205.84,0.0260072265005706
205.85,0.0260415865189957
205.86,0.026075542903902
205.87,0.0261090944319397
205.88,0.0261422398659734
205.89,0.0261749779993078
205.9,0.0262073076427012
205.91,0.0262392276243968
205.92,0.0262707367901524
205.93,0.026301834003272
205.94,0.026332518144635
205.95,0.0263627880564732
205.96,0.0263926426684845
205.97,0.0264220809148202
205.98,0.0264511017375297
205.99,0.0264797040952573
206,0.026507886963216
206.01,0.0265356493331583
206.02,0.026562990213349
206.03,0.0265899085853906
206.04,0.0266164034667686
206.05,0.0266424739324566
206.06,0.0266681190451389
206.07,0.0266933378824852
206.08,0.0267181295370488
206.09,0.0267424931161668
206.1,0.0267664277418595
206.11,0.026789932568688
206.12,0.0268130068017763
206.13,0.0268356495773909
206.14,0.0268578600853654
206.15,0.0268796375309715
206.16,0.0269009811348856
206.17,0.0269218901331553
206.18,0.0269423637771655
206.19,0.0269624013336043
206.2,0.0269820021621213
206.21,0.0270011655230045
206.22,0.0270198907372769
206.23,0.0270381771433769
206.24,0.0270560240961705
206.25,0.0270734309669838
206.26,0.0270903971436359
206.27,0.0271069220304707
206.28,0.0271230048927384
206.29,0.0271386451593722
206.3,0.0271538423085736
206.31,0.027168595779453
206.32,0.0271829050239743
206.33,0.0271967695067871
206.34,0.027210188705061
206.35,0.0272231621083183
206.36,0.0272356891969056
206.37,0.0272477694567634
206.38,0.0272594024300541
206.39,0.0272705876464836
206.4,0.0272813246463444
206.41,0.0272916129803
206.42,0.0273014522091686
206.43,0.0273108419037082
206.44,0.0273197816711685
206.45,0.0273282713276414
206.46,0.0273363103873758
206.47,0.027343898507551
206.48,0.0273510353616369
206.49,0.0273577206396556
206.5,0.0273639540484426
206.51,0.0273697352487284
206.52,0.0273750638872119
206.53,0.0273799397566887
206.54,0.0273843625990776
206.55,0.0273883321692485
206.56,0.0273918482349581
206.57,0.0273949105767855
206.58,0.0273975187974922
206.59,0.0273996726675019
206.6,0.0274013720122928
206.61,0.0274026166034297
206.62,0.0274034062163097
206.63,0.0274037406295606
206.64,0.027403619624439
206.65,0.0274030432975427
206.66,0.0274020113182989
206.67,0.0274005235293881
206.68,0.0273985797842973
206.69,0.0273961799458629
206.7,0.0273933238862707
206.71,0.0273900115837264
206.72,0.0273862429533954
206.73,0.0273820178783252
206.74,0.0273773362905035
206.75,0.0273721981331883
206.76,0.0273666033609085
206.77,0.0273605518955232
206.78,0.0273540436119064
206.79,0.0273470785465371
206.8,0.0273396566769716
206.81,0.0273317779900898
206.82,0.0273234424820951
206.83,0.0273146501585142
206.84,0.0273054008008771
206.85,0.0272956945322982
206.86,0.0272855313571533
206.87,0.0272749112843122
206.88,0.0272638343291365
206.89,0.02725230051348
206.9,0.0272403098050812
206.91,0.0272278622226361
206.92,0.0272149578186593
206.93,0.0272015966268085
206.94,0.0271877786860184
206.95,0.0271735040405006
206.96,0.0271587727954891
206.97,0.0271435851389056
206.98,0.027127941068177
206.99,0.0271118406770619
207,0.0270952840671076
207.01,0.0270782713476503
207.02,0.0270608026358152
207.03,0.0270428779296847
207.04,0.0270244974166686
207.05,0.0270056612226376
207.06,0.0269863694782246
207.07,0.0269666223204089
207.08,0.0269464198925163
207.09,0.0269257621965893
207.1,0.0269046492467972
207.11,0.026883081282888
207.12,0.0268610584278108
207.13,0.026838580806961
207.14,0.0268156485481808
207.15,0.0267922617817593
207.16,0.0267684206121181
207.17,0.026744125186553
207.18,0.026719375639475
207.19,0.0266941721070086
207.2,0.0266685147274012
207.21,0.0266424036410243
207.22,0.0266158390446824
207.23,0.0265888211359614
207.24,0.0265613500327791
207.25,0.026533425900934
207.26,0.0265050489097915
207.27,0.0264762192322841
207.28,0.0264469370449114
207.29,0.0264172024170997
207.3,0.0263870155794257
207.31,0.0263563767066977
207.32,0.0263252859741937
207.33,0.0262937435594927
207.34,0.026261749642474
207.35,0.0262293042892591
207.36,0.0261964075694432
207.37,0.0261630597321797
207.38,0.0261292609301553
207.39,0.0260950113152547
207.4,0.0260603110385604
207.41,0.0260251602503526
207.42,0.0259895590462515
207.43,0.0259535075987926
207.44,0.0259170060504477
207.45,0.0258800545413236
207.46,0.0258426532101741
207.47,0.0258048021944006
207.48,0.025766501643944
207.49,0.0257277517613199
207.5,0.0256885526459562
207.51,0.0256489044401358
207.52,0.025608807285656
207.53,0.0255682613238286
207.54,0.02552726669548
207.55,0.0254858235006586
207.56,0.0254439318239669
207.57,0.0254015918358049
207.58,0.0253588036615243
207.59,0.0253155674248716
207.6,0.0252718832479879
207.61,0.025227751251409
207.62,0.0251831714105561
207.63,0.0251381438018331
207.64,0.025092668576943
207.65,0.0250467458196465
207.66,0.0250003756096319
207.67,0.0249535580225154
207.68,0.0249062931298408
207.69,0.0248585809438082
207.7,0.0248104215413832
207.71,0.0247618149816379
207.72,0.0247127613114574
207.73,0.0246632605729858
207.74,0.0246133128036276
207.75,0.0245629180397574
207.76,0.0245120763714666
207.77,0.024460787791946
207.78,0.0244090523274857
207.79,0.0243568700003035
207.8,0.0243042408285449
207.81,0.0242511648262839
207.82,0.0241976419919404
207.83,0.0241436722967307
207.84,0.0240892557553987
207.85,0.0240343923573779
207.86,0.0239790820872147
207.87,0.0239233249245698
207.88,0.023867120750255
207.89,0.0238104694979268
207.9,0.0237533711446732
207.91,0.0236958256224843
207.92,0.0236378328558129
207.93,0.0235793927615283
207.94,0.0235205052102402
207.95,0.0234611701182468
207.96,0.0234013873735067
207.97,0.0233411568558044
207.98,0.0232804784367505
207.99,0.0232193520240603
208,0.0231577775651951
208.01,0.0230957548731749
208.02,0.0230332838122688
208.03,0.022970364241028
208.04,0.022906996012286
208.05,0.0228431790023727
208.06,0.0227789130579049
208.07,0.0227141980131129
208.08,0.0226490337057411
208.09,0.022583419968545
208.1,0.0225173566152701
208.11,0.0224508432247845
208.12,0.0223838797058552
208.13,0.0223164658282277
208.14,0.022248601352369
208.15,0.0221802860294671
208.16,0.0221115196183872
208.17,0.0220423018765793
208.18,0.021972632518294
208.19,0.0219025112656157
208.2,0.0218319378321216
208.21,0.0217609119228806
208.22,0.0216894333408473
208.23,0.0216175017904179
208.24,0.0215451169636848
208.25,0.0214722785683054
208.26,0.0213989863075722
208.27,0.0213252398831912
208.28,0.0212510389882897
208.29,0.0211763833129959
208.3,0.021101272542948
208.31,0.0210257063151193
208.32,0.0209496842170815
208.33,0.0208732059373632
208.34,0.0207962711100213
208.35,0.0207188793608604
208.36,0.0206410304079894
208.37,0.0205627239003983
208.38,0.0204839594444707
208.39,0.0204047366729445
208.4,0.0203250552146282
208.41,0.0202449148258181
208.42,0.0201643150947937
208.43,0.020083255668622
208.44,0.0200017361941836
208.45,0.0199197563101489
208.46,0.0198373156382425
208.47,0.0197544138292816
208.48,0.0196710505206856
208.49,0.019587225348593
208.5,0.019502937993181
208.51,0.0194181881200288
208.52,0.0193329753600841
208.53,0.0192472993654903
208.54,0.0191611597894185
208.55,0.0190745564983581
208.56,0.0189874891258122
208.57,0.0188999573679266
208.58,0.0188119609432367
208.59,0.0187234995957944
208.6,0.0186345731623281
208.61,0.0185451813786394
208.62,0.018455324033895
208.63,0.0183650009339261
208.64,0.0182742119035467
208.65,0.0181829567708002
208.66,0.0180912353812132
208.67,0.0179990476332459
208.68,0.0179063934528709
208.69,0.0178132727322731
208.7,0.0177196854037919
208.71,0.0176256316011742
208.72,0.0175311114142178
208.73,0.0174361248711475
208.74,0.0173406720872228
208.75,0.0172447533954603
208.76,0.0171483690171386
208.77,0.0170515192163132
208.78,0.0169542043236943
208.79,0.0168564246623218
208.8,0.0167581806520543
208.81,0.0166594727352346
208.82,0.0165603014025416
208.83,0.0164606672545715
208.84,0.0163605708490325
208.85,0.0162600128180925
208.86,0.0161589939805905
208.87,0.0160575155711338
208.88,0.0159555783429889
208.89,0.0158531833274378
208.9,0.0157503318727319
208.91,0.0156470255986452
208.92,0.0155432657824525
208.93,0.0154390539874385
208.94,0.0153343918761493
208.95,0.0152292812143261
208.96,0.0151237238756573
208.97,0.0150177217247842
208.98,0.0149112766288578
208.99,0.0148043907054654
209,0.0146970662879693
209.01,0.0145893061904541
209.02,0.0144811128442534
209.03,0.0143724891754101
209.04,0.0142634389700946
209.05,0.0141539654076111
209.06,0.0140440721437585
209.07,0.0139337629308376
209.08,0.0138230418518082
209.09,0.0137119131507604
209.1,0.0136003809353909
209.11,0.0134884498280967
209.12,0.0133761245255038
209.13,0.0132634105127081
209.14,0.0131503130209947
209.15,0.0130368375786249
209.16,0.0129229906920632
209.17,0.0128087788059063
209.18,0.0126942085389938
209.19,0.0125792873013085
209.2,0.0124640228034282
209.21,0.0123484229001047
209.22,0.0122324958440877
209.23,0.0121162502145528
209.24,0.0119996950173857
209.25,0.011882839628023
209.26,0.0117656938404997
209.27,0.0116482677108368
209.28,0.0115305719936687
209.29,0.0114126186563788
209.3,0.0112944191024985
209.31,0.0111759857181213
209.32,0.0110573325071333
209.33,0.0109384730880512
209.34,0.0108194218064468
209.35,0.0107001935292171
209.36,0.0105808038709815
209.37,0.0104612681377369
209.38,0.010341602788272
209.39,0.010221824908818
209.4,0.0101019526619027
209.41,0.00998200418167685
209.42,0.00986199972794121
209.43,0.00974195970788406
209.44,0.00962190519162295
209.45,0.00950185788715418
209.46,0.0093818405434558
209.47,0.00926187615701545
209.48,0.009141988399275
209.49,0.0090222018932619
209.5,0.00890254231650267
209.51,0.00878303567576464
209.52,0.00866370908517559
209.53,0.00854459068763581
209.54,0.00842570910080944
209.55,0.00830709370068241
209.56,0.0081887747764343
209.57,0.00807078327628648
209.58,0.00795315056989079
209.59,0.00783590910897363
209.6,0.00771909162378023
209.61,0.00760273158902799
209.62,0.00748686320306583
209.63,0.00737152077329508
209.64,0.00725673963532233
209.65,0.00714255525458509
209.66,0.00702900345123273
209.67,0.00691612088220121
209.68,0.00680394332873906
209.69,0.00669250792500576
209.7,0.00658185145189532
209.71,0.00647201014504462
209.72,0.00636302131624018
209.73,0.00625492085381428
209.74,0.00614774514981668
209.75,0.00604153045100988
209.76,0.00593631124302149
209.77,0.00583212313341454
209.78,0.00572899994083666
209.79,0.00562697480783329
209.8,0.00552608100040784
209.81,0.00542634887635339
209.82,0.00532780971313121
209.83,0.00523049283526057
209.84,0.00513442551879455
209.85,0.00503963460340929
209.86,0.00494614503230283
209.87,0.00485398012730551
209.88,0.00476316150515267
209.89,0.00467370941589488
209.9,0.00458564190709195
209.91,0.00449897530808381
209.92,0.00441372418257246
209.93,0.00432990090668858
209.94,0.00424751609080257
209.95,0.00416657830163521
209.96,0.00408709391954344
209.97,0.00400906763779507
209.98,0.00393250177884061
209.99,0.00385739678698537
210,0.00378375151036948
210.01,0.00371156238794293
210.02,0.00364082433112713
210.03,0.00357153044949616
210.04,0.00350367181021595
210.05,0.00343723823125681
210.06,0.0033722178013894
210.07,0.00330859689045806
210.08,0.00324636090542905
210.09,0.00318549366837311
210.1,0.00312597771953717
210.11,0.00306779478853461
210.12,0.00301092531850299
210.13,0.00295534887430395
210.14,0.00290104431672961
210.15,0.00284798964917575
210.16,0.00279616227422114
210.17,0.00274553908465428
210.18,0.00269609649862122
210.19,0.00264781057689871
210.2,0.00260065705393374
210.21,0.00255461155156623
210.22,0.00250964950190601
210.23,0.00246574617070556
210.24,0.00242287703003584
210.25,0.0023810174871226
210.26,0.00234014291757741
210.27,0.00230022912774382
210.28,0.00226125197790359
210.29,0.00222318745017431
210.3,0.00218601206237668
210.31,0.00214970250484237
210.32,0.00211423571974485
210.33,0.00207958924349506
210.34,0.0020457408581452
210.35,0.00201266866866585
210.36,0.00198035142467154
210.37,0.0019487681532142
210.38,0.00191789824795791
210.39,0.00188772174783229
210.4,0.00185821901899593
210.41,0.00182937084610513
210.42,0.00180115859977173
210.43,0.00177356403379746
210.44,0.00174656936441798
210.45,0.0017201573555766
210.46,0.00169431119038561
210.47,0.00166901439967463
210.48,0.00164425114389443
210.49,0.00162000599080262
210.5,0.00159626366598615
210.51,0.00157300960407835
210.52,0.00155022956667543
210.53,0.0015279097513355
210.54,0.00150603675253815
210.55,0.0014845975642072
210.56,0.00146357958108693
210.57,0.00144297058988585
210.58,0.00142275876600055
210.59,0.00140293265704716
210.6,0.00138348115004379
210.61,0.00136439353124294
210.62,0.00134565943014073
210.63,0.00132726874114254
210.64,0.00130921176229489
210.65,0.00129147908860074
210.66,0.00127406161777632
210.67,0.00125695055181822
210.68,0.00124013738705354
210.69,0.00122361392517845
210.7,0.00120737238006043
210.71,0.0011914051081943
210.72,0.00117570479766549
210.73,0.00116026439763568
210.74,0.0011450771281222
210.75,0.00113013647943908
210.76,0.00111543619173532
210.77,0.00110097024327431
210.78,0.00108673286447775
210.79,0.00107271851673404
210.8,0.00105892188477296
210.81,0.0010453378733185
210.82,0.0010319616048138
210.83,0.00101878840920192
210.84,0.00100581386702611
210.85,0.000993033710350786
210.86,0.000980443882189174
210.87,0.000968040512570741
210.88,0.000955819913536897
210.89,0.000943778577348255
210.9,0.00093191316655517
210.91,0.000920220533590829
210.92,0.000908697665670722
210.93,0.00089734171529357
210.94,0.000886149985647824
210.95,0.000875119897969765
210.96,0.000864249017712112
210.97,0.000853535056734584
210.98,0.000842975841599438
210.99,0.000832569313587168
211,0.000822313517456002
211.01,0.000812206614688919
211.02,0.000802246860847027
211.03,0.000792432603938976
211.04,0.000782762317773326
211.05,0.000773234518527273
211.06,0.000763847811244613
211.07,0.000754600874254453
211.08,0.000745492467772171
211.09,0.000736521412740729
211.1,0.000727686574391471
211.11,0.000718986876242567
211.12,0.000710421291762938
211.13,0.000701988848451208
211.14,0.000693688593006022
211.15,0.000685519610321836
211.16,0.000677481011671128
211.17,0.000669571999052409
211.18,0.000661791729699712
211.19,0.000654139390845268
211.2,0.000646614187289736
211.21,0.00063921539763481
211.22,0.000631942311699257
211.23,0.000624794157465673
211.24,0.000617770201730885
211.25,0.000610869712355524
211.26,0.000604092061385943
211.27,0.000597436533132567
211.28,0.00059090240948002
211.29,0.000584488985455292
211.3,0.000578195555545795
211.31,0.000572021505135591
211.32,0.000565966092524544
211.33,0.000560028613152837
211.34,0.00055420835406669
211.35,0.000548504637528862
211.36,0.00054291686469763
211.37,0.000537444282865513
211.38,0.000532086195258037
211.39,0.000526841900775184
211.4,0.000521710736396359
211.41,0.000516692031597327
211.42,0.000511785076349639
211.43,0.000506989179095595
211.44,0.00050230364675852
211.45,0.000497727867452519
211.46,0.000493261157962042
211.47,0.000488902845498477
211.48,0.000484652272589692
211.49,0.000480508789662209
211.5,0.0004764717799995
211.51,0.000472540601691941
211.52,0.00046871463407929
211.53,0.00046499326631845
211.54,0.000461375875339157
211.55,0.000457861813123847
211.56,0.000454450502224292
211.57,0.000451141346110018
211.58,0.00044793375496863
211.59,0.000444827241536415
211.6,0.000441821309062335
211.61,0.000438915410062495
211.62,0.000436109055616392
211.63,0.000433401778350302
211.64,0.000430793061354204
211.65,0.000428282477192772
211.66,0.000425869607214743
211.67,0.000423554046307539
211.68,0.000421335392627504
211.69,0.00041921311325332
211.7,0.000417186883611538
211.71,0.000415256317704927
211.72,0.000413421039139861
211.73,0.000411680718305838
211.74,0.000410035095116723
211.75,0.000408483841260829
211.76,0.000407026685012716
211.77,0.00040566333317271
211.78,0.000404393465985088
211.79,0.000403216860340431
211.8,0.000402133271323649
211.81,0.000401142444398562
211.82,0.000400244119856319
211.83,0.000399438072273297
211.84,0.000398724066836558
211.85,0.000398101885399854
211.86,0.000397571316947086
211.87,0.000397132136270505
211.88,0.000396784127625632
211.89,0.000396527059712898
211.9,0.00039636069860406
211.91,0.000396284821025994
211.92,0.000396299191735502
211.93,0.000396403537343982
211.94,0.000396597577875218
211.95,0.000396881038413057
211.96,0.000397253616648616
211.97,0.000397714980894007
211.98,0.000398264780775938
211.99,0.00039890264566052
212,0.000399628175271537
212.01,0.000400440930315448
212.02,0.000401340443988033
212.03,0.000402326216997748
212.04,0.000403397710607564
212.05,0.000404554330118905
212.06,0.000405795442492366
212.07,0.000407120368638237
212.08,0.000408528378037761
212.09,0.000410018687038051
212.1,0.000411590453048758
212.11,0.000413242777827177
212.12,0.000414974707812286
212.13,0.000416785219071787
212.14,0.000418673224556283
212.15,0.000420637569207473
212.16,0.000422677027218305
212.17,0.00042479029967112
212.18,0.000426976020995385
212.19,0.000429232742144207
212.2,0.00043155893667153
212.21,0.000433953015289589
212.22,0.00043641330538834
212.23,0.000438938047243646
212.24,0.000441525415264809
212.25,0.000444173513657392
212.26,0.00044688035106049
212.27,0.000449643868072768
212.28,0.000452461945326232
212.29,0.00045533236681519
212.3,0.000458252848831948
212.31,0.000461221065277833
212.32,0.000464234589741794
212.33,0.00046729093619965
212.34,0.000470387586969928
212.35,0.00047352194209645
212.36,0.000476691344025509
212.37,0.000479893105182267
212.38,0.000483124491193773
212.39,0.000486382709835452
212.4,0.000489664945023775
212.41,0.000492968360426204
212.42,0.000496290072695182
212.43,0.000499627185198252
212.44,0.000502976804769892
212.45,0.000506336004844271
212.46,0.000509701860054889
212.47,0.000513071471511115
212.48,0.000516441924063236
212.49,0.000519810323676239
212.5,0.000523173802377343
212.51,0.000526529515425441
212.52,0.000529874648876789
212.53,0.000533206421453373
212.54,0.000536522091512965
212.55,0.000539818970365618
212.56,0.000543094419879253
212.57,0.00054634586108696
212.58,0.000549570777269299
212.59,0.000552766719245165
212.6,0.000555931292425253
212.61,0.000559062196890498
212.62,0.000562157207999246
212.63,0.000565214145810255
212.64,0.00056823094496111
212.65,0.000571205621242752
212.66,0.000574136262220519
212.67,0.000577021049484011
212.68,0.000579858264571809
212.69,0.000582646272032476
212.7,0.000585383524980899
212.71,0.000588068586820581
212.72,0.000590700105402794
212.73,0.000593276790423245
212.74,0.00059579748641055
212.75,0.000598261118766011
212.76,0.000600666672157222
212.77,0.000603013255710422
212.78,0.000605300058941241
212.79,0.000607526334577682
212.8,0.000609691436910196
212.81,0.000611794804617973
212.82,0.000613835951124916
212.83,0.000615814469922932
212.84,0.000617730037236202
212.85,0.000619582396379942
212.86,0.000621371351631931
212.87,0.000623096794374704
212.88,0.000624758677719358
212.89,0.000626357019539858
212.9,0.000627891902084326
212.91,0.00062936345224557
212.92,0.000630771834824815
212.93,0.000632117278637463
212.94,0.000633400076977764
212.95,0.00063462055633999
212.96,0.000635779088747483
212.97,0.000636876109335541
212.98,0.000637912084545744
212.99,0.000638887512278322
213,0.000639802909509938
213.01,0.000640658842781645
213.02,0.000641455890977624
213.03,0.000642194655891686
213.04,0.00064287576143773
213.05,0.000643499888184545
213.06,0.00064406770574421
213.07,0.000644579913320606
213.08,0.000645037228032563
213.09,0.000645440385449166
213.1,0.000645790119947647
213.11,0.000646087185302782
213.12,0.000646332344821053
213.13,0.000646526366965531
213.14,0.0006466700244139
213.15,0.0006467640917787
213.16,0.000646809355510873
213.17,0.000646806609372465
213.18,0.000646756635888043
213.19,0.00064666022353454
213.2,0.000646518162068089
213.21,0.000646331236130108
213.22,0.000646100229457355
213.23,0.000645825926464238
213.24,0.000645509102322872
213.25,0.000645150529178803
213.26,0.000644750980959099
213.27,0.000644311218530657
213.28,0.000643831998545545
213.29,0.000643314074500836
213.3,0.000642758189120933
213.31,0.0006421650782679
213.32,0.000641535471038897
213.33,0.000640870086689734
213.34,0.000640169635055315
213.35,0.000639434822186258
213.36,0.000638666343996294
213.37,0.000637864884773609
213.38,0.000637031122294274
213.39,0.000636165725694051
213.4,0.000635269353085078
213.41,0.000634342653661028
213.42,0.000633386266840646
213.43,0.000632400822079721
213.44,0.000631386939434727
213.45,0.000630345234311136
213.46,0.000629276307401246
213.47,0.000628180751677585
213.48,0.000627059152909914
213.49,0.000625912085907456
213.5,0.000624740116985389
213.51,0.00062354380405387
213.52,0.000622323695958493
213.53,0.00062108033267365
213.54,0.000619814243578357
213.55,0.000618525948250466
213.56,0.000617215958706537
213.57,0.000615884779114683
213.58,0.000614532909060614
213.59,0.000613160834896541
213.6,0.000611769036535782
213.61,0.000610357983827759
213.62,0.000608928140880438
213.63,0.000607479963155728
213.64,0.000606013899705133
213.65,0.000604530391063697
213.66,0.000603029870596785
213.67,0.000601512765344628
213.68,0.000599979495530667
213.69,0.000598430474159888
213.7,0.000596866107191396
213.71,0.00059528679227431
213.72,0.000593692922521904
213.73,0.000592084883673297
213.74,0.000590463053859565
213.75,0.000588827805656839
213.76,0.000587179504801455
213.77,0.000585518513305511
213.78,0.000583845186035348
213.79,0.000582159871799555
213.8,0.000580462914237885
213.81,0.000578754651617323
213.82,0.000577035417071647
213.83,0.000575305537917252
213.84,0.000573565333270872
213.85,0.000571815120646944
213.86,0.000570055211070755
213.87,0.000568285910660263
213.88,0.000566507520528387
213.89,0.000564720336669606
213.9,0.000562924650326602
213.91,0.000561120751221242
213.92,0.000559308921806579
213.93,0.000557489441268973
213.94,0.000555662583754225
213.95,0.000553828616696224
213.96,0.000551987806730612
213.97,0.000550140415030786
213.98,0.000548286696484942
213.99,0.00054642690209453
214,0.000544561279315635
214.01,0.000542690070954808
214.02,0.000540813525174987
214.03,0.000538931877043929
214.04,0.000537045361806506
214.05,0.000535154208632535
214.06,0.000533258639187798
214.07,0.000531358877925735
214.08,0.00052945514303589
214.09,0.000527547652514187
214.1,0.000525636619198908
214.11,0.00052372225221428
214.12,0.00052180475788583
214.13,0.000519884336330978
214.14,0.00051796118783004
214.15,0.000516035508247967
214.16,0.00051410749045579
214.17,0.000512177324309277
214.18,0.000510245196226619
214.19,0.000508311289693607
214.2,0.000506375786807619
214.21,0.000504438865420818
214.22,0.000502500700787945
214.23,0.000500561465608624
214.24,0.00049862132853928
214.25,0.000496680456060573
214.26,0.000494739012511655
214.27,0.000492797159150249
214.28,0.000490855055068457
214.29,0.000488912856975873
214.3,0.000486970718434382
214.31,0.000485028790848312
214.32,0.000483087222860321
214.33,0.000481146159992128
214.34,0.000479205746462009
214.35,0.000477266123666941
214.36,0.000475327430641805
214.37,0.000473389804105844
214.38,0.000471453378461711
214.39,0.000469518285854277
214.4,0.000467584656196705
214.41,0.000465652617604214
214.42,0.000463722295633196
214.43,0.000461793813881866
214.44,0.000459867293895345
214.45,0.000457942853496088
214.46,0.000456020609570326
214.47,0.000454100676961136
214.48,0.000452183168111099
214.49,0.000450268195088049
214.5,0.000448355867346859
214.51,0.00044644629125523
214.52,0.00044453957197333
214.53,0.000442635812800713
214.54,0.0004407351142813
214.55,0.000438837575481524
214.56,0.000436943294139935
214.57,0.000435052365822573
214.58,0.000433164884277106
214.59,0.000431280942413608
214.6,0.000429400630973367
214.61,0.000427524038562973
214.62,0.000425651252479408
214.63,0.000423782358424178
214.64,0.000421917438620087
214.65,0.000420056574661143
214.66,0.000418199847264602
214.67,0.000416347334894315
214.68,0.000414499114355859
214.69,0.000412655263139408
214.7,0.000410815855868555
214.71,0.00040898096494745
214.72,0.000407150662061493
214.73,0.000405325017562988
214.74,0.000403504097068659
214.75,0.000401687966942479
214.76,0.000399876692983339
214.77,0.000398070338581529
214.78,0.000396268965597728
214.79,0.00039447263639283
214.8,0.000392681410516827
214.81,0.000390895345737923
214.82,0.000389114498976507
214.83,0.00038733892585825
214.84,0.000385568681917731
214.85,0.000383803820625169
214.86,0.000382044394134031
214.87,0.000380290453746426
214.88,0.000378542049696189
214.89,0.000376799228328343
214.9,0.00037506203707743
214.91,0.000373330522452121
214.92,0.000371604729222249
214.93,0.000369884700966359
214.94,0.000368170480300757
214.95,0.000366462108467217
214.96,0.000364759625555718
214.97,0.000363063070553167
214.98,0.000361372481314235
214.99,0.000359687894623058
215,0.000358009349239789
215.01,0.000356336878816039
215.02,0.000354670517567448
215.03,0.000353010298766411
215.04,0.000351356254762353
215.05,0.000349708416665281
215.06,0.000348066813677928
215.07,0.000346431475832092
215.08,0.000344802431537646
215.09,0.000343179708305386
215.1,0.000341563332761691
215.11,0.000339953329957729
215.12,0.000338349723863336
215.13,0.000336752538690638
215.14,0.000335161797200318
215.15,0.000333577521261964
215.16,0.000331999731863022
215.17,0.000330428450963357
215.18,0.000328863698457141
215.19,0.000327305492855185
215.2,0.000325753852514464
215.21,0.000324208795088118
215.22,0.000322670337543774
215.23,0.000321138495145308
215.24,0.000319613283702331
215.25,0.000318094718019647
215.26,0.000316582812175765
215.27,0.000315077579601836
215.28,0.00031357903265751
215.29,0.000312087179954591
215.3,0.000310602034000345
215.31,0.000309123604755764
215.32,0.00030765190142921
215.33,0.000306186932478059
215.34,0.000304728707280332
215.35,0.000303277236219509
215.36,0.000301832524527801
215.37,0.000300394578919288
215.38,0.000298963405563489
215.39,0.000297539010100392
215.4,0.000296121397382488
215.41,0.000294710569868277
215.42,0.000293306532392259
215.43,0.000291909288081885
215.44,0.000290518839521514
215.45,0.000289135188761368
215.46,0.000287758337326459
215.47,0.000286388288483452
215.48,0.000285025042271369
215.49,0.000283668599075655
215.5,0.000282318959026885
215.51,0.000280976121869013
215.52,0.000279640086974412
215.53,0.000278310849613697
215.54,0.000276988407379468
215.55,0.000275672758614332
215.56,0.000274363899948993
215.57,0.000273061827499756
215.58,0.000271766536869197
215.59,0.000270478025072654
215.6,0.000269196289097098
215.61,0.000267921322388148
215.62,0.000266653119610983
215.63,0.000265391675095887
215.64,0.000264136982850695
215.65,0.000262889036354026
215.66,0.000261647828131997
215.67,0.000260413351569436
215.68,0.000259185599255302
215.69,0.000257964563477351
215.7,0.000256750236231806
215.71,0.000255542609197786
215.72,0.000254341671085388
215.73,0.000253147413973712
215.74,0.000251959828197687
215.75,0.000250778903751617
215.76,0.000249604630292118
215.77,0.000248436997141034
215.78,0.000247275993745634
215.79,0.000246121608783605
215.8,0.000244973830629753
215.81,0.000243832647443706
215.82,0.000242698047087601
215.83,0.000241570017130516
215.84,0.00024044854739171
215.85,0.000239333626471394
215.86,0.000238225240471667
215.87,0.000237123376783124
215.88,0.000236028022661293
215.89,0.000234939165239365
215.9,0.000233856791540883
215.91,0.000232780885095529
215.92,0.00023171143165649
215.93,0.000230648418391985
215.94,0.000229591830924014
215.95,0.000228541654673414
215.96,0.000227497874863147
215.97,0.000226460476521594
215.98,0.000225429443827558
215.99,0.000224404761274679
216,0.000223386413258716
216.01,0.000222374383788379
216.02,0.000221368656648828
216.03,0.000220369215427129
216.04,0.000219376046374252
216.05,0.000218389131816262
216.06,0.000217408455381648
216.07,0.000216434000606342
216.08,0.000215465750943529
216.09,0.000214503689704556
216.1,0.00021354779998026
216.11,0.000212598065085197
216.12,0.000211654468158875
216.13,0.000210716992293064
216.14,0.000209785620540589
216.15,0.000208860334812589
216.16,0.000207941117157891
216.17,0.000207027950642845
216.18,0.000206120817620421
216.19,0.000205219700342109
216.2,0.000204324580959127
216.21,0.000203435440795965
216.22,0.000202552261793917
216.23,0.00020167502568938
216.24,0.000200803713979588
216.25,0.000199938308023901
216.26,0.000199078789244734
216.27,0.000198225141088212
216.28,0.00019737734387466
216.29,0.000196535379055148
216.3,0.000195699228049813
216.31,0.000194868872254582
216.32,0.000194044292964053
216.33,0.000193225471373234
216.34,0.000192412388879395
216.35,0.000191605026776147
216.36,0.000190803366354011
216.37,0.000190007388906249
216.38,0.000189217075569034
216.39,0.000188432407366048
216.4,0.000187653365425347
216.41,0.00018687993080637
216.42,0.000186112084534061
216.43,0.000185349807598887
216.44,0.000184593080988345
216.45,0.000183841885977455
216.46,0.000183096203288379
216.47,0.000182356013823109
216.48,0.000181621298453471
216.49,0.000180892038021146
216.5,0.000180168213337642
216.51,0.000179449805838292
216.52,0.000178736796684362
216.53,0.000178029166348582
216.54,0.000177326895695284
216.55,0.000176629965573241
216.56,0.000175938356815684
216.57,0.000175252050240276
216.58,0.000174571028531524
216.59,0.000173895271623846
216.6,0.000173224760516894
216.61,0.000172559476220252
216.62,0.000171899399748584
216.63,0.000171244512121604
216.64,0.000170594795042854
216.65,0.000169950230347189
216.66,0.000169310798637106
216.67,0.000168676481178953
216.68,0.000168047259263385
216.69,0.00016742311420534
216.7,0.000166804027344052
216.71,0.000166189980789609
216.72,0.000165580955707657
216.73,0.000164976933546804
216.74,0.000164377895858038
216.75,0.000163783824226006
216.76,0.000163194700269028
216.77,0.000162610505916358
216.78,0.000162031223362619
216.79,0.000161456833968482
216.8,0.000160887319562562
216.81,0.000160322662012444
216.82,0.000159762843224671
216.83,0.000159207845144746
216.84,0.000158657649757138
216.85,0.000158112239157509
216.86,0.000157571597355406
216.87,0.000157035705326821
216.88,0.000156504545375087
216.89,0.000155978099854151
216.9,0.000155456351168578
216.91,0.000154939281773547
216.92,0.000154426874174849
216.93,0.000153919110928901
216.94,0.000153415976398987
216.95,0.000152917452992844
216.96,0.000152423523128187
216.97,0.000151934169770527
216.98,0.000151449375950052
216.99,0.000150969124761638
217,0.000150493399364834
217.01,0.00015002218298387
217.02,0.000149555459842938
217.03,0.000149093214197692
217.04,0.000148635428720739
217.05,0.000148182087086044
217.06,0.000147733173045533
217.07,0.000147288670429074
217.08,0.000146848563144486
217.09,0.000146412835177541
217.1,0.00014598147066122
217.11,0.000145554454182826
217.12,0.000145131769691185
217.13,0.000144713401527882
217.14,0.000144299334115581
217.15,0.000143889551958015
217.16,0.000143484039639993
217.17,0.000143082781827393
217.18,0.000142685763267174
217.19,0.000142292970630795
217.2,0.000141904388177219
217.21,0.0001415200008138
217.22,0.000141139793798592
217.23,0.000140763752483349
217.24,0.000140391862313524
217.25,0.000140024108828261
217.26,0.000139660477660401
217.27,0.000139300954918878
217.28,0.000138945526549101
217.29,0.000138594178251209
217.3,0.000138246896076361
217.31,0.000137903666171994
217.32,0.000137564474781819
217.33,0.00013722930824582
217.34,0.000136898153000255
217.35,0.00013657099557766
217.36,0.000136247822606841
217.37,0.000135928621741701
217.38,0.000135613379764473
217.39,0.000135302083292449
217.4,0.000134994719426034
217.41,0.000134691275366999
217.42,0.000134391738418472
217.43,0.000134096095984954
217.44,0.000133804335572302
217.45,0.00013351644478774
217.46,0.000133232411339852
217.47,0.000132952225280933
217.48,0.000132675873840252
217.49,0.000132403344680655
217.5,0.000132134626092157
217.51,0.000131869706476422
217.52,0.000131608574346759
217.53,0.000131351218328128
217.54,0.000131097627157132
217.55,0.000130847789682022
217.56,0.0001306016948627
217.57,0.000130359333889183
217.58,0.000130120694885832
217.59,0.00012988576708195
217.6,0.000129654540027191
217.61,0.000129427003391168
217.62,0.000129203146963455
217.63,0.00012898296065358
217.64,0.00012876643449103
217.65,0.000128553558625252
217.66,0.000128344323323427
217.67,0.000128138718768735
217.68,0.000127936735602512
217.69,0.000127738364442168
217.7,0.000127543596024345
217.71,0.000127352421204917
217.72,0.000127164830958992
217.73,0.000126980816380905
217.74,0.000126800368684229
217.75,0.000126623479201763
217.76,0.000126450139529918
217.77,0.000126280342336398
217.78,0.000126114078562879
217.79,0.000125951340094745
217.8,0.000125792118941207
217.81,0.000125636407235309
217.82,0.000125484197233923
217.83,0.000125335481317748
217.84,0.000125190251991316
217.85,0.000125048501882986
217.86,0.000124910224255429
217.87,0.000124775413550666
217.88,0.000124644061539403
217.89,0.000124516161466877
217.9,0.000124391706709072
217.91,0.000124270690772731
217.92,0.000124153107295346
217.93,0.000124038950045166
217.94,0.000123928212921189
217.95,0.000123820889953171
217.96,0.000123716975301619
217.97,0.000123616464080304
217.98,0.000123519350592392
217.99,0.000123425629152147
218,0.000123335294507405
218.01,0.000123248341540328
218.02,0.000123164765267398
218.03,0.000123084560839425
218.04,0.000123007723541539
218.05,0.000122934248793197
218.06,0.00012286413214818
218.07,0.000122797369478636
218.08,0.000122733957671439
218.09,0.000122673891910868
218.1,0.000122617168356772
218.11,0.000122563783307264
218.12,0.000122513733198717
218.13,0.000122467014605763
218.14,0.000122423624241297
218.15,0.000122383558956474
218.16,0.000122346815740708
218.17,0.000122313391721675
218.18,0.000122283285260442
218.19,0.000122256493864711
218.2,0.000122233014586585
218.21,0.000122212845205386
218.22,0.000122195983644193
218.23,0.00012218242796985
218.24,0.000122172176392958
218.25,0.000122165227267882
218.26,0.000122161579092746
218.27,0.000122161230509436
218.28,0.000122164180390695
218.29,0.00012217042899347
218.3,0.000122179974482682
218.31,0.000122192816148951
218.32,0.000122208953430897
218.33,0.00012222838591514
218.34,0.0001222511133363
218.35,0.000122277135576998
218.36,0.000122306452667854
218.37,0.000122339064787487
218.38,0.000122374972262518
218.39,0.000122414176350393
218.4,0.000122456677995773
218.41,0.000122502477455087
218.42,0.00012255157572975
218.43,0.000122603973973819
218.44,0.000122659673493992
218.45,0.000122718675749607
218.46,0.000122780982352644
218.47,0.000122846595067723
218.48,0.000122915515812106
218.49,0.000122987746655693
218.5,0.000123063291756031
218.51,0.000123142152314146
218.52,0.000123224330964461
218.53,0.000123309830534618
218.54,0.000123398654018502
218.55,0.000123490804576787
218.56,0.000123586285537477
218.57,0.00012368510039646
218.58,0.000123787252818046
218.59,0.000123892746635515
218.6,0.000124001585851665
218.61,0.000124113774639355
218.62,0.000124229317395357
218.63,0.00012434821882246
218.64,0.000124470483458789
218.65,0.000124596116177577
218.66,0.00012472512202608
218.67,0.000124857506226164
218.68,0.000124993274174893
218.69,0.000125132431445127
218.7,0.000125274983786104
218.71,0.000125420937124035
218.72,0.000125570297562692
218.73,0.000125723071383999
218.74,0.000125879265048616
218.75,0.000126038885341544
218.76,0.000126201939190602
218.77,0.00012636843346519
218.78,0.000126538375365704
218.79,0.000126711772275797
218.8,0.000126888631763026
218.81,0.000127068961579493
218.82,0.000127252769662501
218.83,0.000127440064135192
218.84,0.000127630853307196
218.85,0.000127825145675277
218.86,0.000128022949923977
218.87,0.000128224274926264
218.88,0.000128429130205293
218.89,0.000128637524947997
218.9,0.00012884946845479
218.91,0.000129064970397598
218.92,0.000129284040643194
218.93,0.000129506689253944
218.94,0.000129732926488582
218.95,0.000129962762802956
218.96,0.000130196208850795
218.97,0.000130433275484461
218.98,0.000130673973755716
218.99,0.000130918314916472
219,0.000131166310419557
219.01,0.000131417972638151
219.02,0.000131673313015326
219.03,0.000131932343601388
219.04,0.000132195076704686
219.05,0.000132461524841873
219.06,0.000132731700738795
219.07,0.000133005617331375
219.08,0.000133283287766499
219.09,0.000133564725402904
219.1,0.000133849943812056
219.11,0.000134138956779044
219.12,0.000134431778303456
219.13,0.000134728422698492
219.14,0.000135028904939966
219.15,0.000135333239270014
219.16,0.000135641440592444
219.17,0.000135953524033143
219.18,0.000136269504941064
219.19,0.000136589398889237
219.2,0.000136913221675764
219.21,0.000137240989324815
219.22,0.000137572718087629
219.23,0.000137908424443515
219.24,0.000138248125100843
219.25,0.000138591836998055
219.26,0.000138939577595665
219.27,0.000139291364625711
219.28,0.000139647215383116
219.29,0.00014000714778036
219.3,0.000140371179968634
219.31,0.000140739330338957
219.32,0.000141111617523318
219.33,0.000141488060395799
219.34,0.000141868678073706
219.35,0.000142253489918697
219.36,0.000142642515537914
219.37,0.000143035774785108
219.38,0.000143433287761774
219.39,0.000143835075457695
219.4,0.000144241158463206
219.41,0.00014465155735047
219.42,0.000145066293272591
219.43,0.000145485387639802
219.44,0.000145908862120736
219.45,0.000146336738643662
219.46,0.000146769039397745
219.47,0.000147205786834296
219.48,0.000147647003668029
219.49,0.000148092712878299
219.5,0.000148542937710375
219.51,0.000148997701676677
219.52,0.000149457028558037
219.53,0.000149920943505117
219.54,0.000150389470628844
219.55,0.000150862634177707
219.56,0.000151340459095153
219.57,0.000151822970605102
219.58,0.000152310194213373
219.59,0.000152802155709132
219.6,0.000153298881166334
219.61,0.000153800396945166
219.62,0.000154306729693479
219.63,0.000154817906348247
219.64,0.000155333954136995
219.65,0.000155854900579247
219.66,0.000156380773487968
219.67,0.000156911602627596
219.68,0.00015744741584489
219.69,0.000157988241490891
219.7,0.000158534108671384
219.71,0.000159085046800706
219.72,0.000159641085603447
219.73,0.000160202255116155
219.74,0.000160768585689023
219.75,0.000161340107987606
219.76,0.000161916852994508
219.77,0.00016249885201109
219.78,0.000163086136659164
219.79,0.000163678738882696
219.8,0.00016427669094951
219.81,0.000164880025749994
219.82,0.000165488776068597
219.83,0.000166102975117417
219.84,0.000166722656493868
219.85,0.000167347854129014
219.86,0.000167978602289312
219.87,0.000168614935578339
219.88,0.000169256888938559
219.89,0.000169904497653047
219.9,0.000170557797347236
219.91,0.000171216823990663
219.92,0.000171881613898706
219.93,0.000172552203734321
219.94,0.000173228630509801
219.95,0.000173910934821888
219.96,0.00017459915256799
219.97,0.00017529332164684
219.98,0.000175993480657857
219.99,0.000176699668571436
220,0.00017741192473114
220.01,0.000178130288855839
220.02,0.000178854801041884
220.03,0.000179585501765268
220.04,0.000180322431883788
220.05,0.000181065632639215
220.06,0.000181815145659436
220.07,0.000182571012960647
220.08,0.000183333276949498
220.09,0.0001841019823217
220.1,0.000184877171153915
220.11,0.000185658887096442
220.12,0.00018644717427676
220.13,0.000187242077235827
220.14,0.000188043640930692
220.15,0.00018885191073713
220.16,0.000189666932452272
220.17,0.000190488752297241
220.18,0.000191317416919766
220.19,0.000192152973396836
220.2,0.000192995468600074
220.21,0.000193844949737994
220.22,0.000194701465882175
220.23,0.000195565065736745
220.24,0.000196435798437619
220.25,0.000197313713554743
220.26,0.000198198861094297
220.27,0.000199091291500906
220.28,0.000199991055659863
220.29,0.000200898204899338
220.3,0.000201812790992605
220.31,0.000202734866160231
220.32,0.000203664484138389
220.33,0.00020460169761062
220.34,0.000205546560064295
220.35,0.000206499125620509
220.36,0.00020745944886671
220.37,0.000208427584859191
220.38,0.00020940358912565
220.39,0.000210387517667685
220.4,0.000211379426963328
220.41,0.000212379373969559
220.42,0.00021338741612484
220.43,0.000214403612559755
220.44,0.000215428024890249
220.45,0.000216460710005314
220.46,0.000217501727806173
220.47,0.00021855113874588
220.48,0.000219609003834638
220.49,0.000220675384645076
220.5,0.000221750343317593
220.51,0.000222833942565636
220.52,0.000223926245453597
220.53,0.0002250273100672
220.54,0.000226137204093753
220.55,0.000227255991984786
220.56,0.00022838373872184
220.57,0.000229520509818422
220.58,0.000230666371321895
220.59,0.000231821389815397
220.6,0.000232985632419757
220.61,0.000234159166795419
220.62,0.000235342058875525
220.63,0.000236534377986006
220.64,0.000237736193560834
220.65,0.000238947575124478
220.66,0.000240168592716321
220.67,0.00024139931689097
220.68,0.000242639818718537
220.69,0.000243890169784981
220.7,0.000245150442192388
220.71,0.000246420712543432
220.72,0.000247701056037819
220.73,0.000248991545161113
220.74,0.000250292255294905
220.75,0.000251603262498888
220.76,0.000252924643520203
220.77,0.000254256475802814
220.78,0.000255598837496915
220.79,0.000256951807471016
220.8,0.000258315465314531
220.81,0.000259689891352823
220.82,0.000261075166655011
220.83,0.000262471373043317
220.84,0.000263878593102441
220.85,0.000265296910188941
220.86,0.00026672640188219
220.87,0.00026816714582962
220.88,0.000269619231431276
220.89,0.000271082742669005
220.9,0.000272557764002123
220.91,0.000274044380357367
220.92,0.000275542677118866
220.93,0.000277052740118063
220.94,0.000278574661128573
220.95,0.0002801085252085
220.96,0.000281654419894146
220.97,0.000283212433736723
220.98,0.000284782655817946
220.99,0.000286365175747362
221,0.000287960083659759
221.01,0.000289567477670847
221.02,0.000291187464754813
221.03,0.000292820129048332
221.04,0.000294465566756875
221.05,0.000296123875136185
221.06,0.000297795152520441
221.07,0.000299479498350505
221.08,0.000301177013202075
221.09,0.000302887775985158
221.1,0.000304611891479724
221.11,0.000306349464643027
221.12,0.000308100596155754
221.13,0.000309865387402374
221.14,0.000311643940471102
221.15,0.000313436358153906
221.16,0.000315242728989447
221.17,0.000317063162420737
221.18,0.000318897762622141
221.19,0.000320746633152956
221.2,0.000322609878115147
221.21,0.000324487602153363
221.22,0.000326379910917108
221.23,0.000328286924244324
221.24,0.000330208741552998
221.25,0.000332145471332349
221.26,0.000334097222755588
221.27,0.00033606410567994
221.28,0.000338046230646633
221.29,0.000340043712057888
221.3,0.00034205668024029
221.31,0.00034408523850172
221.32,0.000346129502747482
221.33,0.000348189589786347
221.34,0.00035026561733056
221.35,0.000352357703995845
221.36,0.000354465962533412
221.37,0.000356590496310981
221.38,0.000358731435741419
221.39,0.000360888899957087
221.4,0.000363063008737966
221.41,0.000365253882511652
221.42,0.000367461642353373
221.43,0.000369686404535857
221.44,0.000371928284760054
221.45,0.000374187409948478
221.46,0.000376463902066564
221.47,0.00037875788358841
221.48,0.000381069477496792
221.49,0.000383398807283112
221.5,0.000385746009846819
221.51,0.000388111216510242
221.52,0.000390494547395742
221.53,0.00039289613105009
221.54,0.000395316096772977
221.55,0.000397754574617026
221.56,0.000400211695387738
221.57,0.000402687593454309
221.58,0.000405182401391541
221.59,0.000407696251790635
221.6,0.000410229278991203
221.61,0.000412781618127592
221.62,0.00041535340512882
221.63,0.000417944776718672
221.64,0.000420555841119114
221.65,0.000423186742616145
221.66,0.000425837620994671
221.67,0.000428508611674982
221.68,0.000431199850517103
221.69,0.000433911473820884
221.7,0.000436643618325946
221.71,0.000439396420491929
221.72,0.000442170018259247
221.73,0.000444964549635117
221.74,0.000447780153033986
221.75,0.000450616967303789
221.76,0.000453475131725884
221.77,0.000456354786015076
221.78,0.000459256076960116
221.79,0.000462179144916999
221.8,0.000465124129973984
221.81,0.000468091174631378
221.82,0.000471080421903465
221.83,0.000474092015318444
221.84,0.000477126098918438
221.85,0.000480182805986349
221.86,0.000483262273276699
221.87,0.000486364652383099
221.88,0.000489490086736517
221.89,0.000492638720074196
221.9,0.000495810696439665
221.91,0.000499006160182744
221.92,0.000502225249103115
221.93,0.000505468089534595
221.94,0.000508734837292069
221.95,0.000512025634941703
221.96,0.000515340625117535
221.97,0.000518679950521475
221.98,0.000522043753923323
221.99,0.00052543217721892
222,0.000528845345107389
222.01,0.000532283409935237
222.02,0.000535746512723194
222.03,0.000539234794396859
222.04,0.00054274839578671
222.05,0.000546287457628114
222.06,0.000549852120561257
222.07,0.000553442506729735
222.08,0.000557058759068902
222.09,0.000560701017221822
222.1,0.000564369417735137
222.11,0.000568064096729515
222.12,0.000571785189899563
222.13,0.000575532816201348
222.14,0.000579307114899513
222.15,0.000583108218861228
222.16,0.000586936259104082
222.17,0.000590791365956545
222.18,0.000594673669057887
222.19,0.000598583277395314
222.2,0.000602520326944171
222.21,0.000606484942422312
222.22,0.000610477247402638
222.23,0.00061449736447795
222.24,0.000618545413849491
222.25,0.00062262148963519
222.26,0.000626725722183416
222.27,0.000630858225907804
222.28,0.000635019113834375
222.29,0.000639208497601539
222.3,0.000643426483817058
222.31,0.00064767315313172
222.32,0.000651948624468509
222.33,0.000656252998924353
222.34,0.000660586375734462
222.35,0.000664948852272323
222.36,0.000669340518074457
222.37,0.000673761440314258
222.38,0.000678211721594289
222.39,0.000682691446604448
222.4,0.000687200697679042
222.41,0.000691739554796789
222.42,0.000696308087138942
222.43,0.000700906344363973
222.44,0.000705534406494825
222.45,0.000710192335648755
222.46,0.000714880190198082
222.47,0.000719598024673451
222.48,0.000724345889667124
222.49,0.000729123825892406
222.5,0.000733931872021767
222.51,0.000738770067494437
222.52,0.000743638443877646
222.53,0.000748537027978649
222.54,0.000753465841726896
222.55,0.000758424902056228
222.56,0.000763414212977858
222.57,0.000768433782127189
222.58,0.000773483610064003
222.59,0.000778563690571181
222.6,0.000783674011561244
222.61,0.000788814554941036
222.62,0.000793985295365038
222.63,0.000799186192179431
222.64,0.000804417212289835
222.65,0.000809678310067343
222.66,0.000814969432872176
222.67,0.000820290520897269
222.68,0.000825641507011705
222.69,0.000831022311790691
222.7,0.000836432845064846
222.71,0.000841873019667129
222.72,0.000847342734833236
222.73,0.000852841881280509
222.74,0.000858370341025338
222.75,0.000863927987200888
222.76,0.000869514676928936
222.77,0.000875130263163571
222.78,0.000880774591770813
222.79,0.000886447496255228
222.8,0.000892148799995564
222.81,0.000897878316041673
222.82,0.000903635846911761
222.83,0.000909421174857412
222.84,0.000915234083718199
222.85,0.000921074341699864
222.86,0.000926941705039905
222.87,0.000932835918126925
222.88,0.000938756713279455
222.89,0.000944703807713971
222.9,0.000950676897364413
222.91,0.000956675681339727
222.92,0.000962699838576109
222.93,0.000968749034397261
222.94,0.000974822920265448
222.95,0.000980921133532218
222.96,0.000987043291523036
222.97,0.000993188997307019
222.98,0.000999357846256516
222.99,0.00100554941425173
223,0.00101176326144257
223.01,0.00101799893197599
223.02,0.00102425595372336
223.03,0.00103053383901994
223.04,0.00103683208236396
223.05,0.00104315016120184
223.06,0.00104948753585817
223.07,0.00105584364905973
223.08,0.00106221792566528
223.09,0.00106860977268932
223.1,0.00107501858444133
223.11,0.00108144372828366
223.12,0.00108788455607981
223.13,0.00109434040065502
223.14,0.00110081057553765
223.15,0.00110729437470068
223.16,0.00111379107121941
223.17,0.00112029991671312
223.18,0.00112682014584609
223.19,0.00113335097103612
223.2,0.00113989158374133
223.21,0.00114644115419461
223.22,0.00115299883113804
223.23,0.00115956374451697
223.24,0.00116613500070033
223.25,0.00117271168192562
223.26,0.00117929284939349
223.27,0.00118587754164343
223.28,0.00119246477429801
223.29,0.00119905353980708
223.3,0.00120564287110559
223.31,0.0012122316999621
223.32,0.001218818955289
223.33,0.00122540354968517
223.34,0.0012319843735
223.35,0.00123856029471245
223.36,0.00124513017642536
223.37,0.00125169295291418
223.38,0.00125824738241643
223.39,0.00126479226741497
223.4,0.00127132639123519
223.41,0.00127784851816861
223.42,0.00128435739359639
223.43,0.00129085172540648
223.44,0.00129733019689105
223.45,0.00130379150625929
223.46,0.00131023431482326
223.47,0.00131665726417083
223.48,0.00132305897619911
223.49,0.00132943805314774
223.5,0.00133579316273941
223.51,0.00134212288059883
223.52,0.00134842574830163
223.53,0.00135470031577369
223.54,0.00136094511721607
223.55,0.00136715867137137
223.56,0.00137333948178995
223.57,0.00137948627835432
223.58,0.00138559747799916
223.59,0.00139167160559307
223.6,0.00139770718442987
223.61,0.00140370273699824
223.62,0.00140965679371987
223.63,0.00141556788766639
223.64,0.0014214345455468
223.65,0.00142725530381014
223.66,0.00143302870501235
223.67,0.00143875329862282
223.68,0.00144442762019165
223.69,0.0014500502436517
223.7,0.00145561974224739
223.71,0.00146113470049094
223.72,0.0014665937153398
223.73,0.00147199546887359
223.74,0.00147733865671337
223.75,0.0014826219175805
223.76,0.00148784395603017
223.77,0.00149300350300197
223.78,0.00149809932617493
223.79,0.00150313041178065
223.8,0.00150809553474906
223.81,0.00151299360599021
223.82,0.00151782358205788
223.83,0.00152258446772053
223.84,0.00152727535268055
223.85,0.00153189537458912
223.86,0.00153644369821596
223.87,0.00154091956760667
223.88,0.0015453222914879
223.89,0.00154965124539717
223.9,0.00155390586564512
223.91,0.00155808567436997
223.92,0.00156219026434507
223.93,0.00156621930665505
223.94,0.00157017255349092
223.95,0.00157404988815402
223.96,0.00157785126718248
223.97,0.00158157670424591
223.98,0.00158522633094539
223.99,0.00158880037866398
224,0.00159229918565277
224.01,0.00159572323333462
224.02,0.00159907306215204
224.03,0.00160234934662663
224.04,0.00160555287906365
224.05,0.00160868457286867
224.06,0.00161174540612188
224.07,0.0016147365085228
224.08,0.00161765917321151
224.09,0.00162051479876923
224.1,0.00162330491584429
224.11,0.0016260311668457
224.12,0.0016286951706012
224.13,0.00163129891144343
224.14,0.00163384441863679
224.15,0.0016363338573708
224.16,0.00163876953085128
224.17,0.00164115373142887
224.18,0.00164348896976006
224.19,0.00164577796295096
224.2,0.00164802350950897
224.21,0.00165022854298356
224.22,0.00165239609314522
224.23,0.00165452911406702
224.24,0.00165663100436894
224.25,0.00165870516543665
224.26,0.00166075512412542
224.27,0.00166278453271772
224.28,0.00166479695763976
224.29,0.00166679617269491
224.3,0.00166878613860635
224.31,0.00167077085334541
224.32,0.00167275438779814
224.33,0.00167474076590296
224.34,0.00167673426473937
224.35,0.0016787391690883
224.36,0.00168075983126581
224.37,0.00168280066090405
224.38,0.00168486612820456
224.39,0.00168696076170077
224.4,0.00168908913799181
224.41,0.00169125586446107
224.42,0.00169346542243711
224.43,0.00169572252382783
224.44,0.0016980318253706
224.45,0.0017003979961528
224.46,0.00170282562821837
224.47,0.00170531931232584
224.48,0.00170788369696777
224.49,0.00171052336876984
224.5,0.00171324288491825
224.51,0.00171604681057955
224.52,0.00171893961384639
224.53,0.00172192573350657
224.54,0.00172500955318995
224.55,0.00172819543247634
224.56,0.00173148767373647
224.57,0.00173489046500643
224.58,0.00173840794069347
224.59,0.00174204415480914
224.6,0.00174580312217221
224.61,0.00174968871392014
224.62,0.00175370472523531
224.63,0.00175785485100028
224.64,0.00176214273439523
224.65,0.00176657194111947
224.66,0.0017711458438269
224.67,0.0017758677412764
224.68,0.00178074081657143
224.69,0.00178576831690612
224.7,0.00179095318096791
224.71,0.00179629828859141
224.72,0.00180180640901335
224.73,0.00180748025643154
224.74,0.0018133224897462
224.75,0.00181933552224561
224.76,0.00182552170953079
224.77,0.00183188329286478
224.78,0.001838422610632
224.79,0.00184514169288624
224.8,0.00185204250843067
224.81,0.00185912694278862
224.82,0.00186639676672588
224.83,0.00187385362744893
224.84,0.0018814991134578
224.85,0.00188933469424823
224.86,0.00189736173743862
224.87,0.00190558172388171
224.88,0.00191399591395133
224.89,0.00192260549865331
224.9,0.00193141162386635
224.91,0.00194041530710562
224.92,0.00194961757877322
224.93,0.00195901938463151
224.94,0.00196862160024759
224.95,0.0019784250289757
224.96,0.00198843044557179
224.97,0.00199863856145476
224.98,0.00200905006181243
224.99,0.0020196655778984
225,0.0020304856914353
225.01,0.00204151095226567
225.02,0.00205274193009946
225.03,0.00206417911426546
225.04,0.00207582299038279
225.05,0.00208767402404522
225.06,0.00209973266035083
225.07,0.00211199934154366
225.08,0.00212447449954551
225.09,0.00213715854852114
225.1,0.00215005189965889
225.11,0.00216315497564462
225.12,0.00217646819756061
225.13,0.00218999195310612
225.14,0.00220372667085604
225.15,0.00221767278132669
225.16,0.00223183072337092
225.17,0.00224620091325214
225.18,0.00226078381638581
225.19,0.00227557990158924
225.2,0.00229058965497386
225.21,0.00230581359976759
225.22,0.00232125226319031
225.23,0.00233690620460898
225.24,0.00235277600568306
225.25,0.00236886222433692
225.26,0.00238516550567918
225.27,0.00240168650228453
225.28,0.00241842588360158
225.29,0.00243538428585195
225.3,0.00245256244532195
225.31,0.0024699610962473
225.32,0.0024875809957406
225.33,0.00250542292003742
225.34,0.00252348767835917
225.35,0.00254177610234812
225.36,0.00256028904301598
225.37,0.00257902736560879
225.38,0.00259799197600645
225.39,0.00261718379797331
225.4,0.00263660375222778
225.41,0.0026562527535961
225.42,0.0026761317825524
225.43,0.0026962418149875
225.44,0.00271658382949128
225.45,0.00273715881132428
225.46,0.00275796776922557
225.47,0.00277901171388178
225.48,0.00280029167185351
225.49,0.00282180867657438
225.5,0.00284356375990924
225.51,0.00286555796236522
225.52,0.00288779230668765
225.53,0.00291026782187019
225.54,0.00293298554563857
225.55,0.00295594650592592
225.56,0.00297915170455094
225.57,0.00300260214496019
225.58,0.00302629882379725
225.59,0.00305024272006965
225.6,0.00307443484017692
225.61,0.00309887614424874
225.62,0.00312356757841454
225.63,0.00314851007867985
225.64,0.00317370459116764
225.65,0.0031991520365295
225.66,0.00322485330864941
225.67,0.00325080929260369
225.68,0.00327702082526817
225.69,0.00330348871608542
225.7,0.00333021378317703
225.71,0.00335719680278261
225.72,0.00338443855573059
225.73,0.00341193983522399
225.74,0.0034397013420687
225.75,0.00346772378234543
225.76,0.00349600785175001
225.77,0.00352455426319531
225.78,0.00355336365790991
225.79,0.0035824366786442
225.8,0.00361177394305821
225.81,0.00364137598393652
225.82,0.00367124338790498
225.83,0.00370137668913612
225.84,0.00373177639581322
225.85,0.00376244302894629
225.86,0.00379337704319647
225.87,0.0038245788831059
225.88,0.00385604896897162
225.89,0.00388778775868612
225.9,0.0039197956562921
225.91,0.0039520730529933
225.92,0.00398462032317636
225.93,0.00401743781660597
225.94,0.00405052588967007
225.95,0.00408388487448507
225.96,0.00411751500145578
225.97,0.00415141656066213
225.98,0.00418558978852793
225.99,0.00422003494426175
226,0.00425475226025776
226.01,0.00428974192645499
226.02,0.00432500414272382
226.03,0.00436053913915721
226.04,0.00439634709173408
226.05,0.00443242818985893
226.06,0.00446878250891407
226.07,0.00450541019127236
226.08,0.00454231134827439
226.09,0.00457948606017668
226.1,0.00461693438221735
226.11,0.00465465635231333
226.12,0.00469265199666495
226.13,0.00473092147601889
226.14,0.00476946477503861
226.15,0.00480828193146208
226.16,0.00484737294351022
226.17,0.00488673774016511
226.18,0.00492637632804575
226.19,0.00496628866486677
226.2,0.00500647468624157
226.21,0.00504693431162786
226.22,0.00508766744760837
226.23,0.00512867398048363
226.24,0.00516995382360041
226.25,0.00521150684003499
226.26,0.00525333288508699
226.27,0.00529543180484231
226.28,0.00533780343367561
226.29,0.00538044759360903
226.3,0.00542336409530057
226.31,0.00546655272324683
226.32,0.00551001322687213
226.33,0.00555374537241268
226.34,0.00559774889658433
226.35,0.00564202353178761
226.36,0.00568656899243051
226.37,0.00573138496957802
226.38,0.00577647114266391
226.39,0.00582182718701868
226.4,0.00586745275275485
226.41,0.00591334747756945
226.42,0.00595951098537537
226.43,0.00600594287284574
226.44,0.00605264273171679
226.45,0.0060996101366392
226.46,0.00614684464511404
226.47,0.00619434579631752
226.48,0.00624211311454931
226.49,0.00629014610742647
226.5,0.0063384442654585
226.51,0.00638700706732763
226.52,0.00643583397171991
226.53,0.00648492442017011
226.54,0.0065342778383579
226.55,0.00658389363616398
226.56,0.00663377120625064
226.57,0.00668390992433165
226.58,0.00673430914950383
226.59,0.00678496822331802
226.6,0.00683588647063444
226.61,0.00688706319947356
226.62,0.00693849770053715
226.63,0.0069901892468459
226.64,0.00704213709421173
226.65,0.007094340481226
226.66,0.0071467986288242
226.67,0.00719951074082205
226.68,0.0072524760032505
226.69,0.00730569358413495
226.7,0.00735916263390014
226.71,0.00741288228563045
226.72,0.00746685165951597
226.73,0.00752106985195966
226.74,0.00757553594397991
226.75,0.00763024899897798
226.76,0.00768520806403481
226.77,0.00774041216849567
226.78,0.00779586032313303
226.79,0.00785155152176061
226.8,0.00790748474039486
226.81,0.00796365893316524
226.82,0.00802007304158978
226.83,0.00807672598741793
226.84,0.00813361667443354
226.85,0.0081907439889826
226.86,0.00824810679942741
226.87,0.00830570395554457
226.88,0.00836353428934555
226.89,0.00842159661507433
226.9,0.00847988973817774
226.91,0.00853841243567425
226.92,0.00859716347099094
226.93,0.00865614159019084
226.94,0.0087153455214298
226.95,0.00877477397539671
226.96,0.00883442564616828
226.97,0.00889429921018452
226.98,0.00895439332651396
226.99,0.00901470662214515
227,0.00907523772441907
227.01,0.00913598523610218
227.02,0.00919694774187184
227.03,0.00925812380827036
227.04,0.00931951200515212
227.05,0.00938111086080096
227.06,0.00944291889348314
227.07,0.009504934605478
227.08,0.00956715648226931
227.09,0.00962958297739119
227.1,0.00969221254242181
227.11,0.00975504360873509
227.12,0.00981807458862799
227.13,0.00988130387675408
227.14,0.0099447298669475
227.15,0.0100083509214824
227.16,0.010072165386105
227.17,0.010136171592876
227.18,0.0102003678576012
227.19,0.0102647524690952
227.2,0.0103293237072381
227.21,0.0103940798373308
227.22,0.0104590191053093
227.23,0.010524139740269
227.24,0.0105894399550277
227.25,0.0106549179453351
227.26,0.0107205718899366
227.27,0.01078639995102
227.28,0.0108524002740566
227.29,0.0109185709972525
227.3,0.0109849102400577
227.31,0.0110514160991274
227.32,0.0111180866595702
227.33,0.0111849199910399
227.34,0.0112519141436814
227.35,0.0113190671520774
227.36,0.0113863770398667
227.37,0.0114538418128029
227.38,0.0115214594611406
227.39,0.0115892279570947
227.4,0.01165714525631
227.41,0.0117252093029078
227.42,0.0117934180234768
227.43,0.0118617693289867
227.44,0.0119302611204194
227.45,0.0119988912875197
227.46,0.0120676576927369
227.47,0.0121365581892868
227.48,0.0122055906156654
227.49,0.0122747527957302
227.5,0.0123440425445696
227.51,0.0124134576595134
227.52,0.0124829959212734
227.53,0.0125526550986637
227.54,0.0126224329467202
227.55,0.0126923272068164
227.56,0.01276233559712
227.57,0.0128324558336143
227.58,0.0129026856152729
227.59,0.0129730226268823
227.6,0.013043464539637
227.61,0.0131140090136411
227.62,0.0131846537071576
227.63,0.013255396247608
227.64,0.0133262342569392
227.65,0.0133971653446559
227.66,0.0134681871079556
227.67,0.0135392971242651
227.68,0.0136104929553586
227.69,0.0136817721641909
227.7,0.0137531322946215
227.71,0.0138245708779497
227.72,0.0138960854329829
227.73,0.0139676734868738
227.74,0.0140393325402064
227.75,0.0141110600763658
227.76,0.0141828535738942
227.77,0.0142547105006779
227.78,0.0143266283141215
227.79,0.0143986044505336
227.8,0.0144706363493221
227.81,0.0145427214349507
227.82,0.0146148571213524
227.83,0.0146870408123144
227.84,0.014759269904473
227.85,0.0148315417946732
227.86,0.0149038538539737
227.87,0.0149762034511549
227.88,0.0150485879462657
227.89,0.0151210046908123
227.9,0.0151934510087751
227.91,0.0152659242116484
227.92,0.0153384216298361
227.93,0.0154109405699857
227.94,0.0154834783290247
227.95,0.0155560321941958
227.96,0.015628599496973
227.97,0.0157011775167427
227.98,0.0157737635177829
227.99,0.0158463547710192
228,0.0159189485415239
228.01,0.0159915420886407
228.02,0.0160641326331107
228.03,0.0161367174333569
228.04,0.0162092937255788
228.05,0.0162818587401048
228.06,0.0163544097015745
228.07,0.016426943824618
228.08,0.0164994583066916
228.09,0.0165719503602676
228.1,0.0166444171834359
228.11,0.0167168559685434
228.12,0.0167892639023056
228.13,0.0168616381837982
228.14,0.0169339760053118
228.15,0.0170062745335958
228.16,0.0170785309430724
228.17,0.0171507424045304
228.18,0.0172229060853318
228.19,0.0172950191522986
228.2,0.0173670787739447
228.21,0.0174390821064158
228.22,0.0175110263078584
228.23,0.0175829085344212
228.24,0.0176547259404886
228.25,0.0177264756775209
228.26,0.0177981548787942
228.27,0.0178697607007192
228.28,0.0179412902886487
228.29,0.0180127407866382
228.3,0.0180841093376318
228.31,0.0181553930836469
228.32,0.0182265891725365
228.33,0.0182976947441577
228.34,0.0183687069398237
228.35,0.0184396229016084
228.36,0.0185104397718804
228.37,0.0185811546935063
228.38,0.0186517648181279
228.39,0.0187222672933702
228.4,0.0187926592645762
228.41,0.018862937881865
228.42,0.0189331002973785
228.43,0.0190031436655183
228.44,0.0190730651397864
228.45,0.0191428618750109
228.46,0.0192125310350751
228.47,0.0192820697837207
228.48,0.0193514752878099
228.49,0.0194207447175396
228.5,0.0194898752455591
228.51,0.0195588640445589
228.52,0.019627708297533
228.53,0.0196964051888125
228.54,0.019764951906922
228.55,0.0198333456447805
228.56,0.0199015835999869
228.57,0.0199696629857881
228.58,0.0200375810046022
228.59,0.0201053348705571
228.6,0.020172921803403
228.61,0.0202403390287272
228.62,0.0203075837781662
228.63,0.020374653289622
228.64,0.0204415448093926
228.65,0.0205082555904344
228.66,0.0205747828897707
228.67,0.0206411239732161
228.68,0.0207072761140132
228.69,0.0207732365930548
228.7,0.0208390026991012
228.71,0.0209045717290002
228.72,0.0209699409738997
228.73,0.021035107752717
228.74,0.0211000693862827
228.75,0.0211648232035018
228.76,0.021229366542141
228.77,0.0212936967490312
228.78,0.0213578111802686
228.79,0.0214217071976229
228.8,0.0214853821710592
228.81,0.0215488334882548
228.82,0.0216120585427405
228.83,0.0216750547380985
228.84,0.0217378194881519
228.85,0.0218003502171539
228.86,0.0218626443599763
228.87,0.0219246993658822
228.88,0.0219865126905566
228.89,0.0220480818021096
228.9,0.0221094041804618
228.91,0.022170477317186
228.92,0.0222312987157011
228.93,0.0222918658914645
228.94,0.0223521763693136
228.95,0.0224122276838418
228.96,0.0224720173904277
228.97,0.0225315430531621
228.98,0.0225908022489471
228.99,0.0226497925676773
229,0.0227085116124244
229.01,0.0227669569996182
229.02,0.0228251263344503
229.03,0.0228830172646855
229.04,0.0229406274474579
229.05,0.0229979545493135
229.06,0.0230549962503975
229.07,0.0231117502446009
229.08,0.0231682142397038
229.09,0.0232243859552897
229.1,0.0232802631214267
229.11,0.023335843491427
229.12,0.0233911248288047
229.13,0.023446104911523
229.14,0.0235007815321289
229.15,0.0235551524978894
229.16,0.0236092156309267
229.17,0.0236629687731328
229.18,0.0237164097827437
229.19,0.0237695365240071
229.2,0.0238223468816532
229.21,0.0238748387561826
229.22,0.0239270100640149
229.23,0.0239788587376379
229.24,0.0240303827257552
229.25,0.0240815799755628
229.26,0.0241324484592039
229.27,0.0241829861809746
229.28,0.0242331911508324
229.29,0.0242830613950424
229.3,0.0243325949562908
229.31,0.0243817898937966
229.32,0.0244306442834266
229.33,0.0244791561784407
229.34,0.0245273236850818
229.35,0.0245751449348635
229.36,0.024622618062475
229.37,0.0246697412186893
229.38,0.0247165125704166
229.39,0.0247629303007554
229.4,0.0248089926090444
229.41,0.0248546977312291
229.42,0.0249000438948423
229.43,0.0249450293485655
229.44,0.024989652360996
229.45,0.0250339112177052
229.46,0.025077804221316
229.47,0.0251213296915801
229.48,0.0251644859654563
229.49,0.025207271431047
229.5,0.0252496844451773
229.51,0.0252917234009206
229.52,0.0253333867101611
229.53,0.0253746728030398
229.54,0.0254155801280662
229.55,0.0254561071522326
229.56,0.0254962523508626
229.57,0.0255360141275538
229.58,0.0255753910537051
229.59,0.0256143816556058
229.6,0.0256529844765093
229.61,0.0256911980766287
229.62,0.0257290210331325
229.63,0.0257664519401419
229.64,0.0258034893915914
229.65,0.0258401319575355
229.66,0.0258763783138526
229.67,0.0259122271119769
229.68,0.0259476770189661
229.69,0.0259827267174284
229.7,0.0260173749054486
229.71,0.0260516202965142
229.72,0.0260854616194422
229.73,0.0261188977835584
229.74,0.0261519274689202
229.75,0.0261845494688227
229.76,0.0262167625958134
229.77,0.0262485656801597
229.78,0.026279957569916
229.79,0.0263109371309922
229.8,0.0263415032472209
229.81,0.0263716548538808
229.82,0.0264013908704175
229.83,0.0264307102308692
229.84,0.0264596118980004
229.85,0.0264880948536328
229.86,0.0265161580987547
229.87,0.026543800653629
229.88,0.0265710215579038
229.89,0.0265978196961883
229.9,0.026624193978397
229.91,0.0266501436088578
229.92,0.0266756676508366
229.93,0.0267007651807441
229.94,0.0267254352878893
229.95,0.0267496770742303
229.96,0.0267734896541265
229.97,0.0267968721772521
229.98,0.0268198238839197
229.99,0.0268423438707291
230,0.0268644313161786
230.01,0.0268860854120625
230.02,0.0269073053633374
230.03,0.0269280903879875
230.04,0.026948439716891
230.05,0.0269683525936859
230.06,0.0269878286867023
230.07,0.0270068670905068
230.08,0.0270254671217338
230.09,0.0270436281342305
230.1,0.0270613495011623
230.11,0.0270786306152505
230.12,0.0270954708890087
230.13,0.0271118697549812
230.14,0.0271278263919669
230.15,0.0271433402480196
230.16,0.0271584108640951
230.17,0.0271730376979935
230.18,0.0271872202217752
230.19,0.0272009579216362
230.2,0.0272142502977827
230.21,0.0272270968643065
230.22,0.0272394970145149
230.23,0.027251450091928
230.24,0.0272629557173907
230.25,0.0272740133828846
230.26,0.0272846225820792
230.27,0.0272947828094634
230.28,0.0273044935594764
230.29,0.0273137549270441
230.3,0.0273225663179736
230.31,0.0273309272863906
230.32,0.0273388374760413
230.33,0.0273462965494139
230.34,0.0273533041883164
230.35,0.0273598601142382
230.36,0.0273659641039746
230.37,0.0273716158716251
230.38,0.0273768151839935
230.39,0.0273815618269402
230.4,0.0273858556053816
230.41,0.0273896960457887
230.42,0.027393082748734
230.43,0.0273960156706696
230.44,0.0273984945868989
230.45,0.027400519281869
230.46,0.0274020895491711
230.47,0.0274032048289347
230.48,0.0274038649232073
230.49,0.0274040696557191
230.5,0.0274038187714861
230.51,0.0274031120168663
230.52,0.0274019491433157
230.53,0.0274003307919723
230.54,0.0273982563692617
230.55,0.0273957257679104
230.56,0.0273927388958776
230.57,0.0273892956763552
230.58,0.0273853960680316
230.59,0.0273810401027719
230.6,0.0273762277190964
230.61,0.0273709589179537
230.62,0.0273652337171449
230.63,0.0273590521513234
230.64,0.0273524139164568
230.65,0.0273453186899877
230.66,0.0273377667094
230.67,0.0273297579346166
230.68,0.0273212923290336
230.69,0.0273123698595202
230.7,0.0273029903708921
230.71,0.0272931538169017
230.72,0.0272828601823641
230.73,0.0272721094160253
230.74,0.0272609014671569
230.75,0.0272492362855556
230.76,0.0272371144880034
230.77,0.027224535811473
230.78,0.0272115002919368
230.79,0.0271980080014542
230.8,0.0271840590233749
230.81,0.0271696534570078
230.82,0.027154791443524
230.83,0.0271394730863147
230.84,0.0271236985203788
230.85,0.0271074678926321
230.86,0.027090781361907
230.87,0.0270736388928905
230.88,0.0270560402024379
230.89,0.0270379856695407
230.9,0.0270194753826182
230.91,0.0270005094308129
230.92,0.0269810879039904
230.93,0.0269612108427711
230.94,0.0269408782980026
230.95,0.0269200903779177
230.96,0.026898847157752
230.97,0.0268771487118326
230.98,0.0268549951135787
230.99,0.026832386814777
231,0.0268093239359291
231.01,0.0267858065273066
231.02,0.0267618347525545
231.03,0.0267374087829926
231.04,0.0267125287976158
231.05,0.0266871949529641
231.06,0.0266614074514519
231.07,0.0266351664919214
231.08,0.026608472278398
231.09,0.0265813250220727
231.1,0.026553724884201
231.11,0.0265256715099667
231.12,0.0264971653792108
231.13,0.0264682066387268
231.14,0.0264387954338543
231.15,0.0264089319084788
231.16,0.0263786162050317
231.17,0.0263478483506312
231.18,0.0263166285308878
231.19,0.0262849568686677
231.2,0.0262528334828762
231.21,0.0262202584894478
231.22,0.0261872320013454
231.23,0.0261537544832501
231.24,0.0261198259675314
231.25,0.02608544657576
231.26,0.0260506164734652
231.27,0.0260153358287846
231.28,0.0259796048124652
231.29,0.0259434237056441
231.3,0.0259067926893725
231.31,0.0258697119356029
231.32,0.0258321816488774
231.33,0.0257942020383917
231.34,0.0257557733179943
231.35,0.0257168953425279
231.36,0.025677568187526
231.37,0.0256377921589228
231.38,0.0255975673924813
231.39,0.0255568940200637
231.4,0.0255157721696307
231.41,0.0254742017045174
231.42,0.0254321824995824
231.43,0.02538971478642
231.44,0.0253467985888052
231.45,0.0253034339186897
231.46,0.0252596207762015
231.47,0.0252153594924059
231.48,0.0251706506696745
231.49,0.0251254939925451
231.5,0.0250798895724468
231.51,0.0250338375233277
231.52,0.0249873379616544
231.53,0.024940391023511
231.54,0.0248929968915827
231.55,0.0248451556632752
231.56,0.0247968674772237
231.57,0.0247481324756869
231.58,0.0246989508045484
231.59,0.0246493225102692
231.6,0.0245992468480796
231.61,0.024548724357914
231.62,0.0244977550531615
231.63,0.0244463389372388
231.64,0.024394476003592
231.65,0.0243421662354431
231.66,0.0242894095249832
231.67,0.0242362058699428
231.68,0.0241825552124235
231.69,0.0241284574834827
231.7,0.0240739126031347
231.71,0.0240189204803504
231.72,0.0239634815795844
231.73,0.023907595652943
231.74,0.0238512626109636
231.75,0.023794482419286
231.76,0.023737255041226
231.77,0.0236795804377752
231.78,0.0236214586200942
231.79,0.0235628895450602
231.8,0.0235038731643008
231.81,0.0234444094406236
231.82,0.0233844983354819
231.83,0.0233241398089764
231.84,0.0232633334189089
231.85,0.0232020789810871
231.86,0.0231403765286557
231.87,0.0230782259126015
231.88,0.0230156269733959
231.89,0.0229525795409961
231.9,0.0228890833721282
231.91,0.0228251382101554
231.92,0.0227607438684419
231.93,0.0226959001049999
231.94,0.0226306066642321
231.95,0.0225648634326126
231.96,0.0224986703944331
231.97,0.0224320271833345
231.98,0.0223649335837323
231.99,0.0222973893763119
232,0.0222293944224545
232.01,0.0221609487330538
232.02,0.0220920520106764
232.03,0.0220227040904219
232.04,0.0219529048109874
232.05,0.0218826539288269
232.06,0.021811950864529
232.07,0.021740795592689
232.08,0.021669187859874
232.09,0.0215971274048698
232.1,0.0215246139037941
232.11,0.0214516464784389
232.12,0.0213782250262074
232.13,0.0213043491218105
232.14,0.0212300183178222
232.15,0.021155232148834
232.16,0.0210799906674187
232.17,0.0210042931919576
232.18,0.0209281392948737
232.19,0.020851528538284
232.2,0.0207744604740018
232.21,0.0206969359336665
232.22,0.0206189542324999
232.23,0.0205405150855708
232.24,0.0204616183195766
232.25,0.0203822637823278
232.26,0.0203024504299086
232.27,0.020222178127899
232.28,0.0201414467079806
232.29,0.02006025584547
232.3,0.0199786052110012
232.31,0.0198964941172046
232.32,0.0198139220593302
232.33,0.0197308886348078
232.34,0.0196473933214212
232.35,0.0195634357965189
232.36,0.0194790157326872
232.37,0.0193941325446731
232.38,0.0193087857584202
232.39,0.0192229753011429
232.4,0.0191367015877622
232.41,0.0190499640677733
232.42,0.0189627626375368
232.43,0.0188750971085548
232.44,0.0187869668453798
232.45,0.0186983719420931
232.46,0.0186093122434714
232.47,0.0185197875706693
232.48,0.0184297970728835
232.49,0.018339340746508
232.5,0.0182484182737692
232.51,0.0181570293231037
232.52,0.0180651741321321
232.53,0.0179728523341494
232.54,0.0178800637065128
232.55,0.0177868080738462
232.56,0.0176930859798437
232.57,0.0175988975133913
232.58,0.0175042426660963
232.59,0.0174091216297784
232.6,0.017313534591811
232.61,0.0172174817945397
232.62,0.0171209635714066
232.63,0.01702398027732
232.64,0.0169265321634021
232.65,0.0168286193551177
232.66,0.0167302422913539
232.67,0.0166314013171023
232.68,0.0165320970124021
232.69,0.0164323297641215
232.7,0.0163321000589161
232.71,0.016231408889606
232.72,0.0161302574801244
232.73,0.0160286465807534
232.74,0.0159265772850013
232.75,0.0158240509142893
232.76,0.0157210687499668
232.77,0.015617632226667
232.78,0.0155137426467009
232.79,0.0154094014349473
232.8,0.0153046102559366
232.81,0.0151993707920446
232.82,0.0150936849032517
232.83,0.0149875544191263
232.84,0.0148809812960611
232.85,0.0147739682019616
232.86,0.0146665176234622
232.87,0.0145586320129667
232.88,0.014450314222275
232.89,0.0143415676141581
232.9,0.0142323952411954
232.91,0.0141228005078326
232.92,0.0140127871673035
232.93,0.0139023590333928
232.94,0.013791520114425
232.95,0.013680274622472
232.96,0.0135686269494575
232.97,0.0134565816922197
232.98,0.0133441438014031
232.99,0.0132313185371956
233,0.0131181111911509
233.01,0.0130045278583345
233.02,0.0128905748700143
233.03,0.0127762586083668
233.04,0.0126615862727548
233.05,0.0125465652034118
233.06,0.0124312030679966
233.07,0.012315507754418
233.08,0.012199487649056
233.09,0.0120831514376278
233.1,0.0119665081421355
233.11,0.0118495671288939
233.12,0.0117323382736439
233.13,0.0116148324820692
233.14,0.0114970603735533
233.15,0.0113790335799154
233.16,0.0112607647825188
233.17,0.0111422664582277
233.18,0.0110235519815793
233.19,0.010904635334306
233.2,0.0107855309574707
233.21,0.010666253679698
233.22,0.010546818902002
233.23,0.0104272426612438
233.24,0.0103075418769496
233.25,0.0101877338104041
233.26,0.0100678362816427
233.27,0.00994786904995011
233.28,0.00982785141492017
233.29,0.00970780376228583
233.3,0.00958774763559776
233.31,0.00946770491343394
233.32,0.0093476983212934
233.33,0.009227751184261
233.34,0.00910788773222439
233.35,0.00898813291266312
233.36,0.00886851246655147
233.37,0.00874905281326192
233.38,0.00862978131069244
233.39,0.00851072616046232
233.4,0.00839191617393409
233.41,0.008273380931319
233.42,0.0081551508020268
233.43,0.00803725696187293
233.44,0.00791973095425122
233.45,0.00780260528620879
233.46,0.00768591319787068
233.47,0.00756968806841998
233.48,0.00745396444344805
233.49,0.00733877727139357
233.5,0.0072241610324945
233.51,0.0071101518489374
233.52,0.00699678581958857
233.53,0.00688409877490829
233.54,0.00677212784014851
233.55,0.00666090963498304
233.56,0.00655048019993215
233.57,0.00644087708079011
233.58,0.00633213653805572
233.59,0.00622429451320674
233.6,0.0061173880179343
233.61,0.00601145206718935
233.62,0.00590652185878726
233.63,0.0058026329901718
233.64,0.00569981811543067
233.65,0.00559811090965289
233.66,0.00549754449848595
233.67,0.005398148186682
233.68,0.00529995326664254
233.69,0.00520298906001394
233.7,0.00510728141511154
233.71,0.00501285762658793
233.72,0.0049197424714649
233.73,0.00482795761310721
233.74,0.00473752544600533
233.75,0.00464846542120313
233.76,0.00456079437511523
233.77,0.00447452904576253
233.78,0.00438968303807298
233.79,0.00430626788063958
233.8,0.00422429413305614
233.81,0.00414376938863639
233.82,0.00406469951432859
233.83,0.00398708869980561
233.84,0.00391093871014661
233.85,0.00383624952472099
233.86,0.00376301912472787
233.87,0.00369124392489851
233.88,0.00362091797517119
233.89,0.00355203363288801
233.9,0.00348458237172459
233.91,0.00341855279208672
233.92,0.0033539324116774
233.93,0.00329070823374147
233.94,0.00322886419500566
233.95,0.00316838375768574
233.96,0.00310924999506542
233.97,0.00305144353701815
233.98,0.00299494517680192
233.99,0.0029397337292386
234,0.00288578795654608
234.01,0.00283308571804852
234.02,0.00278160387655567
234.03,0.00273131981522497
234.04,0.00268220917521969
234.05,0.00263424858952825
234.06,0.00258741340250655
234.07,0.00254167916505367
234.08,0.00249702151259966
234.09,0.00245341541445261
234.1,0.00241083675180791
234.11,0.0023692604375463
234.12,0.002328662200016
234.13,0.00228901788701784
234.14,0.00225030304100796
234.15,0.00221249440073264
234.16,0.00217556807970068
234.17,0.0021395009670483
234.18,0.00210427035863701
234.19,0.00206985354874622
234.2,0.00203622869898834
234.21,0.00200337393695263
234.22,0.00197126801370825
234.23,0.00193989018669089
234.24,0.00190921992734419
234.25,0.00187923748633836
234.26,0.00184992326457719
234.27,0.00182125820719471
234.28,0.00179322389843843
234.29,0.00176580217666522
234.3,0.00173897541654135
234.31,0.00171272649451135
234.32,0.00168703870018889
234.33,0.00166189576357217
234.34,0.0016372818397478
234.35,0.00161318159242139
234.36,0.00158958002784793
234.37,0.00156646259636653
234.38,0.00154381523964563
234.39,0.0015216242078968
234.4,0.00149987623420743
234.41,0.00147855848486025
234.42,0.0014576584395993
234.43,0.00143716404859288
234.44,0.00141706363702282
234.45,0.00139734584480959
234.46,0.00137799950421767
234.47,0.00135901402512126
234.48,0.00134037906531811
234.49,0.00132208469105108
234.5,0.00130412128092223
234.51,0.00128647948786388
234.52,0.00126915030519342
234.53,0.00125212507718936
234.54,0.00123539541272378
234.55,0.0012189532340835
234.56,0.00120279074757411
234.57,0.00118690042279212
234.58,0.00117127503402458
234.59,0.00115590761369179
234.6,0.00114079146108793
234.61,0.00112592012966775
234.62,0.00111128741827395
234.63,0.00109688736884889
234.64,0.00108271428698201
234.65,0.00106876268050057
234.66,0.00105502729104925
234.67,0.00104150309225933
234.68,0.00102818529765236
234.69,0.00101506928770426
234.7,0.00100215066286309
234.71,0.000989425222434588
234.72,0.000976889001730987
234.73,0.000964538175353645
234.74,0.000952369118966934
234.75,0.00094037838663312
234.76,0.000928562677413167
234.77,0.000916918870248183
234.78,0.000905444010093467
234.79,0.00089413528775769
234.8,0.000882990032900455
234.81,0.000872005707604961
234.82,0.000861179921093656
234.83,0.000850510403019986
234.84,0.000839995006354222
234.85,0.00082963172807118
234.86,0.000819418640118905
234.87,0.000809353931993821
234.88,0.000799435892393084
234.89,0.000789662914349735
234.9,0.000780033470919619
234.91,0.00077054611803298
234.92,0.00076119949042396
234.93,0.000751992287861012
234.94,0.000742923273240936
234.95,0.000733991276931013
234.96,0.00072519517872181
234.97,0.000716533912838536
234.98,0.00070800648740796
234.99,0.000699611907621856
235,0.000691349227875703
235.01,0.000683217531044171
235.02,0.000675216018146248
235.03,0.000667343833156283
235.04,0.000659600150142078
235.05,0.000651984170694361
235.06,0.000644495144848429
235.07,0.000637132349978422
235.08,0.000629895026023787
235.09,0.000622782442396538
235.1,0.000615793877358445
235.11,0.00060892864548975
235.12,0.000602186018638804
235.13,0.000595565281444826
235.14,0.000589065712778139
235.15,0.000582686669462186
235.16,0.000576427442753845
235.17,0.000570287308761775
235.18,0.000564265550925285
235.19,0.000558361504360836
235.2,0.000552574556904809
235.21,0.000546903974618837
235.22,0.000541349073780645
235.23,0.000535909172366028
235.24,0.000530583623225196
235.25,0.000525371739439615
235.26,0.00052027285003118
235.27,0.000515286285410562
235.28,0.000510411294085649
235.29,0.000505647159397896
235.3,0.000500993183524767
235.31,0.000496448636315444
235.32,0.000492012860631497
235.33,0.00048768537793728
235.34,0.000483465499367661
235.35,0.000479352653401599
235.36,0.000475346072637521
235.37,0.00047144507976676
235.38,0.000467649071344043
235.39,0.000463957399598827
235.4,0.000460369550966601
235.41,0.00045688487670029
235.42,0.000453502786548779
235.43,0.00045022271545307
235.44,0.000447044124570451
235.45,0.000443966472547722
235.46,0.00044098924587305
235.47,0.000438111929523276
235.48,0.000435334043904646
235.49,0.000432655129413853
235.5,0.000430074723401394
235.51,0.000427592278514298
235.52,0.000425207369979431
235.53,0.000422919536753718
235.54,0.000420728402794513
235.55,0.000418633616065087
235.56,0.000416634777553369
235.57,0.000414731541898318
235.58,0.000412923507819636
235.59,0.000411210367557643
235.6,0.000409591806824465
235.61,0.000408067524042826
235.62,0.000406637224663171
235.63,0.000405300640015288
235.64,0.000404057512299556
235.65,0.000402907575795808
235.66,0.000401850571106479
235.67,0.000400886268377726
235.68,0.00040001443591018
235.69,0.000399234816773212
235.7,0.000398547180130513
235.71,0.000397951292336673
235.72,0.000397446923509249
235.73,0.000397033893735604
235.74,0.000396711968510292
235.75,0.000396480935603712
235.76,0.000396340558423419
235.77,0.000396290576845026
235.78,0.00039633076439173
235.79,0.000396460869407768
235.8,0.000396680597626704
235.81,0.000396989655369861
235.82,0.000397387734753971
235.83,0.000397874501269224
235.84,0.0003984496038011
235.85,0.000399112657812386
235.86,0.000399863253635787
235.87,0.000400700948757978
235.88,0.00040162526316462
235.89,0.000402635688570446
235.9,0.000403731676220871
235.91,0.000404912617590842
235.92,0.000406177863393789
235.93,0.000407526724851971
235.94,0.00040895845607206
235.95,0.000410472255723421
235.96,0.00041206726536224
235.97,0.00041374256575408
235.98,0.000415497178489593
235.99,0.000417330073097175
236,0.000419240135701859
236.01,0.000421226189187601
236.02,0.000423286991271112
236.03,0.000425421227604848
236.04,0.0004276275029544
236.05,0.000429904347366994
236.06,0.000432250231196259
236.07,0.000434663529708488
236.08,0.000437142538951429
236.09,0.00043968547998068
236.1,0.000442290530709092
236.11,0.000444955742729783
236.12,0.000447679101357542
236.13,0.000450458534704791
236.14,0.000453291910066595
236.15,0.000456176979996831
236.16,0.000459111435465275
236.17,0.000462092939397003
236.18,0.000465119057622508
236.19,0.000468187280761496
236.2,0.000471295044213746
236.21,0.000474439782550696
236.22,0.000477618806952852
236.23,0.000480829396599119
236.24,0.000484068794977029
236.25,0.000487334233928173
236.26,0.000490622873990833
236.27,0.000493931861234502
236.28,0.000497258324258215
236.29,0.000500599363583257
236.3,0.000503952069799557
236.31,0.000507313527212197
236.32,0.000510680812440365
236.33,0.000514051010407494
236.34,0.000517421224075209
236.35,0.000520788559165355
236.36,0.000524150149666362
236.37,0.00052750316236917
236.38,0.000530844791422693
236.39,0.000534172269499966
236.4,0.000537482868608981
236.41,0.000540773916753068
236.42,0.00054404279093554
236.43,0.000547286922633412
236.44,0.00055050381304325
236.45,0.000553691028575308
236.46,0.000556846207295195
236.47,0.000559967067930022
236.48,0.000563051399870645
236.49,0.000566097063708048
236.5,0.00056910202395871
236.51,0.000572064313672148
236.52,0.000574982038991336
236.53,0.000577853416936999
236.54,0.000580676744017976
236.55,0.00058345040537671
236.56,0.0005861728858503
236.57,0.000588842762846537
236.58,0.000591458710182219
236.59,0.000594019503406706
236.6,0.000596523992969572
236.61,0.000598971103929822
236.62,0.00060135988475596
236.63,0.000603689453544941
236.64,0.000605959008983865
236.65,0.000608167847229889
236.66,0.000610315343273703
236.67,0.000612400954323794
236.68,0.000614424221120366
236.69,0.000616384759167652
236.7,0.000618282258767663
236.71,0.000620116491755498
236.72,0.000621887292747563
236.73,0.000623594561298264
236.74,0.000625238272948777
236.75,0.000626818456482245
236.76,0.00062833519697236
236.77,0.000629788642944212
236.78,0.000631178993111582
236.79,0.000632506496486218
236.8,0.00063377145022282
236.81,0.000634974199685269
236.82,0.000636115134542079
236.83,0.000637194682249118
236.84,0.000638213311205382
236.85,0.000639171526374398
236.86,0.000640069865217875
236.87,0.000640908894317946
236.88,0.000641689207578123
236.89,0.000642411426064319
236.9,0.000643076193967931
236.91,0.000643684176064431
236.92,0.000644236053912249
236.93,0.000644732529680372
236.94,0.000645174320564796
236.95,0.000645562152595536
236.96,0.000645896773008447
236.97,0.000646178941019382
236.98,0.000646409419016722
236.99,0.000646588979038037
237,0.000646718399077402
237.01,0.000646798462060133
237.02,0.000646829951771278
237.03,0.00064681365255682
237.04,0.000646750348365872
237.05,0.000646640827933369
237.06,0.000646485884140286
237.07,0.000646286296436025
237.08,0.000646042848572625
237.09,0.00064575633003601
237.1,0.000645427516419078
237.11,0.000645057182270678
237.12,0.000644646091926507
237.13,0.000644195008473368
237.14,0.000643704686066154
237.15,0.000643175875742474
237.16,0.000642609315716692
237.17,0.000642005736538515
237.18,0.000641365869325294
237.19,0.000640690429868585
237.2,0.000639980125624298
237.21,0.000639235658476191
237.22,0.000638457720529887
237.23,0.000637646993608742
237.24,0.00063680415259225
237.25,0.000635929863836376
237.26,0.000635024782541043
237.27,0.000634089555861925
237.28,0.000633124822680379
237.29,0.000632131211049434
237.3,0.000631109340065079
237.31,0.000630059819407918
237.32,0.000628983248909506
237.33,0.000627880218732854
237.34,0.000626751310915168
237.35,0.000625597096280125
237.36,0.000624418136397694
237.37,0.000623214988465001
237.38,0.000621988197599546
237.39,0.000620738300364585
237.4,0.000619465825056989
237.41,0.00061817129159709
237.42,0.000616855211721749
237.43,0.00061551808738404
237.44,0.000614160410833141
237.45,0.000612782667658827
237.46,0.000611385334672016
237.47,0.000609968881766314
237.48,0.000608533768614969
237.49,0.000607080447383609
237.5,0.000605609367306458
237.51,0.000604120966407182
237.52,0.000602615676271841
237.53,0.000601093921375774
237.54,0.000599556118901489
237.55,0.000598002680203513
237.56,0.000596434009665765
237.57,0.000594850502229031
237.58,0.000593252549041747
237.59,0.000591640533738293
237.6,0.000590014833913115
237.61,0.000588375820881355
237.62,0.000586723859420653
237.63,0.000585059308491082
237.64,0.000583382521751492
237.65,0.00058169384644994
237.66,0.000579993624444146
237.67,0.000578282191584406
237.68,0.000576559878486375
237.69,0.000574827010537911
237.7,0.000573083907805773
237.71,0.000571330885249009
237.72,0.00056956825277076
237.73,0.000567796315379644
237.74,0.000566015373207271
237.75,0.000564225721399457
237.76,0.000562427650864592
237.77,0.000560621447863143
237.78,0.000558807393995485
237.79,0.000556985764824652
237.8,0.000555156833569498
237.81,0.00055332086841729
237.82,0.000551478133271999
237.83,0.000549628887128889
237.84,0.000547773385678822
237.85,0.000545911880247511
237.86,0.000544044618158027
237.87,0.000542171844031206
237.88,0.000540293797416213
237.89,0.000538410714639504
237.9,0.000536522828450653
237.91,0.000534630367086539
237.92,0.000532733556234655
237.93,0.000530832617943685
237.94,0.000528927770844479
237.95,0.00052701922805628
237.96,0.000525107200943535
237.97,0.000523191897436344
237.98,0.000521273521807588
237.99,0.000519352275917195
238,0.000517428357752393
238.01,0.00051550196194054
238.02,0.000513573280185943
238.03,0.000511642501277144
238.04,0.000509709813656157
238.05,0.000507775399701655
238.06,0.000505839440248609
238.07,0.000503902113496366
238.08,0.000501963593031951
238.09,0.000500024047497126
238.1,0.00049808364743779
238.11,0.000496142558612067
238.12,0.000494200943968535
238.13,0.000492258965449066
238.14,0.000490316781323276
238.15,0.000488374546781666
238.16,0.000486432414959841
238.17,0.000484490536500485
238.18,0.000482549058389673
238.19,0.00048060812667191
238.2,0.000478667884451034
238.21,0.000476728472454503
238.22,0.000474790029116661
238.23,0.000472852690638789
238.24,0.000470916590835792
238.25,0.000468981861352769
238.26,0.000467048631650446
238.27,0.000465117028689249
238.28,0.000463187177467352
238.29,0.000461259201015492
238.3,0.000459333220182233
238.31,0.000457409353749131
238.32,0.000455487716773286
238.33,0.000453568424412825
238.34,0.000451651589005383
238.35,0.000449737320873553
238.36,0.000447825728349891
238.37,0.000445916916887686
238.38,0.000444010990671083
238.39,0.000442108052041031
238.4,0.000440208201176948
238.41,0.000438311536314644
238.42,0.000436418155347004
238.43,0.000434528154681007
238.44,0.000432641626789541
238.45,0.000430758663546319
238.46,0.000428879355199122
238.47,0.000427003790187172
238.48,0.000425132054659395
238.49,0.000423264234352341
238.5,0.00042140041300434
238.51,0.000419540672840047
238.52,0.000417685094601209
238.53,0.000415833752869976
238.54,0.000413986726380164
238.55,0.000412144090247768
238.56,0.00041030591790705
238.57,0.000408472281170782
238.58,0.000406643251927509
238.59,0.000404818899365757
238.6,0.000402999290774118
238.61,0.00040118449242947
238.62,0.000399374569185719
238.63,0.000397569583865341
238.64,0.000395769597619168
238.65,0.000393974671200942
238.66,0.000392184863457629
238.67,0.000390400231821316
238.68,0.000388620833231249
238.69,0.000386846727109267
238.7,0.000385077965932217
238.71,0.000383314603369921
238.72,0.000381556692074313
238.73,0.000379804283718724
238.74,0.000378057421374668
238.75,0.000376316155903252
238.76,0.000374580534148855
238.77,0.000372850601415862
238.78,0.00037112640173041
238.79,0.0003694079792866
238.8,0.000367695376199293
238.81,0.000365988632889662
238.82,0.000364287789067608
238.83,0.000362592883314939
238.84,0.000360903954215776
238.85,0.000359221040016983
238.86,0.000357544175860411
238.87,0.000355873396943587
238.88,0.000354208737583287
238.89,0.000352550230737795
238.9,0.000350897905780321
238.91,0.000349251795113603
238.92,0.000347611928643081
238.93,0.000345978335310908
238.94,0.000344351043105762
238.95,0.000342730079091665
238.96,0.000341115469377136
238.97,0.000339507239153754
238.98,0.00033790541270117
238.99,0.000336310013395945
239,0.000334721064073264
239.01,0.00033313858859019
239.02,0.000331562607105621
239.03,0.000329993140164434
239.04,0.00032843020757661
239.05,0.000326873828435837
239.06,0.000325324020231053
239.07,0.000323780799198437
239.08,0.000322244182659534
239.09,0.000320714186344102
239.1,0.000319190825242299
239.11,0.00031767411361492
239.12,0.000316164064375525
239.13,0.000314660690106942
239.14,0.000313164002909189
239.15,0.000311674013943317
239.16,0.000310190733644976
239.17,0.000308714171731325
239.18,0.00030724434049577
239.19,0.000305781247673477
239.2,0.00030432490158502
239.21,0.000302875310183173
239.22,0.000301432480905724
239.23,0.000299996420379534
239.24,0.000298567133211242
239.25,0.000297144625868861
239.26,0.000295728903347046
239.27,0.00029431997011964
239.28,0.000292917830151057
239.29,0.000291522485518487
239.3,0.000290133937057506
239.31,0.00028875218764406
239.32,0.000287377238300225
239.33,0.00028600908942275
239.34,0.000284647740782027
239.35,0.000283293194952221
239.36,0.000281945451527038
239.37,0.000280604508468482
239.38,0.000279270364398674
239.39,0.000277943017525444
239.4,0.000276622465655977
239.41,0.000275308706403471
239.42,0.000274001736907854
239.43,0.000272701553850322
239.44,0.000271408153656068
239.45,0.000270121532431338
239.46,0.000268841685977987
239.47,0.000267568607626325
239.48,0.000266302291129675
239.49,0.000265042731669281
239.5,0.000263789922930164
239.51,0.000262543858198328
239.52,0.000261304530363923
239.53,0.000260071932067323
239.54,0.000258846055547466
239.55,0.000257626892501775
239.56,0.000256414434344593
239.57,0.000255208672122451
239.58,0.000254009596518099
239.59,0.000252817199226573
239.6,0.000251631471868601
239.61,0.000250452403702509
239.62,0.000249279984812596
239.63,0.000248114205071463
239.64,0.000246955054153099
239.65,0.000245802519724871
239.66,0.000244656588253158
239.67,0.000243517249574742
239.68,0.000242384491470342
239.69,0.000241258301387552
239.7,0.000240138666440175
239.71,0.000239025575148863
239.72,0.000237919017387641
239.73,0.000236818978138156
239.74,0.000235725444215001
239.75,0.000234638402203428
239.76,0.000233557838459372
239.77,0.000232483737925973
239.78,0.0002314160868111
239.79,0.000230354870613084
239.8,0.000229300074524364
239.81,0.000228251683484829
239.82,0.000227209684343538
239.83,0.000226174063681524
239.84,0.000225144805014565
239.85,0.000224121893184
239.86,0.00022310531286835
239.87,0.000222095048421648
239.88,0.000221091081555218
239.89,0.000220093397378417
239.9,0.000219101979416362
239.91,0.000218116810979723
239.92,0.000217137875164714
239.93,0.000216165157331809
239.94,0.000215198641199104
239.95,0.000214238308958567
239.96,0.000213284143651892
239.97,0.000212336128184371
239.98,0.000211394245588569
239.99,0.000210458480188589
240,0.000209528814690452
240.01,0.000208605232331803
